Position 1:	T=0	G=0	C=0	-=0	A=0	
Position 2:	T=0	G=0	C=0	-=0	A=0	
Position 3:	T=0	G=0	C=0	-=0	A=0	
Position 4:	T=0	G=0	C=0	-=0	A=0	
Position 5:	T=0	G=0	C=0	-=0	A=0	
Position 6:	T=0	G=0	C=0	-=0	A=0	
Position 7:	T=0	G=0	C=0	-=0	A=0	
Position 8:	T=0	G=0	C=0	-=0	A=0	
Position 9:	T=0	G=0	C=0	-=0	A=0	
Position 10:	T=0	G=0	C=0	-=0	A=0	
Position 11:	T=0	G=0	C=0	-=0	A=0	
Position 12:	T=0	G=0	C=0	-=0	A=0	
Position 13:	T=0	G=0	C=0	-=0	A=0	
Position 14:	T=0	G=0	C=0	-=0	A=0	
Position 15:	T=0	G=0	C=0	-=0	A=0	
Position 16:	T=0	G=0	C=0	-=0	A=0	
Position 17:	T=0	G=0	C=0	-=0	A=0	
Position 18:	T=1	G=0	-=0	A=0	C=0	
Position 19:	T=0	G=0	-=0	A=0	C=1	
Position 20:	T=2	G=0	-=0	A=0	C=0	
Position 21:	T=0	G=0	-=0	A=2	C=0	
Position 22:	T=0	G=0	-=0	A=2	C=0	
Position 23:	T=2	G=0	-=0	A=0	C=0	
Position 24:	T=0	G=0	-=0	A=2	C=0	
Position 25:	T=0	G=0	-=0	A=2	C=0	
Position 26:	T=2	G=0	-=0	A=0	C=0	
Position 27:	T=0	G=0	-=0	A=2	C=0	
Position 28:	T=0	G=0	-=0	A=4	C=0	
Position 29:	T=0	G=0	-=0	A=4	C=0	
Position 30:	T=0	G=0	-=0	A=5	C=0	
Position 31:	T=0	G=8	-=0	A=0	C=0	
Position 32:	T=1	G=0	-=0	A=0	C=8	
Position 33:	T=3	G=0	-=0	A=0	C=8	
Position 34:	T=3	G=0	-=0	A=0	C=14	
Position 35:	T=0	G=0	-=0	A=17	C=0	
Position 36:	T=0	G=0	-=0	A=18	C=0	
Position 37:	T=0	G=18	-=0	A=0	C=0	
Position 38:	T=22	G=0	-=0	A=0	C=0	
Position 39:	T=1	G=0	-=0	A=0	C=23	
Position 40:	T=24	G=0	-=0	A=0	C=0	
Position 41:	T=25	G=0	-=0	A=0	C=0	
Position 42:	T=28	G=0	-=0	A=0	C=0	
Position 43:	T=28	G=0	-=0	A=0	C=0	
Position 44:	T=30	G=0	-=0	A=0	C=0	
Position 45:	T=0	G=0	-=0	A=31	C=0	
Position 46:	T=32	G=0	-=0	A=0	C=0	
Position 47:	T=32	G=0	-=0	A=0	C=0	
Position 48:	T=34	G=0	-=0	A=0	C=0	
Position 49:	T=0	G=0	-=0	A=36	C=0	
Position 50:	T=3	G=0	-=0	A=0	C=34	
Position 51:	T=0	G=0	-=0	A=0	C=37	
Position 52:	T=0	G=37	-=0	A=0	C=0	
Position 53:	T=0	G=0	-=0	A=38	C=0	
Position 54:	T=0	G=0	-=0	A=39	C=0	
Position 55:	T=0	G=0	-=0	A=40	C=0	
Position 56:	T=0	G=0	-=0	A=42	C=0	
Position 57:	T=0	G=0	-=0	A=44	C=0	
Position 58:	T=0	G=45	-=0	A=0	C=0	
Position 59:	T=43	G=0	-=0	A=0	C=0	
Position 60:	T=0	G=0	-=0	A=41	C=0	
Position 61:	T=2	G=0	-=0	A=0	C=39	
Position 62:	T=0	G=41	-=0	A=0	C=0	
Position 63:	T=0	G=0	-=0	A=40	C=0	
Position 64:	T=0	G=0	-=0	A=39	C=0	
Position 65:	T=0	G=0	-=0	A=39	C=0	
Position 66:	T=0	G=36	-=0	A=3	C=0	
Position 67:	T=0	G=0	-=0	A=38	C=0	
Position 68:	T=0	G=0	-=0	A=38	C=0	
Position 69:	T=0	G=0	-=0	A=0	C=38	
Position 70:	T=37	G=0	-=0	A=0	C=0	
Position 71:	T=0	G=36	-=0	A=0	C=0	
Position 72:	T=0	G=0	-=0	A=0	C=36	
Position 73:	T=36	G=0	-=0	A=0	C=0	
Position 74:	T=0	G=0	-=0	A=35	C=0	
Position 75:	T=0	G=0	-=0	A=35	C=0	
Position 76:	T=33	G=0	-=0	A=0	C=0	
Position 77:	T=32	G=0	-=0	A=0	C=0	
Position 78:	T=0	G=0	-=0	A=0	C=30	
Position 79:	T=0	G=0	-=0	A=30	C=0	
Position 80:	T=29	G=0	-=0	A=0	C=0	
Position 81:	T=0	G=29	-=0	A=0	C=0	
Position 82:	T=0	G=0	-=0	A=0	C=28	
Position 83:	T=0	G=23	-=0	A=2	C=0	
Position 84:	T=23	G=0	-=0	A=0	C=0	
Position 85:	T=0	G=0	-=0	A=0	C=23	
Position 86:	T=0	G=0	-=0	A=0	C=23	
Position 87:	T=0	G=0	-=0	A=22	C=0	
Position 88:	T=21	G=0	-=0	A=0	C=0	
Position 89:	T=0	G=21	-=0	A=0	C=0	
Position 90:	T=0	G=0	-=0	A=0	C=19	
Position 91:	T=0	G=0	-=0	A=19	C=0	
Position 92:	T=17	G=0	-=0	A=0	C=0	
Position 93:	T=0	G=0	-=0	A=16	C=0	
Position 94:	T=0	G=0	-=0	A=15	C=0	
Position 95:	T=0	G=0	-=0	A=15	C=0	
Position 96:	T=0	G=0	-=0	A=15	C=0	
Position 97:	T=15	G=0	-=0	A=0	C=0	
Position 98:	T=0	G=0	-=0	A=0	C=15	
Position 99:	T=0	G=13	-=0	A=0	C=0	
Position 100:	T=12	G=0	-=0	A=0	C=0	
Position 101:	T=0	G=11	-=0	A=0	C=0	
Position 102:	T=0	G=10	-=0	A=1	C=0	
Position 103:	T=0	G=0	-=0	A=0	C=11	
Position 104:	T=11	G=0	-=0	A=0	C=0	
Position 105:	T=11	G=0	-=0	A=0	C=0	
Position 106:	T=11	G=0	-=0	A=0	C=0	
Position 107:	T=10	G=0	-=0	A=0	C=0	
Position 108:	T=10	G=0	-=0	A=0	C=0	
Position 109:	T=0	G=0	-=0	A=0	C=9	
Position 110:	T=0	G=0	-=0	A=9	C=0	
Position 111:	T=0	G=0	-=0	A=8	C=0	
Position 112:	T=0	G=0	-=0	A=0	C=8	
Position 113:	T=6	G=0	-=0	A=0	C=0	
Position 114:	T=5	G=0	-=0	A=0	C=0	
Position 115:	T=4	G=0	-=0	A=0	C=0	
Position 116:	T=4	G=0	-=0	A=0	C=0	
Position 117:	T=0	G=0	-=0	A=4	C=0	
Position 118:	T=0	G=0	-=0	A=3	C=0	
Position 119:	T=0	G=0	-=0	A=3	C=0	
Position 120:	T=0	G=3	-=0	A=0	C=0	
Position 121:	T=0	G=3	-=0	A=0	C=0	
Position 122:	T=0	G=0	-=0	A=3	C=0	
Position 123:	T=3	G=0	-=0	A=0	C=0	
Position 124:	T=0	G=3	-=0	A=0	C=0	
Position 125:	T=0	G=3	-=0	A=0	C=0	
Position 126:	T=0	G=0	-=0	A=3	C=0	
Position 127:	T=0	G=0	-=0	A=3	C=0	
Position 128:	T=0	G=3	-=0	A=0	C=0	
Position 129:	T=3	G=0	-=0	A=0	C=0	
Position 130:	T=0	G=0	-=0	A=3	C=0	
Position 131:	T=0	G=0	-=0	A=3	C=0	
Position 132:	T=2	G=0	-=0	A=0	C=0	
Position 133:	T=0	G=0	-=0	A=0	C=1	
Position 134:	T=0	G=0	-=0	A=0	C=1	
Position 135:	T=0	G=0	-=0	A=1	C=0	
Position 136:	T=1	G=0	-=0	A=0	C=0	
Position 137:	T=1	G=0	-=0	A=0	C=0	
Position 138:	T=0	G=1	-=0	A=0	C=0	
Position 139:	T=0	G=1	-=0	A=0	C=0	
Position 140:	T=1	G=0	-=0	A=0	C=0	
Position 141:	T=0	G=0	-=0	A=0	C=1	
Position 142:	T=1	G=0	-=0	A=0	C=0	
Position 143:	T=1	G=0	-=0	A=0	C=0	
Position 144:	T=0	G=0	-=0	A=1	C=0	
Position 145:	T=0	G=1	-=0	A=0	C=0	
Position 146:	T=0	G=1	-=0	A=0	C=0	
Position 147:	T=0	G=0	-=0	A=1	C=0	
Position 148:	T=0	G=0	-=0	A=1	C=0	
Position 149:	T=0	G=0	-=0	A=0	C=1	
Position 150:	T=0	G=0	-=0	A=0	C=1	
Position 151:	T=0	G=0	-=0	A=66	C=0	
Position 152:	T=0	G=0	-=0	A=66	C=0	
Position 153:	T=0	G=0	-=0	A=68	C=0	
Position 154:	T=0	G=0	-=0	A=67	C=0	
Position 155:	T=0	G=0	-=0	A=63	C=0	
Position 156:	T=0	G=0	-=0	A=64	C=0	
Position 157:	T=66	G=0	-=0	A=0	C=0	
Position 158:	T=66	G=0	-=0	A=0	C=0	
Position 159:	T=0	G=63	-=0	A=1	C=0	
Position 160:	T=0	G=64	-=0	A=0	C=0	
Position 161:	T=66	G=0	-=0	A=1	C=0	
Position 162:	T=0	G=64	-=0	A=3	C=0	
Position 163:	T=2	G=0	-=0	A=0	C=66	
Position 164:	T=0	G=0	-=0	A=66	C=0	
Position 165:	T=0	G=0	-=0	A=67	C=0	
Position 166:	T=1	G=0	-=0	A=0	C=65	
Position 167:	T=64	G=0	-=0	A=0	C=0	
Position 168:	T=0	G=0	-=0	A=0	C=64	
Position 169:	T=0	G=0	-=0	A=0	C=63	
Position 170:	T=0	G=0	-=0	A=63	C=0	
Position 171:	T=1	G=0	-=0	A=61	C=0	
Position 172:	T=0	G=0	-=0	A=62	C=0	
Position 173:	T=61	G=0	-=0	A=0	C=0	
Position 174:	T=0	G=0	-=0	A=62	C=0	
Position 175:	T=0	G=0	-=0	A=63	C=0	
Position 176:	T=0	G=0	-=0	A=63	C=0	
Position 177:	T=0	G=0	-=0	A=64	C=0	
Position 178:	T=0	G=63	-=0	A=1	C=0	
Position 179:	T=63	G=0	-=0	A=0	C=0	
Position 180:	T=0	G=0	-=0	A=61	C=0	
Position 181:	T=0	G=0	-=0	A=60	C=0	
Position 182:	T=58	G=0	-=0	A=0	C=0	
Position 183:	T=3	G=0	-=0	A=0	C=58	
Position 184:	T=0	G=0	-=0	A=61	C=0	
Position 185:	T=0	G=0	-=0	A=63	C=0	
Position 186:	T=63	G=0	-=0	A=0	C=0	
Position 187:	T=64	G=0	-=0	A=0	C=0	
Position 188:	T=65	G=0	-=0	A=0	C=0	
Position 189:	T=0	G=61	-=0	A=2	C=0	
Position 190:	T=59	G=0	-=0	A=0	C=0	
Position 191:	T=59	G=0	-=0	A=0	C=0	
Position 192:	T=59	G=0	-=0	A=0	C=0	
Position 193:	T=0	G=0	-=0	A=57	C=0	
Position 194:	T=0	G=0	-=0	A=0	C=57	
Position 195:	T=57	G=0	-=0	A=0	C=0	
Position 196:	T=56	G=0	-=0	A=0	C=0	
Position 197:	T=1	G=0	-=0	A=0	C=54	
Position 198:	T=0	G=0	-=0	A=0	C=54	
Position 199:	T=52	G=0	-=0	A=0	C=0	
Position 200:	T=0	G=0	-=0	A=0	C=52	
Position 201:	T=50	G=0	-=0	A=0	C=0	
Position 202:	T=0	G=0	-=0	A=50	C=0	
Position 203:	T=50	G=0	-=0	A=0	C=0	
Position 204:	T=49	G=0	-=0	A=0	C=0	
Position 205:	T=0	G=0	-=0	A=48	C=0	
Position 206:	T=44	G=0	-=0	A=1	C=0	
Position 207:	T=0	G=0	-=0	A=0	C=43	
Position 208:	T=0	G=0	-=0	A=43	C=0	
Position 209:	T=42	G=0	-=0	A=0	C=0	
Position 210:	T=0	G=0	-=0	A=42	C=0	
Position 211:	T=0	G=0	-=0	A=39	C=0	
Position 212:	T=0	G=0	-=0	A=0	C=36	
Position 213:	T=35	G=0	-=0	A=0	C=0	
Position 214:	T=35	G=0	-=0	A=0	C=0	
Position 215:	T=34	G=0	-=0	A=0	C=0	
Position 216:	T=0	G=29	-=0	A=3	C=0	
Position 217:	T=0	G=0	-=0	A=0	C=30	
Position 218:	T=28	G=0	-=0	A=0	C=0	
Position 219:	T=0	G=0	-=0	A=0	C=27	
Position 220:	T=0	G=0	-=0	A=25	C=0	
Position 221:	T=22	G=0	-=0	A=0	C=0	
Position 222:	T=0	G=0	-=0	A=18	C=0	
Position 223:	T=15	G=0	-=0	A=0	C=0	
Position 224:	T=15	G=0	-=0	A=0	C=0	
Position 225:	T=0	G=0	-=0	A=14	C=0	
Position 226:	T=0	G=0	-=0	A=13	C=0	
Position 227:	T=0	G=0	-=0	A=0	C=12	
Position 228:	T=0	G=10	-=0	A=0	C=0	
Position 229:	T=0	G=0	-=0	A=10	C=0	
Position 230:	T=10	G=0	-=0	A=0	C=0	
Position 231:	T=0	G=0	-=0	A=9	C=0	
Position 232:	T=0	G=0	-=0	A=0	C=9	
Position 233:	T=0	G=0	-=0	A=0	C=9	
Position 234:	T=0	G=8	-=0	A=0	C=0	
Position 235:	T=0	G=0	-=0	A=7	C=0	
Position 236:	T=7	G=0	-=0	A=0	C=0	
Position 237:	T=7	G=0	-=0	A=0	C=0	
Position 238:	T=0	G=0	-=0	A=7	C=0	
Position 239:	T=7	G=0	-=0	A=0	C=0	
Position 240:	T=0	G=0	-=0	A=0	C=7	
Position 241:	T=0	G=0	-=0	A=0	C=7	
Position 242:	T=7	G=0	-=0	A=0	C=0	
Position 243:	T=0	G=0	-=0	A=0	C=6	
Position 244:	T=0	G=0	-=0	A=5	C=0	
Position 245:	T=0	G=0	-=0	A=0	C=4	
Position 246:	T=0	G=0	-=0	A=0	C=4	
Position 247:	T=0	G=0	-=0	A=4	C=0	
Position 248:	T=0	G=2	-=0	A=1	C=0	
Position 249:	T=0	G=0	-=0	A=0	C=3	
Position 250:	A=2	N=0	C=0	-=0	G=29	T=0	
Position 251:	T=0	G=0	-=0	A=0	C=3	
Position 252:	T=3	G=0	-=0	A=0	C=0	
Position 253:	T=1	G=0	-=0	A=0	C=0	
Position 254:	T=0	G=0	-=0	A=0	C=1	
Position 255:	T=0	G=0	-=0	A=1	C=0	
Position 256:	T=0	G=0	-=0	A=1	C=0	
Position 257:	T=0	G=0	-=0	A=0	C=1	
Position 258:	T=0	G=0	-=0	A=1	C=0	
Position 259:	T=0	G=0	-=0	A=0	C=1	
Position 260:	A=21	N=0	C=1	-=0	G=0	T=0	
Position 261:	T=0	G=0	-=0	A=0	C=1	
Position 262:	T=0	G=0	-=0	A=1	C=0	
Position 263:	T=0	G=0	-=0	A=1	C=0	
Position 264:	T=0	G=0	-=0	A=1	C=0	
Position 265:	T=0	G=0	-=0	A=1	C=0	
Position 266:	T=0	G=0	-=0	A=1	C=0	
Position 267:	T=0	G=0	-=0	A=0	C=1	
Position 268:	T=0	G=0	-=0	A=1	C=0	
Position 269:	T=0	G=0	-=0	A=1	C=0	
Position 270:	T=0	G=0	-=0	A=1	C=0	
Position 271:	T=1	G=0	-=0	A=0	C=0	
Position 272:	T=0	G=0	-=0	A=0	C=1	
Position 273:	T=0	G=0	-=0	A=0	C=1	
Position 274:	T=1	G=0	-=0	A=0	C=0	
Position 275:	T=0	G=0	-=0	A=1	C=0	
Position 276:	T=0	G=0	-=0	A=0	C=1	
Position 277:	T=0	G=0	-=0	A=0	C=1	
Position 278:	T=0	G=0	-=0	A=0	C=1	
Position 279:	T=0	G=0	-=0	A=1	C=0	
Position 280:	T=0	G=0	-=0	A=0	C=3	
Position 281:	T=0	G=0	-=0	A=3	C=0	
Position 282:	T=0	G=0	-=0	A=2	C=0	
Position 283:	T=2	G=0	-=0	A=0	C=0	
Position 284:	T=0	G=0	-=0	A=2	C=0	
Position 285:	T=2	G=0	-=0	A=0	C=0	
Position 286:	T=0	G=2	-=0	A=0	C=0	
Position 287:	T=2	G=0	-=0	A=0	C=0	
Position 288:	T=0	G=0	-=0	A=2	C=0	
Position 289:	T=0	G=0	-=0	A=2	C=0	
Position 290:	T=0	G=0	-=0	A=1	C=0	
Position 291:	T=0	G=0	-=0	A=1	C=0	
Position 292:	T=0	G=0	-=0	A=1	C=0	
Position 293:	T=0	G=0	-=0	A=0	C=1	
Position 294:	T=1	G=0	-=0	A=0	C=0	
Position 295:	T=0	G=0	-=0	A=1	C=0	
Position 296:	T=0	G=0	-=0	A=0	C=1	
Position 297:	T=0	G=0	-=0	A=1	C=0	
Position 298:	A=2	N=0	C=0	-=0	G=7	T=0	
Position 299:	T=1	G=0	-=0	A=0	C=0	
Position 300:	T=0	G=0	-=0	A=0	C=1	
Position 301:	T=1	G=0	-=0	A=0	C=0	
Position 302:	T=0	G=0	-=0	A=0	C=1	
Position 303:	T=2	G=0	-=0	A=0	C=0	
Position 304:	T=2	G=0	-=0	A=0	C=0	
Position 305:	T=0	G=0	-=0	A=2	C=0	
Position 306:	T=1	G=0	-=0	A=0	C=0	
Position 307:	T=0	G=3	-=0	A=1	C=0	
Position 308:	T=0	G=0	-=0	A=0	C=3	
Position 309:	T=3	G=0	-=0	A=0	C=0	
Position 310:	T=3	G=0	-=0	A=0	C=0	
Position 311:	T=3	G=0	-=0	A=0	C=0	
Position 312:	T=0	G=0	-=0	A=0	C=3	
Position 313:	T=0	G=0	-=0	A=3	C=0	
Position 314:	T=2	G=0	-=0	A=0	C=0	
Position 315:	T=0	G=0	-=0	A=2	C=0	
Position 316:	T=0	G=1	-=0	A=8	C=0	
Position 317:	T=1	G=0	-=0	A=0	C=0	
Position 318:	T=0	G=0	-=0	A=0	C=1	
Position 319:	T=0	G=0	-=0	A=6	C=0	
Position 320:	T=0	G=5	-=0	A=1	C=0	
Position 321:	T=6	G=0	-=0	A=0	C=0	
Position 322:	T=0	G=0	-=0	A=5	C=0	
Position 323:	T=0	G=0	-=0	A=0	C=4	
Position 324:	T=0	G=0	-=0	A=0	C=4	
Position 325:	T=0	G=0	-=0	A=4	C=0	
Position 326:	T=4	G=0	-=0	A=0	C=0	
Position 327:	T=4	G=0	-=0	A=0	C=0	
Position 328:	T=0	G=0	-=0	A=0	C=3	
Position 329:	T=0	G=0	-=0	A=0	C=2	
Position 330:	T=0	G=0	-=0	A=0	C=2	
Position 331:	T=0	G=0	-=0	A=2	C=0	
Position 332:	T=1	G=0	-=0	A=0	C=0	
Position 333:	T=0	G=0	-=0	A=1	C=0	
Position 334:	T=0	G=1	-=0	A=0	C=0	
Position 335:	T=1	G=0	-=0	A=0	C=0	
Position 336:	T=0	G=0	-=0	A=1	C=0	
Position 337:	T=0	G=0	-=0	A=1	C=0	
Position 338:	T=1	G=0	-=0	A=0	C=0	
Position 339:	T=0	G=0	-=0	A=1	C=0	
Position 340:	T=1	G=0	-=0	A=0	C=0	
Position 341:	T=1	G=0	-=0	A=0	C=0	
Position 342:	T=0	G=0	-=0	A=0	C=1	
Position 343:	T=0	G=0	-=0	A=0	C=1	
Position 344:	T=1	G=0	-=0	A=0	C=0	
Position 345:	T=1	G=0	-=0	A=0	C=0	
Position 346:	T=1	G=0	-=0	A=0	C=0	
Position 347:	T=0	G=0	-=0	A=1	C=0	
Position 348:	T=0	G=0	-=0	A=0	C=1	
Position 349:	T=1	G=0	-=0	A=0	C=0	
Position 350:	T=0	G=0	-=0	A=0	C=1	
Position 351:	T=0	G=0	-=0	A=1	C=0	
Position 352:	T=0	G=1	-=0	A=0	C=0	
Position 353:	T=0	G=1	-=0	A=0	C=0	
Position 354:	T=0	G=1	-=0	A=0	C=0	
Position 355:	T=0	G=0	-=0	A=0	C=1	
Position 356:	T=0	G=0	-=0	A=1	C=0	
Position 357:	T=0	G=0	-=0	A=1	C=0	
Position 358:	T=0	G=1	-=0	A=0	C=0	
Position 359:	T=0	G=0	-=0	A=1	C=0	
Position 360:	T=0	G=0	-=0	A=1	C=0	
Position 361:	T=0	G=1	-=0	A=0	C=0	
Position 362:	T=1	G=0	-=0	A=0	C=0	
Position 363:	T=0	G=0	-=0	A=1	C=0	
Position 364:	T=0	G=0	-=0	A=1	C=0	
Position 365:	T=1	G=0	-=0	A=0	C=0	
Position 366:	T=3	G=0	-=0	A=0	C=0	
Position 367:	T=0	G=0	-=0	A=3	C=0	
Position 368:	T=3	G=0	-=0	A=0	C=0	
Position 369:	T=3	G=0	-=0	A=0	C=0	
Position 370:	T=3	G=0	-=0	A=0	C=0	
Position 371:	T=0	G=0	-=0	A=0	C=2	
Position 372:	T=0	G=0	-=0	A=2	C=0	
Position 373:	T=0	G=0	-=0	A=2	C=0	
Position 374:	T=0	G=0	-=0	A=2	C=0	
Position 375:	T=0	G=0	-=0	A=0	C=2	
Position 376:	T=1	G=0	-=0	A=0	C=0	
Position 377:	T=0	G=1	-=0	A=0	C=0	
Position 378:	T=0	G=0	-=0	A=1	C=0	
Position 379:	T=0	G=0	-=0	A=0	C=1	
Position 380:	T=0	G=0	-=0	A=1	C=0	
Position 381:	T=1	G=0	-=0	A=0	C=0	
Position 382:	T=1	G=0	-=0	A=0	C=0	
Position 383:	T=0	G=1	-=0	A=0	C=0	
Position 384:	T=0	G=0	-=0	A=1	C=0	
Position 385:	T=0	G=0	-=0	A=1	C=0	
Position 386:	T=1	G=0	-=0	A=0	C=0	
Position 387:	T=0	G=0	-=0	A=1	C=0	
Position 388:	T=0	G=0	-=0	A=1	C=0	
Position 389:	T=0	G=0	-=0	A=0	C=2	
Position 390:	T=2	G=0	-=0	A=0	C=0	
Position 391:	T=0	G=0	-=0	A=2	C=0	
Position 392:	T=2	G=0	-=0	A=0	C=0	
Position 393:	T=2	G=0	-=0	A=0	C=0	
Position 394:	T=0	G=0	-=0	A=0	C=2	
Position 395:	T=0	G=0	-=0	A=2	C=0	
Position 396:	T=0	G=0	-=0	A=2	C=0	
Position 397:	T=0	G=0	-=0	A=2	C=0	
Position 398:	T=0	G=0	-=0	A=0	C=2	
Position 399:	T=0	G=0	-=0	A=0	C=2	
Position 400:	T=0	G=0	-=0	A=0	C=2	
Position 401:	T=2	G=0	-=0	A=0	C=0	
Position 402:	T=0	G=0	-=0	A=2	C=0	
Position 403:	T=0	G=0	-=0	A=2	C=0	
Position 404:	T=0	G=0	-=0	A=2	C=0	
Position 405:	T=0	G=2	-=0	A=0	C=0	
Position 406:	T=0	G=0	-=0	A=0	C=2	
Position 407:	T=2	G=0	-=0	A=0	C=0	
Position 408:	T=0	G=0	-=0	A=2	C=0	
Position 409:	T=0	G=0	-=0	A=2	C=0	
Position 410:	T=0	G=0	-=0	A=0	C=1	
Position 411:	T=1	G=0	-=0	A=0	C=0	
Position 412:	T=0	G=0	-=0	A=0	C=1	
Position 413:	T=1	G=0	-=0	A=0	C=0	
Position 414:	T=0	G=0	-=0	A=1	C=0	
Position 415:	T=0	G=0	-=0	A=1	C=0	
Position 416:	T=0	G=1	-=0	A=0	C=0	
Position 417:	T=0	G=0	-=0	A=0	C=1	
Position 418:	T=1	G=0	-=0	A=0	C=0	
Position 419:	T=1	G=0	-=0	A=0	C=0	
Position 420:	T=1	G=0	-=0	A=0	C=0	
Position 421:	T=0	G=0	-=0	A=1	C=0	
Position 422:	T=0	G=0	-=0	A=1	C=0	
Position 423:	T=0	G=2	-=0	A=0	C=0	
Position 424:	T=0	G=0	-=0	A=0	C=2	
Position 425:	T=2	G=0	-=0	A=0	C=0	
Position 426:	T=0	G=0	-=0	A=2	C=0	
Position 427:	T=0	G=2	-=0	A=0	C=0	
Position 428:	T=0	G=0	-=0	A=2	C=0	
Position 429:	T=0	G=0	-=0	A=0	C=2	
Position 430:	T=2	G=0	-=0	A=0	C=0	
Position 431:	T=0	G=0	-=0	A=2	C=0	
Position 432:	T=0	G=0	-=0	A=0	C=2	
Position 433:	T=2	G=0	-=0	A=0	C=0	
Position 434:	T=2	G=0	-=0	A=0	C=0	
Position 435:	T=0	G=0	-=0	A=0	C=2	
Position 436:	T=2	G=0	-=0	A=0	C=0	
Position 437:	T=0	G=0	-=0	A=0	C=2	
Position 438:	T=0	G=0	-=0	A=2	C=0	
Position 439:	T=0	G=2	-=0	A=0	C=0	
Position 440:	T=2	G=0	-=0	A=0	C=0	
Position 441:	T=0	G=0	-=0	A=2	C=0	
Position 442:	T=0	G=0	-=0	A=1	C=0	
Position 443:	T=14	G=0	-=0	A=0	C=0	
Position 444:	T=14	G=0	-=0	A=0	C=0	
Position 445:	T=14	G=0	-=0	A=0	C=0	
Position 446:	T=14	G=0	-=0	A=0	C=0	
Position 447:	T=14	G=0	-=0	A=0	C=0	
Position 448:	T=0	G=0	-=0	A=14	C=0	
Position 449:	T=13	G=0	-=0	A=0	C=0	
Position 450:	T=0	G=12	-=0	A=1	C=0	
Position 451:	T=0	G=0	-=0	A=0	C=13	
Position 452:	T=0	G=0	-=0	A=0	C=13	
Position 453:	T=0	G=0	-=0	A=12	C=0	
Position 454:	T=0	G=10	-=0	A=1	C=0	
Position 455:	T=11	G=0	-=0	A=0	C=0	
Position 456:	T=0	G=0	-=0	A=10	C=0	
Position 457:	T=0	G=10	-=0	A=0	C=0	
Position 458:	T=0	G=0	-=0	A=0	C=9	
Position 459:	T=0	G=0	-=0	A=0	C=9	
Position 460:	T=0	G=0	-=0	A=0	C=8	
Position 461:	T=8	G=0	-=0	A=0	C=0	
Position 462:	T=0	G=7	-=0	A=1	C=0	
Position 463:	T=7	G=0	-=0	A=0	C=0	
Position 464:	T=7	G=0	-=0	A=0	C=0	
Position 465:	T=0	G=0	-=0	A=0	C=7	
Position 466:	T=0	G=5	-=0	A=1	C=0	
Position 467:	T=6	G=0	-=0	A=0	C=0	
Position 468:	T=0	G=0	-=0	A=0	C=6	
Position 469:	T=0	G=0	-=0	A=5	C=0	
Position 470:	T=0	G=0	-=0	A=0	C=5	
Position 471:	T=0	G=0	-=0	A=5	C=0	
Position 472:	T=5	G=0	-=0	A=0	C=0	
Position 473:	T=5	G=0	-=0	A=0	C=0	
Position 474:	T=0	G=0	-=0	A=4	C=0	
Position 475:	T=4	G=0	-=0	A=0	C=0	
Position 476:	T=0	G=0	-=0	A=0	C=4	
Position 477:	T=0	G=4	-=0	A=0	C=0	
Position 478:	T=0	G=0	-=0	A=4	C=0	
Position 479:	T=4	G=0	-=0	A=0	C=0	
Position 480:	T=0	G=0	-=0	A=0	C=4	
Position 481:	T=0	G=0	-=0	A=3	C=0	
Position 482:	T=3	G=0	-=0	A=0	C=0	
Position 483:	T=0	G=3	-=0	A=0	C=0	
Position 484:	T=0	G=2	-=0	A=1	C=0	
Position 485:	T=0	G=0	-=0	A=3	C=0	
Position 486:	T=0	G=3	-=0	A=0	C=0	
Position 487:	T=1	G=0	-=0	A=0	C=0	
Position 488:	T=1	G=0	-=0	A=0	C=0	
Position 489:	T=1	G=0	-=0	A=0	C=0	
Position 490:	T=1	G=0	-=0	A=0	C=0	
Position 491:	T=0	G=0	-=0	A=0	C=2	
Position 492:	T=0	G=0	-=0	A=0	C=2	
Position 493:	T=0	G=0	-=0	A=2	C=0	
Position 494:	T=2	G=0	-=0	A=0	C=0	
Position 495:	T=2	G=0	-=0	A=0	C=0	
Position 496:	T=1	G=0	-=0	A=0	C=0	
Position 497:	T=0	G=1	-=0	A=0	C=0	
Position 498:	T=0	G=0	-=0	A=1	C=0	
Position 499:	T=1	G=0	-=0	A=0	C=0	
Position 500:	T=0	G=0	-=0	A=1	C=0	
Position 501:	T=1	G=0	-=0	A=0	C=0	
Position 502:	T=0	G=0	-=0	A=1	C=0	
Position 503:	T=1	G=0	-=0	A=0	C=0	
Position 504:	T=0	G=0	-=0	A=11	C=0	
Position 505:	T=0	G=0	-=0	A=0	C=10	
Position 506:	T=0	G=0	-=0	A=10	C=0	
Position 507:	T=0	G=0	-=0	A=0	C=10	
Position 508:	T=0	G=0	-=0	A=10	C=0	
Position 509:	T=0	G=0	-=0	A=0	C=10	
Position 510:	T=8	G=0	-=0	A=0	C=0	
Position 511:	T=0	G=8	-=0	A=0	C=0	
Position 512:	T=0	G=0	-=0	A=8	C=0	
Position 513:	T=8	G=0	-=0	A=0	C=0	
Position 514:	T=0	G=0	-=0	A=0	C=8	
Position 515:	T=8	G=0	-=0	A=0	C=0	
Position 516:	T=0	G=0	-=0	A=0	C=7	
Position 517:	T=0	G=0	-=0	A=7	C=0	
Position 518:	T=0	G=0	-=0	A=7	C=0	
Position 519:	T=0	G=0	-=0	A=0	C=7	
Position 520:	T=0	G=0	-=0	A=7	C=0	
Position 521:	T=7	G=0	-=0	A=0	C=0	
Position 522:	T=0	G=0	-=0	A=0	C=4	
Position 523:	T=0	G=0	-=0	A=4	C=0	
Position 524:	T=0	G=0	-=0	A=4	C=0	
Position 525:	T=0	G=0	-=0	A=0	C=4	
Position 526:	T=0	G=0	-=0	A=0	C=4	
Position 527:	T=0	G=0	-=0	A=4	C=0	
Position 528:	T=3	G=0	-=0	A=0	C=0	
Position 529:	T=3	G=0	-=0	A=0	C=0	
Position 530:	T=3	G=0	-=0	A=0	C=0	
Position 531:	T=0	G=0	-=0	A=0	C=2	
Position 532:	T=2	G=0	-=0	A=0	C=0	
Position 533:	T=2	G=0	-=0	A=0	C=0	
Position 534:	T=0	G=0	-=0	A=0	C=2	
Position 535:	T=0	G=0	-=0	A=1	C=0	
Position 536:	T=0	G=0	-=0	A=1	C=0	
Position 537:	T=0	G=0	-=0	A=1	C=0	
Position 538:	T=1	G=0	-=0	A=0	C=0	
Position 539:	T=0	G=0	-=0	A=1	C=0	
Position 540:	T=0	G=0	-=0	A=0	C=1	
Position 541:	T=0	G=0	-=0	A=0	C=1	
Position 542:	T=1	G=0	-=0	A=0	C=0	
Position 543:	T=0	G=0	-=0	A=5	C=0	
Position 544:	T=0	G=0	-=0	A=0	C=5	
Position 545:	T=4	G=0	-=0	A=0	C=0	
Position 546:	T=0	G=0	-=0	A=0	C=4	
Position 547:	T=0	G=0	-=0	A=4	C=0	
Position 548:	T=4	G=0	-=0	A=0	C=0	
Position 549:	T=0	G=0	-=0	A=4	C=0	
Position 550:	T=4	G=0	-=0	A=0	C=0	
Position 551:	T=4	G=0	-=0	A=0	C=0	
Position 552:	T=0	G=0	-=0	A=0	C=4	
Position 553:	T=0	G=0	-=0	A=0	C=4	
Position 554:	T=3	G=0	-=0	A=0	C=0	
Position 555:	T=3	G=0	-=0	A=0	C=0	
Position 556:	T=0	G=0	-=0	A=3	C=0	
Position 557:	T=2	G=0	-=0	A=0	C=0	
Position 558:	T=0	G=0	-=0	A=0	C=2	
Position 559:	T=0	G=0	-=0	A=2	C=0	
Position 560:	T=0	G=0	-=0	A=0	C=2	
Position 561:	T=2	G=0	-=0	A=0	C=0	
Position 562:	T=0	G=0	-=0	A=2	C=0	
Position 563:	T=2	G=0	-=0	A=0	C=0	
Position 564:	T=0	G=0	-=0	A=2	C=0	
Position 565:	T=0	G=0	-=0	A=2	C=0	
Position 566:	T=2	G=0	-=0	A=0	C=0	
Position 567:	T=0	G=0	-=0	A=2	C=0	
Position 568:	T=0	G=0	-=0	A=2	C=0	
Position 569:	T=2	G=0	-=0	A=0	C=0	
Position 570:	T=2	G=0	-=0	A=0	C=0	
Position 571:	T=0	G=0	-=0	A=0	C=2	
Position 572:	T=2	G=0	-=0	A=0	C=0	
Position 573:	T=0	G=0	-=0	A=2	C=0	
Position 574:	T=0	G=2	-=0	A=0	C=0	
Position 575:	T=1	G=0	-=0	A=0	C=0	
Position 576:	T=0	G=1	-=0	A=0	C=0	
Position 577:	T=0	G=0	-=0	A=1	C=0	
Position 578:	T=0	G=0	-=0	A=0	C=1	
Position 579:	T=0	G=0	-=0	A=0	C=1	
Position 580:	T=0	G=1	-=0	A=0	C=0	
Position 581:	T=0	G=0	-=0	A=0	C=1	
Position 582:	T=0	G=0	-=0	A=1	C=0	
Position 583:	T=0	G=0	-=0	A=1	C=0	
Position 584:	T=0	G=0	-=0	A=1	C=0	
Position 585:	T=1	G=0	-=0	A=0	C=0	
Position 586:	T=0	G=0	-=0	A=1	C=0	
Position 587:	T=0	G=0	-=0	A=1	C=0	
Position 588:	T=1	G=0	-=0	A=0	C=0	
Position 589:	T=0	G=0	-=0	A=0	C=1	
Position 590:	T=9	G=0	-=0	A=0	C=0	
Position 591:	T=0	G=0	-=0	A=9	C=0	
Position 592:	T=0	G=0	-=0	A=0	C=8	
Position 593:	T=7	G=0	-=0	A=0	C=0	
Position 594:	T=6	G=0	-=0	A=0	C=0	
Position 595:	T=0	G=0	-=0	A=0	C=5	
Position 596:	T=0	G=0	-=0	A=5	C=0	
Position 597:	T=0	G=0	-=0	A=5	C=0	
Position 598:	A=0	N=0	C=5	-=0	G=0	T=0	
Position 599:	T=4	G=0	-=0	A=0	C=0	
Position 600:	T=0	G=0	-=0	A=4	C=0	
Position 601:	T=4	G=0	-=0	A=0	C=0	
Position 602:	T=4	G=0	-=0	A=0	C=0	
Position 603:	T=0	G=0	-=0	A=0	C=3	
Position 604:	T=0	G=0	-=0	A=3	C=0	
Position 605:	T=3	G=0	-=0	A=0	C=0	
Position 606:	T=0	G=0	-=0	A=0	C=2	
Position 607:	T=0	G=2	-=0	A=0	C=0	
Position 608:	T=0	G=2	-=0	A=0	C=0	
Position 609:	T=0	G=0	-=0	A=0	C=2	
Position 610:	T=2	G=0	-=0	A=0	C=0	
Position 611:	T=0	G=2	-=0	A=0	C=0	
Position 612:	T=0	G=0	-=0	A=2	C=0	
Position 613:	T=0	G=1	-=0	A=0	C=0	
Position 614:	T=0	G=0	-=0	A=1	C=0	
Position 615:	T=0	G=0	-=0	A=1	C=0	
Position 616:	T=0	G=1	-=0	A=0	C=0	
Position 617:	T=0	G=1	-=0	A=0	C=0	
Position 618:	T=0	G=0	-=0	A=1	C=0	
Position 619:	T=0	G=1	-=0	A=0	C=0	
Position 620:	T=1	G=0	-=0	A=0	C=0	
Position 621:	T=0	G=0	-=0	A=1	C=0	
Position 622:	T=0	G=1	-=0	A=0	C=0	
Position 623:	T=0	G=1	-=0	A=0	C=0	
Position 624:	T=0	G=1	-=0	A=0	C=0	
Position 625:	T=0	G=0	-=0	A=1	C=0	
Position 626:	T=1	G=0	-=0	A=0	C=0	
Position 627:	T=0	G=0	-=0	A=0	C=1	
Position 628:	T=0	G=0	-=0	A=1	C=0	
Position 629:	T=1	G=0	-=0	A=0	C=0	
Position 630:	T=0	G=0	-=0	A=1	C=0	
Position 631:	T=1	G=0	-=0	A=0	C=0	
Position 632:	T=0	G=0	-=0	A=0	C=1	
Position 633:	T=1	G=0	-=0	A=0	C=0	
Position 634:	T=1	G=0	-=0	A=0	C=0	
Position 635:	T=1	G=0	-=0	A=0	C=0	
Position 636:	T=0	G=0	-=0	A=0	C=1	
Position 637:	T=0	G=0	-=0	A=0	C=1	
Position 638:	T=1	G=0	-=0	A=0	C=0	
Position 639:	T=0	G=0	-=0	A=0	C=1	
Position 640:	T=0	G=0	-=0	A=0	C=1	
Position 641:	T=14	G=0	-=0	A=0	C=0	
Position 642:	T=14	G=0	-=0	A=0	C=0	
Position 643:	T=0	G=0	-=0	A=14	C=0	
Position 644:	T=14	G=0	-=0	A=0	C=0	
Position 645:	T=0	G=0	-=0	A=0	C=14	
Position 646:	T=0	G=14	-=0	A=0	C=0	
Position 647:	T=0	G=14	-=0	A=0	C=0	
Position 648:	T=0	G=0	-=0	A=15	C=0	
Position 649:	T=15	G=0	-=0	A=0	C=0	
Position 650:	T=0	G=15	-=0	A=0	C=0	
Position 651:	T=0	G=15	-=0	A=0	C=0	
Position 652:	T=15	G=0	-=0	A=0	C=0	
Position 653:	T=0	G=15	-=0	A=0	C=0	
Position 654:	T=0	G=15	-=0	A=0	C=0	
Position 655:	T=15	G=0	-=0	A=0	C=0	
Position 656:	T=0	G=0	-=0	A=15	C=0	
Position 657:	T=0	G=0	-=0	A=0	C=15	
Position 658:	T=0	G=15	-=0	A=0	C=0	
Position 659:	T=0	G=15	-=0	A=0	C=0	
Position 660:	T=0	G=0	-=0	A=15	C=0	
Position 661:	T=0	G=0	-=0	A=0	C=15	
Position 662:	T=0	G=15	-=0	A=0	C=0	
Position 663:	T=0	G=0	-=0	A=15	C=0	
Position 664:	T=0	G=14	-=0	A=0	C=0	
Position 665:	T=0	G=0	-=0	A=0	C=14	
Position 666:	T=0	G=0	-=0	A=14	C=0	
Position 667:	T=0	G=14	-=0	A=0	C=0	
Position 668:	T=0	G=0	-=0	A=14	C=0	
Position 669:	T=0	G=0	-=0	A=0	C=14	
Position 670:	T=0	G=14	-=0	A=0	C=0	
Position 671:	T=0	G=0	-=0	A=0	C=13	
Position 672:	T=0	G=0	-=0	A=0	C=12	
Position 673:	T=0	G=0	-=0	A=12	C=0	
Position 674:	T=0	G=0	-=0	A=12	C=0	
Position 675:	T=12	G=0	-=0	A=0	C=0	
Position 676:	T=0	G=0	-=0	A=12	C=0	
Position 677:	T=0	G=0	-=0	A=0	C=12	
Position 678:	T=0	G=0	-=0	A=12	C=0	
Position 679:	T=0	G=10	-=0	A=1	C=0	
Position 680:	T=0	G=0	-=0	A=0	C=11	
Position 681:	T=0	G=0	-=0	A=0	C=11	
Position 682:	T=0	G=9	-=0	A=0	C=0	
Position 683:	T=0	G=0	-=0	A=0	C=8	
Position 684:	T=8	G=0	-=0	A=0	C=0	
Position 685:	T=0	G=0	-=0	A=0	C=8	
Position 686:	T=8	G=0	-=0	A=0	C=0	
Position 687:	T=0	G=0	-=0	A=7	C=0	
Position 688:	T=1	G=0	-=0	A=0	C=7	
Position 689:	T=0	G=0	-=0	A=7	C=0	
Position 690:	T=0	G=0	-=0	A=7	C=0	
Position 691:	T=0	G=6	-=0	A=0	C=0	
Position 692:	A=0	N=0	C=6	-=0	G=0	T=0	
Position 693:	T=0	G=0	-=0	A=5	C=0	
Position 694:	T=0	G=3	-=0	A=1	C=0	
Position 695:	T=3	G=0	-=0	A=0	C=0	
Position 696:	T=0	G=0	-=0	A=0	C=3	
Position 697:	T=0	G=0	-=0	A=0	C=3	
Position 698:	T=2	G=0	-=0	A=0	C=0	
Position 699:	T=0	G=0	-=0	A=2	C=0	
Position 700:	T=1	G=0	-=0	A=0	C=0	
Position 701:	T=0	G=0	-=0	A=22	C=0	
Position 702:	T=0	G=0	-=0	A=0	C=22	
Position 703:	T=0	G=0	-=0	A=22	C=0	
Position 704:	T=0	G=0	-=0	A=21	C=0	
Position 705:	T=21	G=0	-=0	A=0	C=0	
Position 706:	T=0	G=0	-=0	A=0	C=19	
Position 707:	T=0	G=18	-=0	A=0	C=0	
Position 708:	T=0	G=0	-=0	A=0	C=17	
Position 709:	T=0	G=0	-=0	A=17	C=0	
Position 710:	T=17	G=0	-=0	A=0	C=0	
Position 711:	T=0	G=0	-=0	A=0	C=17	
Position 712:	T=0	G=16	-=0	A=0	C=0	
Position 713:	T=0	G=16	-=0	A=0	C=0	
Position 714:	T=0	G=0	-=0	A=16	C=0	
Position 715:	T=0	G=15	-=0	A=1	C=0	
Position 716:	T=0	G=0	-=0	A=16	C=0	
Position 717:	T=16	G=0	-=0	A=0	C=0	
Position 718:	T=0	G=15	-=0	A=1	C=0	
Position 719:	T=16	G=0	-=0	A=0	C=0	
Position 720:	T=0	G=0	-=0	A=15	C=0	
Position 721:	T=0	G=15	-=0	A=0	C=0	
Position 722:	T=0	G=14	-=0	A=1	C=0	
Position 723:	T=0	G=0	-=0	A=0	C=15	
Position 724:	T=14	G=0	-=0	A=0	C=0	
Position 725:	T=14	G=0	-=0	A=0	C=0	
Position 726:	T=14	G=0	-=0	A=0	C=0	
Position 727:	T=0	G=0	-=0	A=10	C=0	
Position 728:	T=8	G=0	-=0	A=0	C=0	
Position 729:	T=0	G=0	-=0	A=0	C=8	
Position 730:	T=0	G=0	-=0	A=7	C=0	
Position 731:	T=7	G=0	-=0	A=0	C=0	
Position 732:	T=0	G=0	-=0	A=6	C=0	
Position 733:	T=0	G=4	-=0	A=0	C=0	
Position 734:	T=0	G=0	-=0	A=0	C=4	
Position 735:	T=0	G=0	-=0	A=0	C=4	
Position 736:	T=0	G=0	-=0	A=4	C=0	
Position 737:	T=4	G=0	-=0	A=0	C=0	
Position 738:	T=0	G=0	-=0	A=4	C=0	
Position 739:	T=0	G=3	-=0	A=0	C=0	
Position 740:	T=0	G=0	-=0	A=0	C=3	
Position 741:	T=0	G=0	-=0	A=0	C=3	
Position 742:	T=3	G=0	-=0	A=0	C=0	
Position 743:	T=0	G=2	-=0	A=0	C=0	
Position 744:	T=0	G=0	-=0	A=2	C=0	
Position 745:	T=2	G=0	-=0	A=0	C=0	
Position 746:	T=2	G=0	-=0	A=0	C=0	
Position 747:	T=2	G=0	-=0	A=0	C=0	
Position 748:	T=2	G=0	-=0	A=0	C=0	
Position 749:	T=2	G=0	-=0	A=0	C=0	
Position 750:	T=0	G=0	-=0	A=2	C=0	
Position 751:	T=0	G=0	-=0	A=0	C=2	
Position 752:	T=2	G=0	-=0	A=0	C=0	
Position 753:	T=0	G=0	-=0	A=0	C=2	
Position 754:	T=0	G=0	-=0	A=2	C=0	
Position 755:	T=0	G=0	-=0	A=2	C=0	
Position 756:	T=2	G=0	-=0	A=0	C=0	
Position 757:	T=0	G=0	-=0	A=2	C=0	
Position 758:	T=0	G=0	-=0	A=0	C=2	
Position 759:	T=0	G=0	-=0	A=2	C=0	
Position 760:	T=0	G=0	-=0	A=2	C=0	
Position 761:	T=0	G=0	-=0	A=2	C=0	
Position 762:	T=2	G=0	-=0	A=0	C=0	
Position 763:	T=0	G=2	-=0	A=0	C=0	
Position 764:	T=0	G=0	-=0	A=0	C=2	
Position 765:	T=0	G=0	-=0	A=2	C=0	
Position 766:	T=2	G=0	-=0	A=0	C=0	
Position 767:	A=1	N=0	C=0	-=0	G=4	T=0	
Position 768:	T=0	G=0	-=0	A=1	C=0	
Position 769:	T=0	G=3	-=0	A=0	C=0	
Position 770:	T=0	G=0	-=0	A=3	C=0	
Position 771:	T=0	G=0	-=0	A=0	C=3	
Position 772:	T=3	G=0	-=0	A=0	C=0	
Position 773:	T=3	G=0	-=0	A=0	C=0	
Position 774:	T=0	G=0	-=0	A=0	C=3	
Position 775:	T=0	G=0	-=0	A=0	C=3	
Position 776:	T=0	G=0	-=0	A=3	C=0	
Position 777:	T=0	G=0	-=0	A=3	C=0	
Position 778:	T=0	G=0	-=0	A=0	C=2	
Position 779:	T=0	G=0	-=0	A=2	C=0	
Position 780:	T=0	G=0	-=0	A=2	C=0	
Position 781:	T=0	G=0	-=0	A=2	C=0	
Position 782:	T=2	G=0	-=0	A=0	C=0	
Position 783:	T=0	G=0	-=0	A=0	C=2	
Position 784:	T=2	G=0	-=0	A=0	C=0	
Position 785:	T=2	G=0	-=0	A=0	C=0	
Position 786:	T=1	G=0	-=0	A=0	C=0	
Position 787:	T=0	G=1	-=0	A=0	C=0	
Position 788:	T=0	G=0	-=0	A=0	C=1	
Position 789:	T=0	G=0	-=0	A=1	C=0	
Position 790:	T=0	G=0	-=0	A=1	C=0	
Position 791:	T=1	G=0	-=0	A=0	C=0	
Position 792:	T=1	G=0	-=0	A=0	C=0	
Position 793:	T=0	G=1	-=0	A=0	C=0	
Position 794:	T=0	G=0	-=0	A=1	C=0	
Position 795:	T=0	G=0	-=0	A=1	C=0	
Position 796:	T=0	G=0	-=0	A=0	C=1	
Position 797:	T=0	G=0	-=0	A=1	C=0	
Position 798:	T=1	G=0	-=0	A=0	C=0	
Position 799:	T=0	G=1	-=0	A=0	C=0	
Position 800:	T=0	G=0	-=0	A=1	C=0	
Position 801:	T=0	G=0	-=0	A=1	C=0	
Position 802:	T=0	G=0	-=0	A=1	C=0	
Position 803:	T=0	G=0	-=0	A=1	C=0	
Position 804:	T=0	G=0	-=0	A=0	C=1	
Position 805:	T=0	G=0	-=0	A=0	C=1	
Position 806:	T=1	G=0	-=0	A=0	C=0	
Position 807:	T=7	G=0	-=0	A=0	C=0	
Position 808:	T=0	G=0	-=0	A=7	C=0	
Position 809:	T=0	G=0	-=0	A=7	C=0	
Position 810:	T=0	G=0	-=0	A=0	C=6	
Position 811:	T=0	G=0	-=0	A=6	C=0	
Position 812:	T=6	G=0	-=0	A=0	C=0	
Position 813:	T=6	G=0	-=0	A=0	C=0	
Position 814:	T=0	G=0	-=0	A=0	C=6	
Position 815:	T=0	G=0	-=0	A=0	C=6	
Position 816:	T=0	G=0	-=0	A=6	C=0	
Position 817:	T=0	G=0	-=0	A=0	C=6	
Position 818:	T=6	G=0	-=0	A=0	C=0	
Position 819:	T=0	G=0	-=0	A=5	C=0	
Position 820:	T=0	G=5	-=0	A=0	C=0	
Position 821:	T=0	G=0	-=0	A=0	C=5	
Position 822:	T=0	G=0	-=0	A=5	C=0	
Position 823:	T=0	G=5	-=0	A=0	C=0	
Position 824:	A=2	N=0	C=0	-=0	G=8	T=0	
Position 825:	T=0	G=0	-=0	A=2	C=0	
Position 826:	T=0	G=0	-=0	A=0	C=2	
Position 827:	T=1	G=0	-=0	A=0	C=0	
Position 828:	T=0	G=1	-=0	A=0	C=0	
Position 829:	T=0	G=0	-=0	A=0	C=1	
Position 830:	T=1	G=0	-=0	A=0	C=0	
Position 831:	T=0	G=0	-=0	A=0	C=1	
Position 832:	T=0	G=0	-=0	A=0	C=5	
Position 833:	T=5	G=0	-=0	A=0	C=0	
Position 834:	T=0	G=0	-=0	A=5	C=0	
Position 835:	T=0	G=5	-=0	A=0	C=0	
Position 836:	T=0	G=0	-=0	A=0	C=5	
Position 837:	T=0	G=0	-=0	A=5	C=0	
Position 838:	T=0	G=5	-=0	A=0	C=0	
Position 839:	T=0	G=0	-=0	A=0	C=5	
Position 840:	A=0	N=0	C=5	-=0	G=0	T=0	
Position 841:	T=0	G=0	-=0	A=5	C=0	
Position 842:	T=0	G=0	-=0	A=0	C=5	
Position 843:	T=5	G=0	-=0	A=0	C=0	
Position 844:	T=0	G=5	-=0	A=0	C=0	
Position 845:	T=0	G=5	-=0	A=0	C=0	
Position 846:	T=0	G=0	-=0	A=5	C=0	
Position 847:	T=0	G=0	-=0	A=5	C=0	
Position 848:	T=0	G=0	-=0	A=5	C=0	
Position 849:	T=0	G=5	-=0	A=0	C=0	
Position 850:	T=5	G=0	-=0	A=0	C=0	
Position 851:	T=0	G=0	-=0	A=0	C=5	
Position 852:	T=0	G=0	-=0	A=5	C=0	
Position 853:	T=0	G=5	-=0	A=0	C=0	
Position 854:	T=0	G=0	-=0	A=0	C=4	
Position 855:	T=0	G=0	-=0	A=0	C=4	
Position 856:	T=0	G=0	-=0	A=0	C=4	
Position 857:	T=0	G=0	-=0	A=4	C=0	
Position 858:	T=0	G=0	-=0	A=3	C=0	
Position 859:	T=3	G=0	-=0	A=0	C=0	
Position 860:	T=3	G=0	-=0	A=0	C=0	
Position 861:	T=0	G=0	-=0	A=0	C=3	
Position 862:	T=0	G=3	-=0	A=0	C=0	
Position 863:	A=0	N=0	C=0	-=0	G=3	T=0	
Position 864:	T=0	G=0	-=0	A=0	C=3	
Position 865:	T=0	G=0	-=0	A=0	C=3	
Position 866:	T=2	G=0	-=0	A=0	C=0	
Position 867:	T=2	G=0	-=0	A=0	C=0	
Position 868:	T=0	G=0	-=0	A=0	C=2	
Position 869:	T=0	G=0	-=0	A=2	C=0	
Position 870:	T=2	G=0	-=0	A=0	C=0	
Position 871:	T=0	G=0	-=0	A=0	C=2	
Position 872:	T=0	G=0	-=0	A=0	C=14	
Position 873:	T=0	G=0	-=0	A=13	C=0	
Position 874:	T=13	G=0	-=0	A=0	C=0	
Position 875:	T=0	G=11	-=0	A=2	C=0	
Position 876:	T=0	G=0	-=0	A=11	C=0	
Position 877:	T=0	G=0	-=0	A=0	C=10	
Position 878:	T=10	G=0	-=0	A=0	C=0	
Position 879:	T=0	G=0	-=0	A=0	C=9	
Position 880:	T=0	G=0	-=0	A=0	C=9	
Position 881:	T=0	G=0	-=0	A=0	C=9	
Position 882:	T=0	G=0	-=0	A=7	C=0	
Position 883:	T=7	G=0	-=0	A=0	C=0	
Position 884:	T=0	G=0	-=0	A=0	C=6	
Position 885:	T=0	G=0	-=0	A=6	C=0	
Position 886:	T=0	G=4	-=0	A=2	C=0	
Position 887:	T=0	G=0	-=0	A=0	C=6	
Position 888:	T=6	G=0	-=0	A=0	C=0	
Position 889:	T=0	G=0	-=0	A=6	C=0	
Position 890:	T=5	G=0	-=0	A=0	C=0	
Position 891:	T=0	G=0	-=0	A=5	C=0	
Position 892:	A=2	N=0	C=0	-=0	G=26	T=0	
Position 893:	T=0	G=0	-=0	A=4	C=0	
Position 894:	T=0	G=0	-=0	A=4	C=0	
Position 895:	T=0	G=4	-=0	A=0	C=0	
Position 896:	T=0	G=4	-=0	A=0	C=0	
Position 897:	T=0	G=0	-=0	A=4	C=0	
Position 898:	T=0	G=0	-=0	A=0	C=4	
Position 899:	T=0	G=0	-=0	A=0	C=4	
Position 900:	T=4	G=0	-=0	A=0	C=0	
Position 901:	T=0	G=0	-=0	A=2	C=0	
Position 902:	T=0	G=0	-=0	A=0	C=2	
Position 903:	T=1	G=0	-=0	A=0	C=0	
Position 904:	T=0	G=0	-=0	A=0	C=1	
Position 905:	T=0	G=0	-=0	A=0	C=1	
Position 906:	T=11	G=0	-=0	A=0	C=0	
Position 907:	T=0	G=11	-=0	A=0	C=0	
Position 908:	T=10	G=0	-=0	A=0	C=0	
Position 909:	T=10	G=0	-=0	A=0	C=0	
Position 910:	T=9	G=0	-=0	A=0	C=0	
Position 911:	T=0	G=0	-=0	A=0	C=8	
Position 912:	T=0	G=0	-=0	A=8	C=0	
Position 913:	T=0	G=8	-=0	A=0	C=0	
Position 914:	T=0	G=0	-=0	A=0	C=7	
Position 915:	T=0	G=0	-=0	A=0	C=6	
Position 916:	T=0	G=0	-=0	A=0	C=6	
Position 917:	T=6	G=0	-=0	A=0	C=0	
Position 918:	T=0	G=0	-=0	A=6	C=0	
Position 919:	T=0	G=0	-=0	A=0	C=5	
Position 920:	T=5	G=0	-=0	A=0	C=0	
Position 921:	T=0	G=0	-=0	A=0	C=4	
Position 922:	T=0	G=0	-=0	A=0	C=3	
Position 923:	T=0	G=0	-=0	A=3	C=0	
Position 924:	T=0	G=0	-=0	A=0	C=3	
Position 925:	T=3	G=0	-=0	A=0	C=0	
Position 926:	T=0	G=0	-=0	A=0	C=3	
Position 927:	T=3	G=0	-=0	A=0	C=0	
Position 928:	T=0	G=0	-=0	A=2	C=0	
Position 929:	T=0	G=2	-=0	A=0	C=0	
Position 930:	T=2	G=0	-=0	A=0	C=0	
Position 931:	T=0	G=0	-=0	A=2	C=0	
Position 932:	T=0	G=0	-=0	A=0	C=1	
Position 933:	T=0	G=0	-=0	A=1	C=0	
Position 934:	T=0	G=0	-=0	A=1	C=0	
Position 935:	T=1	G=0	-=0	A=0	C=0	
Position 936:	T=0	G=0	-=0	A=1	C=0	
Position 937:	T=0	G=1	-=0	A=0	C=0	
Position 938:	T=1	G=0	-=0	A=0	C=0	
Position 939:	T=0	G=0	-=0	A=1	C=0	
Position 940:	T=0	G=1	-=0	A=0	C=0	
Position 941:	T=1	G=0	-=0	A=0	C=0	
Position 942:	T=0	G=0	-=0	A=1	C=0	
Position 943:	T=0	G=1	-=0	A=0	C=0	
Position 944:	T=0	G=0	-=0	A=1	C=0	
Position 945:	T=0	G=0	-=0	A=1	C=0	
Position 946:	T=0	G=1	-=0	A=0	C=0	
Position 947:	T=0	G=1	-=0	A=0	C=0	
Position 948:	T=0	G=1	-=0	A=0	C=0	
Position 949:	T=0	G=1	-=0	A=0	C=0	
Position 950:	T=1	G=0	-=0	A=0	C=0	
Position 951:	T=0	G=0	-=0	A=1	C=0	
Position 952:	T=1	G=0	-=0	A=0	C=0	
Position 953:	T=1	G=0	-=0	A=0	C=0	
Position 954:	T=18	G=0	-=0	A=0	C=0	
Position 955:	T=1	G=0	-=0	A=0	C=17	
Position 956:	T=17	G=0	-=0	A=0	C=0	
Position 957:	T=17	G=0	-=0	A=0	C=0	
Position 958:	T=0	G=0	-=0	A=0	C=17	
Position 959:	T=17	G=0	-=0	A=0	C=0	
Position 960:	T=0	G=0	-=0	A=17	C=0	
Position 961:	T=0	G=0	-=0	A=15	C=0	
Position 962:	T=14	G=0	-=0	A=0	C=0	
Position 963:	T=0	G=0	-=0	A=0	C=13	
Position 964:	T=0	G=0	-=0	A=0	C=13	
Position 965:	T=0	G=13	-=0	A=0	C=0	
Position 966:	T=0	G=0	-=0	A=13	C=0	
Position 967:	T=13	G=0	-=0	A=0	C=0	
Position 968:	T=13	G=0	-=0	A=0	C=0	
Position 969:	T=13	G=0	-=0	A=0	C=0	
Position 970:	T=13	G=0	-=0	A=0	C=0	
Position 971:	T=0	G=0	-=0	A=13	C=0	
Position 972:	T=0	G=0	-=0	A=0	C=13	
Position 973:	T=0	G=0	-=0	A=0	C=13	
Position 974:	T=0	G=0	-=0	A=0	C=13	
Position 975:	T=13	G=0	-=0	A=0	C=0	
Position 976:	T=0	G=0	-=0	A=0	C=11	
Position 977:	T=10	G=0	-=0	A=0	C=0	
Position 978:	T=0	G=10	-=0	A=0	C=0	
Position 979:	T=0	G=0	-=0	A=10	C=0	
Position 980:	T=10	G=0	-=0	A=0	C=0	
Position 981:	T=0	G=0	-=0	A=10	C=0	
Position 982:	T=0	G=10	-=0	A=0	C=0	
Position 983:	T=0	G=0	-=0	A=10	C=0	
Position 984:	T=0	G=0	-=0	A=10	C=0	
Position 985:	A=0	N=0	C=10	-=0	G=0	T=0	
Position 986:	T=0	G=0	-=0	A=10	C=0	
Position 987:	A=0	N=0	C=10	-=0	G=0	T=0	
Position 988:	T=0	G=0	-=0	A=10	C=0	
Position 989:	T=0	G=0	-=0	A=10	C=0	
Position 990:	A=0	N=0	C=9	-=0	G=0	T=0	
Position 991:	T=0	G=0	-=0	A=8	C=0	
Position 992:	T=0	G=0	-=0	A=7	C=0	
Position 993:	T=0	G=7	-=0	A=0	C=0	
Position 994:	T=0	G=0	-=0	A=7	C=0	
Position 995:	T=0	G=0	-=0	A=0	C=6	
Position 996:	T=6	G=0	-=0	A=0	C=0	
Position 997:	T=0	G=0	-=0	A=6	C=0	
Position 998:	T=6	G=0	-=0	A=0	C=0	
Position 999:	T=0	G=0	-=0	A=0	C=6	
Position 1000:	T=0	G=0	-=0	A=0	C=6	
Position 1001:	T=0	G=0	-=0	A=5	C=0	
Position 1002:	T=0	G=0	-=0	A=5	C=0	
Position 1003:	T=0	G=0	-=0	A=5	C=0	
Position 1004:	T=0	G=0	-=0	A=0	C=5	
Position 1005:	T=0	G=0	-=0	A=5	C=0	
Position 1006:	T=0	G=3	-=0	A=1	C=0	
Position 1007:	T=0	G=0	-=0	A=0	C=1	
Position 1008:	T=0	G=0	-=0	A=0	C=1	
Position 1009:	T=0	G=0	-=0	A=1	C=0	
Position 1010:	T=0	G=0	-=0	A=0	C=1	
Position 1011:	T=1	G=0	-=0	A=0	C=0	
Position 1012:	T=1	G=0	-=0	A=0	C=0	
Position 1013:	T=1	G=0	-=0	A=0	C=0	
Position 1014:	T=0	G=0	-=0	A=1	C=0	
Position 1015:	T=1	G=0	-=0	A=0	C=0	
Position 1016:	T=0	G=1	-=0	A=0	C=0	
Position 1017:	T=0	G=0	-=0	A=0	C=1	
Position 1018:	T=0	G=0	-=0	A=0	C=1	
Position 1019:	T=1	G=0	-=0	A=0	C=0	
Position 1020:	T=0	G=0	-=0	A=1	C=0	
Position 1021:	T=0	G=1	-=0	A=0	C=0	
Position 1022:	T=0	G=1	-=0	A=0	C=0	
Position 1023:	T=0	G=0	-=0	A=0	C=1	
Position 1024:	T=0	G=1	-=0	A=0	C=0	
Position 1025:	T=0	G=0	-=0	A=0	C=1	
Position 1026:	T=0	G=0	-=0	A=1	C=0	
Position 1027:	T=0	G=0	-=0	A=1	C=0	
Position 1028:	T=1	G=0	-=0	A=0	C=0	
Position 1029:	T=0	G=0	-=0	A=1	C=0	
Position 1030:	T=0	G=0	-=0	A=1	C=0	
Position 1031:	T=0	G=0	-=0	A=0	C=1	
Position 1032:	T=0	G=0	-=0	A=0	C=1	
Position 1033:	T=0	G=0	-=0	A=1	C=0	
Position 1034:	T=0	G=0	-=0	A=0	C=1	
Position 1035:	T=0	G=0	-=0	A=0	C=1	
Position 1036:	T=0	G=0	-=0	A=0	C=1	
Position 1037:	T=1	G=0	-=0	A=0	C=0	
Position 1038:	T=0	G=0	-=0	A=1	C=0	
Position 1039:	T=1	G=0	-=0	A=0	C=0	
Position 1040:	T=1	G=0	-=0	A=0	C=0	
Position 1041:	T=1	G=0	-=0	A=0	C=0	
Position 1042:	T=0	G=0	-=0	A=1	C=0	
Position 1043:	T=0	G=0	-=0	A=0	C=1	
Position 1044:	T=0	G=0	-=0	A=1	C=0	
Position 1045:	T=0	G=1	-=0	A=0	C=0	
Position 1046:	T=0	G=0	-=0	A=0	C=1	
Position 1047:	T=0	G=0	-=0	A=1	C=0	
Position 1048:	T=0	G=1	-=0	A=0	C=0	
Position 1049:	T=0	G=0	-=0	A=0	C=1	
Position 1050:	T=0	G=0	-=0	A=0	C=1	
Position 1051:	T=1	G=0	-=0	A=0	C=0	
Position 1052:	T=0	G=1	-=0	A=0	C=0	
Position 1053:	T=1	G=0	-=0	A=0	C=0	
Position 1054:	T=0	G=1	-=0	A=0	C=0	
Position 1055:	T=0	G=0	-=0	A=0	C=1	
Position 1056:	T=1	G=0	-=0	A=0	C=0	
Position 1057:	T=0	G=0	-=0	A=0	C=1	
Position 1058:	T=1	G=0	-=0	A=0	C=0	
Position 1059:	T=0	G=0	-=0	A=0	C=1	
Position 1060:	T=0	G=0	-=0	A=1	C=0	
Position 1061:	T=0	G=0	-=0	A=0	C=1	
Position 1062:	T=0	G=0	-=0	A=0	C=2	
Position 1063:	T=0	G=0	-=0	A=0	C=2	
Position 1064:	T=0	G=0	-=0	A=2	C=0	
Position 1065:	A=1	N=0	C=0	-=0	G=25	T=0	
Position 1066:	T=0	G=0	-=0	A=2	C=0	
Position 1067:	T=0	G=0	-=0	A=1	C=0	
Position 1068:	T=1	G=0	-=0	A=0	C=0	
Position 1069:	T=0	G=1	-=0	A=0	C=0	
Position 1070:	T=0	G=0	-=0	A=1	C=0	
Position 1071:	T=0	G=0	-=0	A=0	C=1	
Position 1072:	T=0	G=0	-=0	A=1	C=0	
Position 1073:	T=1	G=0	-=0	A=0	C=0	
Position 1074:	T=0	G=0	-=0	A=0	C=1	
Position 1075:	T=0	G=0	-=0	A=1	C=0	
Position 1076:	T=0	G=0	-=0	A=1	C=0	
Position 1077:	T=0	G=0	-=0	A=1	C=0	
Position 1078:	T=0	G=0	-=0	A=1	C=0	
Position 1079:	T=0	G=0	-=0	A=1	C=0	
Position 1080:	T=0	G=1	-=0	A=0	C=0	
Position 1081:	T=0	G=0	-=0	A=1	C=0	
Position 1082:	T=1	G=0	-=0	A=0	C=0	
Position 1083:	T=0	G=0	-=0	A=0	C=1	
Position 1084:	T=0	G=0	-=0	A=1	C=0	
Position 1085:	T=1	G=0	-=0	A=0	C=0	
Position 1086:	T=1	G=0	-=0	A=0	C=0	
Position 1087:	T=0	G=16	-=0	A=1	C=0	
Position 1088:	T=0	G=0	-=0	A=0	C=16	
Position 1089:	T=0	G=0	-=0	A=0	C=15	
Position 1090:	T=15	G=0	-=0	A=0	C=0	
Position 1091:	T=14	G=0	-=0	A=0	C=0	
Position 1092:	T=13	G=0	-=0	A=0	C=0	
Position 1093:	T=12	G=0	-=0	A=0	C=0	
Position 1094:	T=0	G=0	-=0	A=0	C=11	
Position 1095:	T=0	G=0	-=0	A=0	C=11	
Position 1096:	T=0	G=0	-=0	A=11	C=0	
Position 1097:	T=0	G=0	-=0	A=0	C=9	
Position 1098:	T=9	G=0	-=0	A=0	C=0	
Position 1099:	T=9	G=0	-=0	A=0	C=0	
Position 1100:	T=0	G=0	-=0	A=0	C=9	
Position 1101:	T=0	G=0	-=0	A=9	C=0	
Position 1102:	T=0	G=0	-=0	A=9	C=0	
Position 1103:	A=4	N=0	C=0	-=0	G=38	T=0	
Position 1104:	T=0	G=0	-=0	A=0	C=8	
Position 1105:	T=0	G=0	-=0	A=0	C=8	
Position 1106:	T=0	G=0	-=0	A=6	C=0	
Position 1107:	T=0	G=4	-=0	A=1	C=0	
Position 1108:	T=0	G=0	-=0	A=0	C=5	
Position 1109:	T=4	G=0	-=0	A=0	C=0	
Position 1110:	T=0	G=0	-=0	A=4	C=0	
Position 1111:	T=0	G=4	-=0	A=0	C=0	
Position 1112:	T=0	G=4	-=0	A=0	C=0	
Position 1113:	T=0	G=0	-=0	A=4	C=0	
Position 1114:	T=0	G=0	-=0	A=0	C=4	
Position 1115:	T=4	G=0	-=0	A=0	C=0	
Position 1116:	T=0	G=0	-=0	A=4	C=0	
Position 1117:	T=0	G=0	-=0	A=4	C=0	
Position 1118:	T=4	G=0	-=0	A=0	C=0	
Position 1119:	T=0	G=0	-=0	A=3	C=0	
Position 1120:	T=0	G=0	-=0	A=2	C=0	
Position 1121:	T=2	G=0	-=0	A=0	C=0	
Position 1122:	T=0	G=0	-=0	A=0	C=2	
Position 1123:	T=0	G=7	-=0	A=1	C=0	
Position 1124:	T=8	G=0	-=0	A=0	C=0	
Position 1125:	T=0	G=0	-=0	A=8	C=0	
Position 1126:	T=0	G=0	-=0	A=7	C=0	
Position 1127:	T=0	G=0	-=0	A=0	C=7	
Position 1128:	T=0	G=0	-=0	A=7	C=0	
Position 1129:	T=0	G=0	-=0	A=6	C=0	
Position 1130:	T=5	G=0	-=0	A=0	C=0	
Position 1131:	T=5	G=0	-=0	A=0	C=0	
Position 1132:	T=0	G=3	-=0	A=1	C=0	
Position 1133:	T=0	G=4	-=0	A=0	C=0	
Position 1134:	T=0	G=0	-=0	A=3	C=0	
Position 1135:	T=0	G=0	-=0	A=3	C=0	
Position 1136:	T=2	G=0	-=0	A=0	C=0	
Position 1137:	T=2	G=0	-=0	A=0	C=0	
Position 1138:	T=0	G=0	-=0	A=2	C=0	
Position 1139:	T=0	G=0	-=0	A=2	C=0	
Position 1140:	T=33	G=0	-=0	A=0	C=0	
Position 1141:	T=0	G=0	-=0	A=0	C=32	
Position 1142:	T=0	G=0	-=0	A=30	C=0	
Position 1143:	T=0	G=29	-=0	A=0	C=0	
Position 1144:	T=0	G=0	-=0	A=0	C=28	
Position 1145:	T=0	G=0	-=0	A=0	C=29	
Position 1146:	T=0	G=0	-=0	A=0	C=29	
Position 1147:	T=1	G=0	-=0	A=0	C=27	
Position 1148:	T=0	G=0	-=0	A=27	C=0	
Position 1149:	T=0	G=0	-=0	A=0	C=25	
Position 1150:	T=0	G=0	-=0	A=0	C=25	
Position 1151:	T=24	G=0	-=0	A=0	C=0	
Position 1152:	T=0	G=0	-=0	A=23	C=0	
Position 1153:	T=0	G=23	-=0	A=0	C=0	
Position 1154:	T=0	G=0	-=0	A=0	C=22	
Position 1155:	T=0	G=0	-=0	A=22	C=0	
Position 1156:	T=21	G=0	-=0	A=0	C=0	
Position 1157:	T=21	G=0	-=0	A=0	C=0	
Position 1158:	T=0	G=0	-=0	A=0	C=19	
Position 1159:	T=0	G=0	-=0	A=0	C=19	
Position 1160:	T=19	G=0	-=0	A=0	C=0	
Position 1161:	T=19	G=0	-=0	A=0	C=0	
Position 1162:	T=0	G=0	-=0	A=0	C=19	
Position 1163:	T=0	G=0	-=0	A=18	C=0	
Position 1164:	T=18	G=0	-=0	A=0	C=0	
Position 1165:	T=0	G=0	-=0	A=17	C=0	
Position 1166:	T=16	G=0	-=0	A=0	C=0	
Position 1167:	T=0	G=0	-=0	A=0	C=15	
Position 1168:	T=15	G=0	-=0	A=0	C=0	
Position 1169:	T=0	G=15	-=0	A=0	C=0	
Position 1170:	T=3	G=0	-=0	A=0	C=15	
Position 1171:	T=0	G=0	-=0	A=14	C=0	
Position 1172:	T=0	G=0	-=0	A=0	C=14	
Position 1173:	T=0	G=0	-=0	A=13	C=0	
Position 1174:	T=0	G=0	-=0	A=0	C=13	
Position 1175:	T=0	G=0	-=0	A=13	C=0	
Position 1176:	T=0	G=0	-=0	A=0	C=12	
Position 1177:	T=0	G=12	-=0	A=0	C=0	
Position 1178:	T=0	G=0	-=0	A=0	C=11	
Position 1179:	T=0	G=0	-=0	A=11	C=0	
Position 1180:	T=10	G=0	-=0	A=0	C=0	
Position 1181:	T=10	G=0	-=0	A=0	C=0	
Position 1182:	T=9	G=0	-=0	A=0	C=0	
Position 1183:	T=9	G=0	-=0	A=0	C=0	
Position 1184:	T=9	G=0	-=0	A=0	C=0	
Position 1185:	T=0	G=0	-=0	A=0	C=9	
Position 1186:	T=0	G=0	-=0	A=9	C=0	
Position 1187:	T=0	G=0	-=0	A=9	C=0	
Position 1188:	T=0	G=9	-=0	A=0	C=0	
Position 1189:	T=0	G=8	-=0	A=1	C=0	
Position 1190:	T=0	G=0	-=0	A=0	C=9	
Position 1191:	T=0	G=0	-=0	A=0	C=8	
Position 1192:	T=0	G=0	-=0	A=7	C=0	
Position 1193:	T=6	G=0	-=0	A=0	C=0	
Position 1194:	T=0	G=0	-=0	A=6	C=0	
Position 1195:	T=0	G=0	-=0	A=0	C=5	
Position 1196:	T=5	G=0	-=0	A=0	C=0	
Position 1197:	T=0	G=0	-=0	A=5	C=0	
Position 1198:	T=5	G=0	-=0	A=0	C=0	
Position 1199:	T=5	G=0	-=0	A=0	C=0	
Position 1200:	T=5	G=0	-=0	A=0	C=0	
Position 1201:	T=0	G=0	-=0	A=5	C=0	
Position 1202:	T=5	G=0	-=0	A=0	C=0	
Position 1203:	T=0	G=0	-=0	A=4	C=0	
Position 1204:	T=4	G=0	-=0	A=0	C=0	
Position 1205:	T=0	G=3	-=0	A=0	C=0	
Position 1206:	T=0	G=0	-=0	A=0	C=3	
Position 1207:	T=3	G=0	-=0	A=0	C=0	
Position 1208:	T=0	G=0	-=0	A=0	C=3	
Position 1209:	T=0	G=0	-=0	A=0	C=3	
Position 1210:	T=0	G=3	-=0	A=0	C=0	
Position 1211:	T=0	G=3	-=0	A=0	C=0	
Position 1212:	T=0	G=3	-=0	A=0	C=0	
Position 1213:	T=3	G=0	-=0	A=0	C=0	
Position 1214:	T=0	G=0	-=0	A=0	C=3	
Position 1215:	T=0	G=0	-=0	A=0	C=3	
Position 1216:	T=0	G=0	-=0	A=3	C=0	
Position 1217:	T=3	G=0	-=0	A=0	C=0	
Position 1218:	T=3	G=0	-=0	A=0	C=0	
Position 1219:	T=0	G=0	-=0	A=3	C=0	
Position 1220:	T=3	G=0	-=0	A=0	C=0	
Position 1221:	T=0	G=0	-=0	A=0	C=3	
Position 1222:	T=0	G=0	-=0	A=0	C=3	
Position 1223:	T=0	G=0	-=0	A=3	C=0	
Position 1224:	T=0	G=0	-=0	A=0	C=3	
Position 1225:	T=0	G=0	-=0	A=2	C=0	
Position 1226:	T=0	G=2	-=0	A=0	C=0	
Position 1227:	T=0	G=0	-=0	A=0	C=2	
Position 1228:	T=1	G=0	-=0	A=0	C=0	
Position 1229:	T=4	G=0	-=0	A=0	C=0	
Position 1230:	T=0	G=0	-=0	A=3	C=0	
Position 1231:	T=0	G=0	-=0	A=3	C=0	
Position 1232:	T=0	G=0	-=0	A=2	C=0	
Position 1233:	T=2	G=0	-=0	A=0	C=0	
Position 1234:	T=0	G=2	-=0	A=0	C=0	
Position 1235:	T=0	G=0	-=0	A=1	C=0	
Position 1236:	T=1	G=0	-=0	A=0	C=0	
Position 1237:	T=0	G=1	-=0	A=0	C=0	
Position 1238:	T=0	G=0	-=0	A=1	C=0	
Position 1239:	T=0	G=0	-=0	A=1	C=0	
Position 1240:	T=0	G=0	-=0	A=1	C=5	
Position 1241:	T=0	G=0	-=0	A=1	C=0	
Position 1242:	T=0	G=0	-=0	A=1	C=0	
Position 1243:	T=0	G=1	-=0	A=0	C=0	
Position 1244:	T=0	G=0	-=0	A=1	C=0	
Position 1245:	T=0	G=0	-=0	A=0	C=1	
Position 1246:	T=0	G=0	-=0	A=1	C=0	
Position 1247:	T=1	G=0	-=0	A=0	C=0	
Position 1248:	T=0	G=0	-=0	A=0	C=1	
Position 1249:	T=0	G=0	-=0	A=0	C=1	
Position 1250:	T=0	G=1	-=0	A=0	C=0	
Position 1251:	T=0	G=0	-=0	A=1	C=0	
Position 1252:	T=0	G=0	-=0	A=1	C=0	
Position 1253:	T=0	G=0	-=0	A=1	C=0	
Position 1254:	T=0	G=0	-=0	A=1	C=0	
Position 1255:	T=0	G=0	-=0	A=2	C=0	
Position 1256:	T=2	G=0	-=0	A=0	C=0	
Position 1257:	T=0	G=0	-=0	A=2	C=0	
Position 1258:	T=0	G=1	-=0	A=0	C=0	
Position 1259:	T=0	G=1	-=0	A=0	C=0	
Position 1260:	T=0	G=0	-=0	A=1	C=0	
Position 1261:	T=0	G=1	-=0	A=0	C=0	
Position 1262:	T=0	G=1	-=0	A=0	C=0	
Position 1263:	T=0	G=0	-=0	A=0	C=1	
Position 1264:	T=0	G=0	-=0	A=0	C=1	
Position 1265:	T=2	G=0	-=0	A=0	C=0	
Position 1266:	T=0	G=0	-=0	A=2	C=0	
Position 1267:	T=2	G=0	-=0	A=0	C=0	
Position 1268:	T=1	G=0	-=0	A=0	C=0	
Position 1269:	T=1	G=0	-=0	A=0	C=23	
Position 1270:	T=0	G=0	-=0	A=24	C=0	
Position 1271:	T=0	G=0	-=0	A=24	C=0	
Position 1272:	T=0	G=0	-=0	A=24	C=0	
Position 1273:	T=0	G=23	-=0	A=0	C=0	
Position 1274:	T=0	G=0	-=0	A=0	C=23	
Position 1275:	T=0	G=0	-=0	A=0	C=23	
Position 1276:	T=0	G=0	-=0	A=0	C=22	
Position 1277:	T=21	G=0	-=0	A=0	C=0	
Position 1278:	T=0	G=21	-=0	A=0	C=0	
Position 1279:	T=0	G=0	-=0	A=0	C=20	
Position 1280:	T=0	G=0	-=0	A=0	C=20	
Position 1281:	T=0	G=17	-=0	A=2	C=0	
Position 1282:	T=0	G=0	-=0	A=0	C=18	
Position 1283:	T=18	G=0	-=0	A=0	C=0	
Position 1284:	T=17	G=0	-=0	A=0	C=0	
Position 1285:	T=0	G=0	-=0	A=16	C=0	
Position 1286:	T=0	G=0	-=0	A=0	C=16	
Position 1287:	T=0	G=0	-=0	A=0	C=16	
Position 1288:	T=0	G=0	-=0	A=16	C=0	
Position 1289:	T=0	G=0	-=0	A=0	C=15	
Position 1290:	T=15	G=0	-=0	A=0	C=0	
Position 1291:	T=0	G=0	-=0	A=15	C=0	
Position 1292:	T=0	G=0	-=0	A=0	C=15	
Position 1293:	T=0	G=0	-=0	A=0	C=15	
Position 1294:	T=0	G=14	-=0	A=0	C=0	
Position 1295:	T=0	G=0	-=0	A=0	C=14	
Position 1296:	T=0	G=0	-=0	A=13	C=0	
Position 1297:	T=12	G=0	-=0	A=0	C=0	
Position 1298:	T=10	G=0	-=0	A=0	C=0	
Position 1299:	T=0	G=0	-=0	A=10	C=0	
Position 1300:	T=0	G=0	-=0	A=10	C=0	
Position 1301:	T=8	G=0	-=0	A=0	C=0	
Position 1302:	T=8	G=0	-=0	A=0	C=0	
Position 1303:	T=0	G=0	-=0	A=8	C=0	
Position 1304:	T=8	G=0	-=0	A=0	C=0	
Position 1305:	T=0	G=0	-=0	A=0	C=8	
Position 1306:	T=0	G=8	-=0	A=0	C=0	
Position 1307:	T=0	G=8	-=0	A=0	C=0	
Position 1308:	T=0	G=0	-=0	A=8	C=0	
Position 1309:	T=0	G=8	-=0	A=0	C=0	
Position 1310:	T=8	G=0	-=0	A=0	C=0	
Position 1311:	T=0	G=0	-=0	A=0	C=7	
Position 1312:	T=0	G=0	-=0	A=0	C=7	
Position 1313:	T=7	G=0	-=0	A=0	C=0	
Position 1314:	T=0	G=0	-=0	A=7	C=0	
Position 1315:	T=0	G=6	-=0	A=0	C=0	
Position 1316:	T=0	G=0	-=0	A=0	C=6	
Position 1317:	T=0	G=0	-=0	A=6	C=0	
Position 1318:	T=0	G=0	-=0	A=0	C=6	
Position 1319:	T=5	G=0	-=0	A=0	C=0	
Position 1320:	T=0	G=0	-=0	A=0	C=5	
Position 1321:	T=0	G=0	-=0	A=4	C=0	
Position 1322:	T=0	G=0	-=0	A=0	C=4	
Position 1323:	T=0	G=0	-=0	A=4	C=0	
Position 1324:	T=0	G=3	-=0	A=0	C=0	
Position 1325:	T=0	G=3	-=0	A=0	C=0	
Position 1326:	T=3	G=0	-=0	A=0	C=0	
Position 1327:	T=0	G=0	-=0	A=3	C=0	
Position 1328:	T=3	G=0	-=0	A=0	C=0	
Position 1329:	T=0	G=0	-=0	A=3	C=0	
Position 1330:	T=0	G=0	-=0	A=0	C=3	
Position 1331:	T=0	G=0	-=0	A=0	C=3	
Position 1332:	T=3	G=0	-=0	A=0	C=0	
Position 1333:	T=3	G=0	-=0	A=0	C=0	
Position 1334:	T=3	G=0	-=0	A=0	C=0	
Position 1335:	T=0	G=0	-=0	A=0	C=3	
Position 1336:	T=0	G=0	-=0	A=0	C=3	
Position 1337:	T=3	G=0	-=0	A=0	C=0	
Position 1338:	T=0	G=0	-=0	A=3	C=0	
Position 1339:	T=0	G=0	-=0	A=3	C=0	
Position 1340:	T=0	G=0	-=0	A=0	C=3	
Position 1341:	T=0	G=0	-=0	A=2	C=0	
Position 1342:	T=0	G=2	-=0	A=0	C=0	
Position 1343:	A=1	N=0	C=0	-=0	G=11	T=0	
Position 1344:	T=0	G=0	-=0	A=1	C=0	
Position 1345:	T=1	G=0	-=0	A=0	C=0	
Position 1346:	T=1	G=0	-=0	A=0	C=0	
Position 1347:	T=0	G=0	-=0	A=0	C=1	
Position 1348:	T=1	G=0	-=0	A=0	C=0	
Position 1349:	T=0	G=0	-=0	A=1	C=0	
Position 1350:	T=0	G=0	-=0	A=0	C=1	
Position 1351:	T=9	G=0	-=0	A=0	C=0	
Position 1352:	T=0	G=0	-=0	A=0	C=9	
Position 1353:	T=8	G=0	-=0	A=0	C=0	
Position 1354:	T=0	G=0	-=0	A=7	C=0	
Position 1355:	T=0	G=0	-=0	A=7	C=0	
Position 1356:	T=0	G=0	-=0	A=6	C=0	
Position 1357:	T=0	G=6	-=0	A=0	C=0	
Position 1358:	T=0	G=0	-=0	A=6	C=0	
Position 1359:	T=0	G=0	-=0	A=0	C=5	
Position 1360:	T=0	G=0	-=0	A=0	C=5	
Position 1361:	T=5	G=0	-=0	A=0	C=0	
Position 1362:	T=0	G=0	-=0	A=4	C=0	
Position 1363:	T=0	G=0	-=0	A=4	C=0	
Position 1364:	T=4	G=0	-=0	A=0	C=0	
Position 1365:	T=4	G=0	-=0	A=0	C=0	
Position 1366:	T=0	G=0	-=0	A=4	C=0	
Position 1367:	T=4	G=0	-=0	A=0	C=0	
Position 1368:	T=0	G=0	-=0	A=0	C=3	
Position 1369:	T=0	G=3	-=0	A=0	C=0	
Position 1370:	T=0	G=0	-=0	A=3	C=0	
Position 1371:	T=0	G=0	-=0	A=3	C=0	
Position 1372:	T=0	G=0	-=0	A=3	C=0	
Position 1373:	T=0	G=0	-=0	A=0	C=3	
Position 1374:	T=0	G=0	-=0	A=0	C=3	
Position 1375:	T=0	G=3	-=0	A=0	C=0	
Position 1376:	T=0	G=0	-=0	A=0	C=3	
Position 1377:	T=0	G=0	-=0	A=0	C=3	
Position 1378:	T=0	G=0	-=0	A=3	C=0	
Position 1379:	T=0	G=0	-=0	A=3	C=0	
Position 1380:	T=0	G=0	-=0	A=0	C=3	
Position 1381:	T=0	G=0	-=0	A=3	C=0	
Position 1382:	T=0	G=0	-=0	A=0	C=3	
Position 1383:	T=0	G=3	-=0	A=0	C=0	
Position 1384:	T=3	G=0	-=0	A=0	C=0	
Position 1385:	T=0	G=0	-=0	A=0	C=3	
Position 1386:	T=0	G=2	-=0	A=1	C=0	
Position 1387:	T=3	G=0	-=0	A=0	C=0	
Position 1388:	T=0	G=0	-=0	A=2	C=0	
Position 1389:	T=0	G=0	-=0	A=0	C=2	
Position 1390:	T=0	G=0	-=0	A=2	C=0	
Position 1391:	T=0	G=0	-=0	A=0	C=2	
Position 1392:	T=0	G=0	-=0	A=0	C=2	
Position 1393:	T=0	G=0	-=0	A=1	C=0	
Position 1394:	T=0	G=0	-=0	A=1	C=0	
Position 1395:	T=0	G=0	-=0	A=0	C=1	
Position 1396:	T=0	G=1	-=0	A=0	C=0	
Position 1397:	T=0	G=0	-=0	A=0	C=1	
Position 1398:	T=0	G=0	-=0	A=0	C=1	
Position 1399:	T=1	G=0	-=0	A=0	C=0	
Position 1400:	T=0	G=1	-=0	A=0	C=0	
Position 1401:	T=0	G=0	-=0	A=1	C=0	
Position 1402:	T=0	G=1	-=0	A=0	C=0	
Position 1403:	T=0	G=0	-=0	A=0	C=1	
Position 1404:	T=0	G=0	-=0	A=0	C=1	
Position 1405:	T=0	G=0	-=0	A=0	C=1	
Position 1406:	T=1	G=0	-=0	A=0	C=0	
Position 1407:	T=0	G=0	-=0	A=1	C=0	
Position 1408:	T=0	G=0	-=0	A=0	C=1	
Position 1409:	T=1	G=0	-=0	A=0	C=0	
Position 1410:	T=0	G=0	-=0	A=1	C=0	
Position 1411:	T=0	G=0	-=0	A=1	C=0	
Position 1412:	T=0	G=0	-=0	A=0	C=1	
Position 1413:	T=0	G=0	-=0	A=1	C=0	
Position 1414:	T=0	G=0	-=0	A=1	C=0	
Position 1415:	T=0	G=0	-=0	A=0	C=2	
Position 1416:	T=2	G=0	-=0	A=0	C=0	
Position 1417:	T=0	G=0	-=0	A=0	C=2	
Position 1418:	T=2	G=0	-=0	A=0	C=0	
Position 1419:	T=0	G=0	-=0	A=0	C=2	
Position 1420:	T=0	G=2	-=0	A=0	C=0	
Position 1421:	T=2	G=0	-=0	A=0	C=0	
Position 1422:	T=2	G=0	-=0	A=0	C=0	
Position 1423:	T=0	G=2	-=0	A=0	C=0	
Position 1424:	T=0	G=0	-=0	A=0	C=2	
Position 1425:	T=0	G=0	-=0	A=0	C=2	
Position 1426:	T=0	G=0	-=0	A=2	C=0	
Position 1427:	T=0	G=0	-=0	A=0	C=2	
Position 1428:	T=0	G=0	-=0	A=2	C=0	
Position 1429:	T=2	G=0	-=0	A=0	C=0	
Position 1430:	T=0	G=0	-=0	A=0	C=2	
Position 1431:	T=0	G=0	-=0	A=0	C=2	
Position 1432:	T=0	G=0	-=0	A=2	C=0	
Position 1433:	T=2	G=0	-=0	A=0	C=0	
Position 1434:	T=0	G=0	-=0	A=2	C=0	
Position 1435:	T=0	G=0	-=0	A=2	C=0	
Position 1436:	T=0	G=0	-=0	A=0	C=2	
Position 1437:	T=0	G=0	-=0	A=0	C=2	
Position 1438:	T=0	G=2	-=0	A=0	C=0	
Position 1439:	T=0	G=0	-=0	A=0	C=2	
Position 1440:	T=2	G=0	-=0	A=0	C=0	
Position 1441:	T=0	G=2	-=0	A=0	C=0	
Position 1442:	T=0	G=0	-=0	A=0	C=1	
Position 1443:	T=0	G=0	-=0	A=0	C=1	
Position 1444:	T=1	G=0	-=0	A=0	C=0	
Position 1445:	T=0	G=0	-=0	A=1	C=0	
Position 1446:	T=0	G=0	-=0	A=0	C=1	
Position 1447:	T=0	G=0	-=0	A=1	C=0	
Position 1448:	T=0	G=8	-=0	A=1	C=0	
Position 1449:	T=1	G=0	-=0	A=0	C=0	
Position 1450:	T=0	G=0	-=0	A=1	C=0	
Position 1451:	T=0	G=0	-=0	A=0	C=1	
Position 1452:	T=1	G=0	-=0	A=0	C=0	
Position 1453:	T=0	G=0	-=0	A=0	C=1	
Position 1454:	T=0	G=1	-=0	A=0	C=0	
Position 1455:	T=0	G=0	-=0	A=1	C=0	
Position 1456:	T=0	G=0	-=0	A=1	C=0	
Position 1457:	T=1	G=0	-=0	A=0	C=0	
Position 1458:	T=0	G=0	-=0	A=0	C=1	
Position 1459:	T=0	G=1	-=0	A=0	C=0	
Position 1460:	T=1	G=0	-=0	A=0	C=0	
Position 1461:	T=0	G=0	-=0	A=1	C=0	
Position 1462:	T=1	G=0	-=0	A=0	C=0	
Position 1463:	T=1	G=0	-=0	A=0	C=0	
Position 1464:	T=0	G=0	-=0	A=0	C=1	
Position 1465:	T=1	G=0	-=0	A=0	C=0	
Position 1466:	T=1	G=0	-=0	A=0	C=0	
Position 1467:	T=1	G=0	-=0	A=0	C=0	
Position 1468:	T=0	G=5	-=0	A=1	C=0	
Position 1469:	T=1	G=0	-=0	A=0	C=0	
Position 1470:	T=0	G=0	-=0	A=1	C=0	
Position 1471:	T=0	G=0	-=0	A=0	C=5	
Position 1472:	T=4	G=0	-=0	A=0	C=0	
Position 1473:	T=4	G=0	-=0	A=0	C=0	
Position 1474:	T=0	G=0	-=0	A=0	C=4	
Position 1475:	T=4	G=0	-=0	A=0	C=0	
Position 1476:	T=0	G=0	-=0	A=4	C=0	
Position 1477:	T=0	G=4	-=0	A=0	C=0	
Position 1478:	T=0	G=3	-=0	A=0	C=0	
Position 1479:	T=0	G=0	-=0	A=3	C=0	
Position 1480:	T=0	G=0	-=0	A=0	C=3	
Position 1481:	T=0	G=0	-=0	A=3	C=0	
Position 1482:	T=0	G=0	-=0	A=3	C=0	
Position 1483:	T=0	G=0	-=0	A=0	C=3	
Position 1484:	T=0	G=0	-=0	A=0	C=3	
Position 1485:	T=3	G=0	-=0	A=0	C=0	
Position 1486:	T=0	G=0	-=0	A=0	C=3	
Position 1487:	T=0	G=3	-=0	A=0	C=0	
Position 1488:	T=0	G=0	-=0	A=0	C=3	
Position 1489:	T=3	G=0	-=0	A=0	C=0	
Position 1490:	T=3	G=0	-=0	A=0	C=0	
Position 1491:	T=3	G=0	-=0	A=0	C=0	
Position 1492:	T=0	G=0	-=0	A=2	C=0	
Position 1493:	T=0	G=0	-=0	A=2	C=0	
Position 1494:	T=1	G=0	-=0	A=0	C=2	
Position 1495:	T=0	G=0	-=0	A=0	C=2	
Position 1496:	T=0	G=0	-=0	A=0	C=2	
Position 1497:	T=2	G=0	-=0	A=0	C=0	
Position 1498:	T=0	G=2	-=0	A=0	C=0	
Position 1499:	T=2	G=0	-=0	A=0	C=0	
Position 1500:	T=0	G=0	-=0	A=0	C=2	
Position 1501:	T=0	G=0	-=0	A=1	C=0	
Position 1502:	T=1	G=0	-=0	A=0	C=0	
Position 1503:	T=1	G=0	-=0	A=0	C=0	
Position 1504:	T=0	G=0	-=0	A=1	C=0	
Position 1505:	T=1	G=0	-=0	A=0	C=0	
Position 1506:	T=12	G=0	-=0	A=0	C=0	
Position 1507:	T=0	G=0	-=0	A=12	C=0	
Position 1508:	T=13	G=0	-=0	A=0	C=0	
Position 1509:	T=0	G=0	-=0	A=0	C=14	
Position 1510:	T=0	G=0	-=0	A=14	C=0	
Position 1511:	T=0	G=0	-=0	A=14	C=0	
Position 1512:	T=1	G=0	-=0	A=0	C=13	
Position 1513:	T=0	G=14	-=0	A=0	C=0	
Position 1514:	T=0	G=0	-=0	A=14	C=0	
Position 1515:	T=0	G=14	-=0	A=0	C=0	
Position 1516:	T=0	G=0	-=0	A=14	C=0	
Position 1517:	T=0	G=0	-=0	A=15	C=0	
Position 1518:	T=16	G=0	-=0	A=0	C=0	
Position 1519:	T=0	G=0	-=0	A=16	C=0	
Position 1520:	T=0	G=0	-=0	A=16	C=0	
Position 1521:	T=0	G=0	-=0	A=0	C=16	
Position 1522:	T=0	G=0	-=0	A=0	C=16	
Position 1523:	T=0	G=0	-=0	A=0	C=16	
Position 1524:	T=0	G=0	-=0	A=0	C=16	
Position 1525:	T=0	G=0	-=0	A=0	C=16	
Position 1526:	T=16	G=0	-=0	A=0	C=0	
Position 1527:	T=0	G=0	-=0	A=0	C=16	
Position 1528:	T=0	G=0	-=0	A=0	C=16	
Position 1529:	T=15	G=0	-=0	A=0	C=0	
Position 1530:	T=0	G=0	-=0	A=15	C=0	
Position 1531:	T=0	G=0	-=0	A=15	C=0	
Position 1532:	T=15	G=0	-=0	A=0	C=0	
Position 1533:	T=0	G=0	-=0	A=0	C=14	
Position 1534:	T=0	G=0	-=0	A=13	C=0	
Position 1535:	T=0	G=0	-=0	A=13	C=0	
Position 1536:	T=12	G=0	-=0	A=0	C=0	
Position 1537:	T=12	G=0	-=0	A=0	C=0	
Position 1538:	T=0	G=0	-=0	A=0	C=12	
Position 1539:	T=0	G=0	-=0	A=0	C=11	
Position 1540:	T=0	G=0	-=0	A=10	C=0	
Position 1541:	T=9	G=0	-=0	A=0	C=0	
Position 1542:	T=0	G=0	-=0	A=0	C=9	
Position 1543:	T=0	G=0	-=0	A=8	C=0	
Position 1544:	T=0	G=0	-=0	A=8	C=0	
Position 1545:	T=0	G=8	-=0	A=0	C=0	
Position 1546:	T=0	G=0	-=0	A=0	C=8	
Position 1547:	T=0	G=8	-=0	A=0	C=0	
Position 1548:	T=8	G=0	-=0	A=0	C=0	
Position 1549:	T=0	G=0	-=0	A=0	C=8	
Position 1550:	T=7	G=0	-=0	A=0	C=0	
Position 1551:	T=0	G=5	-=0	A=1	C=0	
Position 1552:	T=0	G=0	-=0	A=0	C=5	
Position 1553:	T=5	G=0	-=0	A=0	C=0	
Position 1554:	T=5	G=0	-=0	A=0	C=0	
Position 1555:	T=0	G=0	-=0	A=0	C=5	
Position 1556:	T=5	G=0	-=0	A=0	C=0	
Position 1557:	T=0	G=0	-=0	A=5	C=0	
Position 1558:	T=0	G=5	-=0	A=0	C=0	
Position 1559:	T=0	G=4	-=0	A=1	C=0	
Position 1560:	T=0	G=0	-=0	A=4	C=0	
Position 1561:	T=0	G=0	-=0	A=4	C=0	
Position 1562:	T=0	G=4	-=0	A=0	C=0	
Position 1563:	T=4	G=0	-=0	A=0	C=0	
Position 1564:	T=0	G=0	-=0	A=4	C=0	
Position 1565:	T=4	G=0	-=0	A=0	C=0	
Position 1566:	T=4	G=0	-=0	A=0	C=0	
Position 1567:	T=3	G=0	-=0	A=0	C=0	
Position 1568:	T=3	G=0	-=0	A=0	C=0	
Position 1569:	T=0	G=0	-=0	A=0	C=3	
Position 1570:	T=0	G=3	-=0	A=0	C=0	
Position 1571:	T=0	G=0	-=0	A=0	C=1	
Position 1572:	T=0	G=0	-=0	A=1	C=0	
Position 1573:	T=0	G=1	-=0	A=0	C=0	
Position 1574:	T=0	G=1	-=0	A=0	C=0	
Position 1575:	T=0	G=0	-=0	A=1	C=0	
Position 1576:	T=1	G=0	-=0	A=0	C=0	
Position 1577:	T=0	G=0	-=0	A=1	C=0	
Position 1578:	T=0	G=0	-=0	A=0	C=1	
Position 1579:	T=0	G=0	-=0	A=0	C=1	
Position 1580:	T=1	G=0	-=0	A=0	C=0	
Position 1581:	T=0	G=0	-=0	A=1	C=0	
Position 1582:	T=0	G=0	-=0	A=1	C=0	
Position 1583:	T=1	G=0	-=0	A=0	C=0	
Position 1584:	T=0	G=0	-=0	A=0	C=1	
Position 1585:	T=1	G=0	-=0	A=0	C=0	
Position 1586:	T=1	G=0	-=0	A=0	C=0	
Position 1587:	T=0	G=0	-=0	A=0	C=1	
Position 1588:	T=0	G=0	-=0	A=0	C=1	
Position 1589:	T=0	G=0	-=0	A=1	C=0	
Position 1590:	A=0	N=0	C=1	-=0	G=0	T=0	
Position 1591:	T=0	G=0	-=0	A=1	C=0	
Position 1592:	T=0	G=0	-=0	A=1	C=0	
Position 1593:	T=1	G=0	-=0	A=0	C=0	
Position 1594:	T=0	G=0	-=0	A=1	C=0	
Position 1595:	T=1	G=0	-=0	A=0	C=0	
Position 1596:	T=0	G=0	-=0	A=0	C=1	
Position 1597:	T=0	G=0	-=0	A=1	C=0	
Position 1598:	T=0	G=0	-=0	A=0	C=1	
Position 1599:	T=0	G=0	-=0	A=1	C=0	
Position 1600:	T=0	G=0	-=0	A=0	C=1	
Position 1601:	T=0	G=0	-=0	A=0	C=1	
Position 1602:	T=0	G=0	-=0	A=0	C=1	
Position 1603:	T=0	G=0	-=0	A=1	C=0	
Position 1604:	T=0	G=0	-=0	A=0	C=3	
Position 1605:	T=2	G=0	-=0	A=0	C=0	
Position 1606:	T=0	G=0	-=0	A=2	C=0	
Position 1607:	T=0	G=0	-=0	A=0	C=2	
Position 1608:	T=0	G=0	-=0	A=0	C=2	
Position 1609:	T=0	G=0	-=0	A=1	C=0	
Position 1610:	T=1	G=0	-=0	A=0	C=0	
Position 1611:	T=0	G=0	-=0	A=0	C=1	
Position 1612:	T=0	G=0	-=0	A=0	C=1	
Position 1613:	T=0	G=0	-=0	A=0	C=1	
Position 1614:	T=0	G=0	-=0	A=1	C=0	
Position 1615:	T=0	G=0	-=0	A=0	C=1	
Position 1616:	T=0	G=0	-=0	A=1	C=0	
Position 1617:	T=0	G=0	-=0	A=1	C=0	
Position 1618:	T=0	G=0	-=0	A=1	C=0	
Position 1619:	T=1	G=0	-=0	A=0	C=0	
Position 1620:	T=0	G=0	-=0	A=1	C=0	
Position 1621:	T=0	G=0	-=0	A=1	C=0	
Position 1622:	T=0	G=0	-=0	A=0	C=14	
Position 1623:	T=0	G=0	-=0	A=0	C=14	
Position 1624:	T=0	G=0	-=0	A=14	C=0	
Position 1625:	T=14	G=0	-=0	A=0	C=0	
Position 1626:	T=0	G=0	-=0	A=13	C=0	
Position 1627:	T=0	G=0	-=0	A=0	C=13	
Position 1628:	T=0	G=0	-=0	A=0	C=12	
Position 1629:	T=0	G=0	-=0	A=0	C=10	
Position 1630:	T=10	G=0	-=0	A=0	C=0	
Position 1631:	T=0	G=0	-=0	A=10	C=0	
Position 1632:	T=0	G=0	-=0	A=0	C=9	
Position 1633:	T=9	G=0	-=0	A=0	C=0	
Position 1634:	T=0	G=0	-=0	A=7	C=0	
Position 1635:	T=1	G=0	-=0	A=0	C=5	
Position 1636:	T=0	G=0	-=0	A=0	C=5	
Position 1637:	T=5	G=0	-=0	A=0	C=0	
Position 1638:	T=0	G=0	-=0	A=5	C=0	
Position 1639:	T=0	G=0	-=0	A=5	C=0	
Position 1640:	T=0	G=0	-=0	A=4	C=0	
Position 1641:	T=0	G=0	-=0	A=4	C=0	
Position 1642:	T=0	G=0	-=0	A=4	C=0	
Position 1643:	T=4	G=0	-=0	A=0	C=0	
Position 1644:	T=0	G=0	-=0	A=3	C=0	
Position 1645:	T=0	G=0	-=0	A=3	C=0	
Position 1646:	T=3	G=0	-=0	A=0	C=0	
Position 1647:	T=0	G=0	-=0	A=3	C=0	
Position 1648:	T=0	G=2	-=0	A=1	C=0	
Position 1649:	T=0	G=0	-=0	A=0	C=3	
Position 1650:	T=3	G=0	-=0	A=0	C=0	
Position 1651:	T=0	G=0	-=0	A=0	C=1	
Position 1652:	T=1	G=0	-=0	A=0	C=0	
Position 1653:	T=0	G=0	-=0	A=0	C=1	
Position 1654:	T=0	G=1	-=0	A=0	C=0	
Position 1655:	T=0	G=0	-=0	A=0	C=1	
Position 1656:	T=0	G=1	-=0	A=0	C=0	
Position 1657:	T=0	G=1	-=0	A=0	C=0	
Position 1658:	T=1	G=0	-=0	A=0	C=0	
Position 1659:	T=0	G=0	-=0	A=0	C=1	
Position 1660:	T=0	G=0	-=0	A=1	C=0	
Position 1661:	T=0	G=0	-=0	A=0	C=1	
Position 1662:	T=1	G=0	-=0	A=0	C=0	
Position 1663:	T=0	G=0	-=0	A=1	C=0	
Position 1664:	T=1	G=0	-=0	A=0	C=0	
Position 1665:	T=0	G=0	-=0	A=1	C=0	
Position 1666:	T=0	G=0	-=0	A=0	C=1	
Position 1667:	T=1	G=0	-=0	A=0	C=0	
Position 1668:	T=0	G=0	-=0	A=1	C=0	
Position 1669:	T=0	G=1	-=0	A=0	C=0	
Position 1670:	T=0	G=1	-=0	A=0	C=0	
Position 1671:	T=1	G=0	-=0	A=0	C=0	
Position 1672:	T=1	G=0	-=0	A=0	C=0	
Position 1673:	T=1	G=0	-=0	A=0	C=0	
Position 1674:	T=1	G=0	-=0	A=0	C=0	
Position 1675:	T=0	G=0	-=0	A=1	C=0	
Position 1676:	T=1	G=0	-=0	A=0	C=0	
Position 1677:	T=0	G=0	-=0	A=0	C=1	
Position 1678:	T=0	G=0	-=0	A=0	C=1	
Position 1679:	T=1	G=0	-=0	A=0	C=0	
Position 1680:	T=0	G=0	-=0	A=2	C=0	
Position 1681:	T=0	G=2	-=0	A=0	C=0	
Position 1682:	T=0	G=0	-=0	A=0	C=2	
Position 1683:	T=0	G=0	-=0	A=2	C=0	
Position 1684:	T=2	G=0	-=0	A=0	C=0	
Position 1685:	T=2	G=0	-=0	A=0	C=0	
Position 1686:	T=0	G=0	-=0	A=2	C=0	
Position 1687:	T=0	G=2	-=0	A=0	C=0	
Position 1688:	T=0	G=0	-=0	A=2	C=0	
Position 1689:	T=0	G=0	-=0	A=2	C=0	
Position 1690:	T=0	G=0	-=0	A=0	C=2	
Position 1691:	T=1	G=0	-=0	A=0	C=0	
Position 1692:	T=0	G=0	-=0	A=0	C=3	
Position 1693:	T=0	G=0	-=0	A=3	C=0	
Position 1694:	T=0	G=0	-=0	A=2	C=0	
Position 1695:	T=2	G=0	-=0	A=0	C=0	
Position 1696:	T=2	G=0	-=0	A=0	C=0	
Position 1697:	T=0	G=0	-=0	A=0	C=2	
Position 1698:	T=2	G=0	-=0	A=0	C=0	
Position 1699:	T=0	G=0	-=0	A=2	C=0	
Position 1700:	T=0	G=0	-=0	A=0	C=2	
Position 1701:	T=0	G=0	-=0	A=0	C=2	
Position 1702:	T=0	G=0	-=0	A=2	C=0	
Position 1703:	A=0	N=0	C=1	-=0	G=0	T=0	
Position 1704:	T=0	G=0	-=0	A=1	C=0	
Position 1705:	T=0	G=0	-=0	A=0	C=1	
Position 1706:	T=0	G=0	-=0	A=1	C=0	
Position 1707:	T=0	G=0	-=0	A=1	C=0	
Position 1708:	T=0	G=0	-=0	A=1	C=0	
Position 1709:	T=0	G=0	-=0	A=0	C=1	
Position 1710:	T=1	G=0	-=0	A=0	C=0	
Position 1711:	T=0	G=0	-=0	A=0	C=1	
Position 1712:	T=1	G=0	-=0	A=0	C=0	
Position 1713:	T=0	G=0	-=0	A=0	C=1	
Position 1714:	T=0	G=0	-=0	A=1	C=0	
Position 1715:	T=0	G=0	-=0	A=1	C=0	
Position 1716:	T=0	G=0	-=0	A=1	C=0	
Position 1717:	T=0	G=0	-=0	A=0	C=1	
Position 1718:	T=1	G=0	-=0	A=0	C=0	
Position 1719:	T=1	G=0	-=0	A=0	C=0	
Position 1720:	T=0	G=1	-=0	A=0	C=0	
Position 1721:	T=0	G=0	-=0	A=1	C=0	
Position 1722:	T=0	G=0	-=0	A=0	C=1	
Position 1723:	T=1	G=0	-=0	A=0	C=0	
Position 1724:	T=0	G=0	-=0	A=1	C=0	
Position 1725:	T=1	G=0	-=0	A=0	C=0	
Position 1726:	T=0	G=0	-=0	A=0	C=1	
Position 1727:	T=0	G=0	-=0	A=0	C=1	
Position 1728:	T=0	G=0	-=0	A=1	C=0	
Position 1729:	T=0	G=0	-=0	A=0	C=1	
Position 1730:	T=0	G=0	-=0	A=1	C=0	
Position 1731:	T=0	G=0	-=0	A=1	C=0	
Position 1732:	T=0	G=0	-=0	A=1	C=0	
Position 1733:	T=0	G=0	-=0	A=1	C=0	
Position 1734:	T=1	G=0	-=0	A=0	C=0	
Position 1735:	T=0	G=0	-=0	A=0	C=1	
Position 1736:	T=0	G=0	-=0	A=0	C=1	
Position 1737:	T=0	G=0	-=0	A=1	C=0	
Position 1738:	T=1	G=0	-=0	A=0	C=0	
Position 1739:	T=1	G=0	-=0	A=0	C=0	
Position 1740:	T=1	G=0	-=0	A=0	C=0	
Position 1741:	T=0	G=0	-=0	A=1	C=0	
Position 1742:	T=0	G=0	-=0	A=1	C=0	
Position 1743:	T=0	G=0	-=0	A=1	C=0	
Position 1744:	T=1	G=0	-=0	A=0	C=0	
Position 1745:	T=1	G=0	-=0	A=0	C=0	
Position 1746:	T=0	G=0	-=0	A=0	C=1	
Position 1747:	T=1	G=0	-=0	A=0	C=0	
Position 1748:	T=0	G=0	-=0	A=0	C=1	
Position 1749:	T=1	G=0	-=0	A=0	C=0	
Position 1750:	T=0	G=0	-=0	A=1	C=0	
Position 1751:	T=1	G=0	-=0	A=0	C=0	
Position 1752:	T=1	G=0	-=0	A=0	C=0	
Position 1753:	T=0	G=0	-=0	A=0	C=1	
Position 1754:	T=0	G=0	-=0	A=1	C=0	
Position 1755:	T=0	G=0	-=0	A=1	C=0	
Position 1756:	T=0	G=0	-=0	A=0	C=1	
Position 1757:	T=1	G=0	-=0	A=0	C=0	
Position 1758:	T=0	G=0	-=0	A=1	C=0	
Position 1759:	T=0	G=1	-=0	A=0	C=0	
Position 1760:	T=0	G=1	-=0	A=0	C=0	
Position 1761:	T=0	G=0	-=0	A=1	C=0	
Position 1762:	T=1	G=0	-=0	A=0	C=0	
Position 1763:	T=0	G=0	-=0	A=1	C=0	
Position 1764:	T=0	G=0	-=0	A=0	C=1	
Position 1765:	T=1	G=0	-=0	A=0	C=0	
Position 1766:	T=1	G=0	-=0	A=0	C=0	
Position 1767:	T=0	G=0	-=0	A=0	C=1	
Position 1768:	T=0	G=0	-=0	A=0	C=1	
Position 1769:	T=0	G=0	-=0	A=0	C=1	
Position 1770:	T=0	G=0	-=0	A=0	C=1	
Position 1771:	T=0	G=0	-=0	A=1	C=0	
Position 1772:	T=1	G=0	-=0	A=0	C=0	
Position 1773:	T=0	G=0	-=0	A=0	C=1	
Position 1774:	T=0	G=0	-=0	A=1	C=0	
Position 1775:	T=1	G=0	-=0	A=0	C=0	
Position 1776:	T=0	G=0	-=0	A=0	C=1	
Position 1777:	T=0	G=0	-=0	A=1	C=0	
Position 1778:	T=1	G=0	-=0	A=0	C=0	
Position 1779:	T=1	G=0	-=0	A=0	C=0	
Position 1780:	T=0	G=0	-=0	A=0	C=1	
Position 1781:	T=0	G=0	-=0	A=1	C=0	
Position 1782:	T=0	G=0	-=0	A=0	C=1	
Position 1783:	T=0	G=0	-=0	A=0	C=1	
Position 1784:	T=0	G=1	-=0	A=0	C=0	
Position 1785:	T=0	G=0	-=0	A=0	C=1	
Position 1786:	T=0	G=0	-=0	A=0	C=1	
Position 1787:	T=1	G=0	-=0	A=0	C=0	
Position 1788:	T=0	G=0	-=0	A=0	C=1	
Position 1789:	T=0	G=0	-=0	A=0	C=1	
Position 1790:	T=1	G=0	-=0	A=0	C=0	
Position 1791:	T=0	G=1	-=0	A=0	C=0	
Position 1792:	T=0	G=0	-=0	A=0	C=1	
Position 1793:	T=0	G=0	-=0	A=0	C=1	
Position 1794:	T=0	G=0	-=0	A=1	C=0	
Position 1795:	T=0	G=0	-=0	A=1	C=0	
Position 1796:	T=2	G=0	-=0	A=0	C=0	
Position 1797:	T=0	G=0	-=0	A=2	C=0	
Position 1798:	T=0	G=0	-=0	A=2	C=0	
Position 1799:	T=2	G=0	-=0	A=0	C=0	
Position 1800:	A=1	N=0	C=0	-=0	G=6	T=0	
Position 1801:	T=0	G=0	-=0	A=2	C=0	
Position 1802:	T=0	G=2	-=0	A=0	C=0	
Position 1803:	T=0	G=0	-=0	A=0	C=2	
Position 1804:	T=2	G=0	-=0	A=0	C=0	
Position 1805:	T=1	G=0	-=0	A=0	C=0	
Position 1806:	T=0	G=1	-=0	A=0	C=0	
Position 1807:	T=1	G=0	-=0	A=0	C=0	
Position 1808:	T=0	G=0	-=0	A=0	C=1	
Position 1809:	T=0	G=0	-=0	A=1	C=0	
Position 1810:	T=0	G=0	-=0	A=1	C=0	
Position 1811:	T=5	G=0	-=0	A=0	C=0	
Position 1812:	T=0	G=0	-=0	A=5	C=0	
Position 1813:	T=0	G=0	-=0	A=5	C=0	
Position 1814:	T=0	G=4	-=0	A=0	C=0	
Position 1815:	T=0	G=0	-=0	A=0	C=4	
Position 1816:	T=0	G=0	-=0	A=0	C=4	
Position 1817:	T=0	G=0	-=0	A=3	C=0	
Position 1818:	T=0	G=0	-=0	A=3	C=0	
Position 1819:	T=0	G=0	-=0	A=3	C=0	
Position 1820:	T=0	G=0	-=0	A=3	C=0	
Position 1821:	T=0	G=0	-=0	A=3	C=0	
Position 1822:	T=0	G=0	-=0	A=3	C=0	
Position 1823:	T=3	G=0	-=0	A=0	C=0	
Position 1824:	T=0	G=3	-=0	A=0	C=0	
Position 1825:	T=0	G=3	-=0	A=0	C=0	
Position 1826:	T=0	G=0	-=0	A=0	C=3	
Position 1827:	T=0	G=0	-=0	A=2	C=0	
Position 1828:	T=2	G=0	-=0	A=0	C=0	
Position 1829:	T=0	G=0	-=0	A=0	C=2	
Position 1830:	T=2	G=0	-=0	A=0	C=0	
Position 1831:	T=0	G=0	-=0	A=2	C=0	
Position 1832:	T=2	G=0	-=0	A=0	C=0	
Position 1833:	T=0	G=0	-=0	A=2	C=0	
Position 1834:	T=1	G=0	-=0	A=0	C=0	
Position 1835:	T=1	G=0	-=0	A=0	C=0	
Position 1836:	T=0	G=0	-=0	A=1	C=0	
Position 1837:	T=0	G=0	-=0	A=0	C=1	
Position 1838:	T=1	G=0	-=0	A=0	C=0	
Position 1839:	T=0	G=0	-=0	A=1	C=0	
Position 1840:	T=0	G=1	-=0	A=0	C=0	
Position 1841:	T=0	G=0	-=0	A=1	C=0	
Position 1842:	T=0	G=0	-=0	A=0	C=1	
Position 1843:	T=0	G=0	-=0	A=1	C=0	
Position 1844:	T=1	G=0	-=0	A=0	C=0	
Position 1845:	T=0	G=0	-=0	A=1	C=0	
Position 1846:	T=0	G=0	-=0	A=1	C=0	
Position 1847:	T=0	G=0	-=0	A=0	C=1	
Position 1848:	T=0	G=0	-=0	A=0	C=1	
Position 1849:	T=1	G=0	-=0	A=0	C=0	
Position 1850:	T=0	G=1	-=0	A=0	C=0	
Position 1851:	T=0	G=0	-=0	A=1	C=0	
Position 1852:	T=0	G=0	-=0	A=0	C=1	
Position 1853:	T=1	G=0	-=0	A=0	C=0	
Position 1854:	T=0	G=0	-=0	A=1	C=0	
Position 1855:	T=0	G=1	-=0	A=0	C=0	
Position 1856:	T=0	G=0	-=0	A=1	C=0	
Position 1857:	T=0	G=0	-=0	A=1	C=0	
Position 1858:	T=0	G=0	-=0	A=1	C=0	
Position 1859:	T=0	G=0	-=0	A=1	C=0	
Position 1860:	T=1	G=0	-=0	A=0	C=0	
Position 1861:	T=0	G=1	-=0	A=0	C=0	
Position 1862:	T=1	G=0	-=0	A=0	C=0	
Position 1863:	T=0	G=0	-=0	A=1	C=0	
Position 1864:	T=0	G=0	-=0	A=0	C=1	
Position 1865:	T=1	G=0	-=0	A=0	C=0	
Position 1866:	T=0	G=0	-=0	A=1	C=0	
Position 1867:	T=0	G=0	-=0	A=0	C=1	
Position 1868:	T=0	G=0	-=0	A=0	C=1	
Position 1869:	T=0	G=0	-=0	A=1	C=0	
Position 1870:	T=0	G=0	-=0	A=1	C=0	
Position 1871:	T=0	G=0	-=0	A=1	C=0	
Position 1872:	T=0	G=0	-=0	A=1	C=0	
Position 1873:	T=1	G=0	-=0	A=0	C=0	
Position 1874:	T=0	G=0	-=0	A=0	C=1	
Position 1875:	T=0	G=0	-=0	A=0	C=1	
Position 1876:	T=0	G=0	-=0	A=1	C=0	
Position 1877:	T=1	G=0	-=0	A=0	C=0	
Position 1878:	T=0	G=0	-=0	A=0	C=1	
Position 1879:	T=1	G=0	-=0	A=0	C=0	
Position 1880:	T=0	G=0	-=0	A=0	C=1	
Position 1881:	T=0	G=0	-=0	A=0	C=1	
Position 1882:	T=1	G=0	-=0	A=0	C=0	
Position 1883:	T=0	G=0	-=0	A=1	C=0	
Position 1884:	T=0	G=0	-=0	A=0	C=4	
Position 1885:	T=4	G=0	-=0	A=0	C=0	
Position 1886:	T=3	G=0	-=0	A=0	C=0	
Position 1887:	T=0	G=0	-=0	A=0	C=1	
Position 1888:	T=0	G=0	-=0	A=0	C=1	
Position 1889:	T=0	G=0	-=0	A=1	C=0	
Position 1890:	T=0	G=0	-=0	A=1	C=0	
Position 1891:	T=0	G=0	-=0	A=1	C=0	
Position 1892:	T=1	G=0	-=0	A=0	C=0	
Position 1893:	T=0	G=0	-=0	A=1	C=0	
Position 1894:	T=0	G=0	-=0	A=1	C=0	
Position 1895:	T=0	G=0	-=0	A=1	C=0	
Position 1896:	T=0	G=0	-=0	A=1	C=0	
Position 1897:	T=1	G=0	-=0	A=0	C=0	
Position 1898:	T=0	G=0	-=0	A=0	C=1	
Position 1899:	T=1	G=0	-=0	A=0	C=0	
Position 1900:	T=1	G=0	-=0	A=0	C=0	
Position 1901:	T=0	G=0	-=0	A=0	C=1	
Position 1902:	T=0	G=0	-=0	A=4	C=0	
Position 1903:	T=0	G=0	-=0	A=4	C=0	
Position 1904:	T=3	G=0	-=0	A=0	C=0	
Position 1905:	T=1	G=0	-=0	A=0	C=2	
Position 1906:	T=0	G=0	-=0	A=2	C=0	
Position 1907:	T=0	G=0	-=0	A=0	C=2	
Position 1908:	T=0	G=0	-=0	A=2	C=0	
Position 1909:	T=0	G=2	-=0	A=0	C=0	
Position 1910:	T=2	G=0	-=0	A=0	C=0	
Position 1911:	T=0	G=0	-=0	A=0	C=1	
Position 1912:	T=1	G=0	-=0	A=0	C=0	
Position 1913:	T=0	G=0	-=0	A=0	C=1	
Position 1914:	T=1	G=0	-=0	A=0	C=0	
Position 1915:	T=0	G=0	-=0	A=1	C=0	
Position 1916:	T=0	G=0	-=0	A=1	C=0	
Position 1917:	T=0	G=0	-=0	A=0	C=1	
Position 1918:	T=0	G=0	-=0	A=0	C=1	
Position 1919:	T=0	G=0	-=0	A=1	C=0	
Position 1920:	T=0	G=0	-=0	A=1	C=0	
Position 1921:	T=0	G=0	-=0	A=1	C=0	
Position 1922:	T=0	G=0	-=0	A=1	C=0	
Position 1923:	T=0	G=0	-=0	A=1	C=0	
Position 1924:	T=0	G=1	-=0	A=0	C=0	
Position 1925:	T=0	G=1	-=0	A=0	C=0	
Position 1926:	T=0	G=0	-=0	A=1	C=0	
Position 1927:	T=0	G=0	-=0	A=0	C=1	
Position 1928:	T=1	G=0	-=0	A=0	C=0	
Position 1929:	T=0	G=0	-=0	A=1	C=0	
Position 1930:	T=0	G=0	-=0	A=1	C=0	
Position 1931:	T=1	G=0	-=0	A=0	C=0	
Position 1932:	T=1	G=0	-=0	A=0	C=0	
Position 1933:	T=0	G=0	-=0	A=1	C=0	
Position 1934:	T=0	G=0	-=0	A=1	C=0	
Position 1935:	T=0	G=0	-=0	A=1	C=0	
Position 1936:	T=0	G=0	-=0	A=0	C=1	
Position 1937:	T=1	G=0	-=0	A=0	C=0	
Position 1938:	T=0	G=0	-=0	A=1	C=0	
Position 1939:	T=1	G=0	-=0	A=0	C=0	
Position 1940:	T=0	G=0	-=0	A=1	C=0	
Position 1941:	T=0	G=0	-=0	A=0	C=1	
Position 1942:	T=1	G=0	-=0	A=0	C=0	
Position 1943:	T=1	G=0	-=0	A=0	C=0	
Position 1944:	T=0	G=0	-=0	A=0	C=1	
Position 1945:	T=0	G=0	-=0	A=0	C=1	
Position 1946:	T=1	G=0	-=0	A=0	C=0	
Position 1947:	T=0	G=0	-=0	A=0	C=1	
Position 1948:	T=1	G=0	-=0	A=0	C=0	
Position 1949:	T=0	G=0	-=0	A=0	C=1	
Position 1950:	T=1	G=0	-=0	A=0	C=0	
Position 1951:	T=1	G=0	-=0	A=0	C=0	
Position 1952:	T=1	G=0	-=0	A=0	C=0	
Position 1953:	T=0	G=0	-=0	A=0	C=1	
Position 1954:	T=0	G=0	-=0	A=1	C=0	
Position 1955:	T=1	G=0	-=0	A=0	C=0	
Position 1956:	T=0	G=1	-=0	A=0	C=0	
Position 1957:	T=0	G=0	-=0	A=1	C=0	
Position 1958:	T=1	G=0	-=0	A=0	C=0	
Position 1959:	T=0	G=0	-=0	A=0	C=1	
Position 1960:	T=0	G=0	-=0	A=1	C=0	
Position 1961:	T=0	G=0	-=0	A=0	C=1	
Position 1962:	T=0	G=0	-=0	A=1	C=0	
Position 1963:	T=1	G=0	-=0	A=0	C=0	
Position 1964:	T=1	G=0	-=0	A=0	C=0	
Position 1965:	T=0	G=0	-=0	A=1	C=0	
Position 1966:	T=0	G=0	-=0	A=1	C=0	
Position 1967:	T=1	G=0	-=0	A=0	C=0	
Position 1968:	T=0	G=0	-=0	A=0	C=1	
Position 1969:	T=0	G=0	-=0	A=0	C=1	
Position 1970:	T=1	G=0	-=0	A=0	C=0	
Position 1971:	T=0	G=0	-=0	A=1	C=0	
Position 1972:	T=0	G=0	-=0	A=1	C=0	
Position 1973:	T=0	G=1	-=0	A=0	C=0	
Position 1974:	T=0	G=0	-=0	A=0	C=1	
Position 1975:	T=1	G=0	-=0	A=0	C=0	
Position 1976:	T=1	G=0	-=0	A=0	C=0	
Position 1977:	T=0	G=0	-=0	A=0	C=1	
Position 1978:	T=2	G=0	-=0	A=0	C=0	
Position 1979:	T=2	G=0	-=0	A=0	C=0	
Position 1980:	T=0	G=0	-=0	A=0	C=2	
Position 1981:	T=0	G=2	-=0	A=0	C=0	
Position 1982:	T=2	G=0	-=0	A=0	C=0	
Position 1983:	T=0	G=0	-=0	A=2	C=0	
Position 1984:	T=0	G=0	-=0	A=0	C=2	
Position 1985:	T=1	G=0	-=0	A=0	C=0	
Position 1986:	T=1	G=0	-=0	A=0	C=0	
Position 1987:	T=0	G=0	-=0	A=1	C=0	
Position 1988:	T=0	G=0	-=0	A=1	C=0	
Position 1989:	T=1	G=0	-=0	A=0	C=0	
Position 1990:	T=1	G=0	-=0	A=0	C=0	
Position 1991:	T=1	G=0	-=0	A=0	C=0	
Position 1992:	T=0	G=0	-=0	A=0	C=1	
Position 1993:	T=0	G=0	-=0	A=0	C=1	
Position 1994:	T=0	G=0	-=0	A=1	C=0	
Position 1995:	T=0	G=0	-=0	A=0	C=1	
Position 1996:	T=0	G=15	-=0	A=0	C=0	
Position 1997:	T=0	G=0	-=0	A=15	C=0	
Position 1998:	T=0	G=14	-=0	A=1	C=0	
Position 1999:	T=14	G=0	-=0	A=0	C=0	
Position 2000:	T=0	G=0	-=0	A=14	C=0	
Position 2001:	T=0	G=0	-=0	A=14	C=0	
Position 2002:	T=0	G=0	-=0	A=0	C=12	
Position 2003:	T=12	G=0	-=0	A=0	C=0	
Position 2004:	T=12	G=0	-=0	A=0	C=0	
Position 2005:	T=0	G=0	-=0	A=0	C=11	
Position 2006:	T=0	G=0	-=0	A=0	C=10	
Position 2007:	T=0	G=0	-=0	A=9	C=0	
Position 2008:	T=8	G=0	-=0	A=0	C=0	
Position 2009:	T=0	G=0	-=0	A=8	C=0	
Position 2010:	T=0	G=0	-=0	A=6	C=0	
Position 2011:	T=4	G=0	-=0	A=0	C=0	
Position 2012:	T=4	G=0	-=0	A=0	C=0	
Position 2013:	T=0	G=0	-=0	A=3	C=0	
Position 2014:	T=0	G=0	-=0	A=0	C=3	
Position 2015:	T=3	G=0	-=0	A=0	C=0	
Position 2016:	T=0	G=0	-=0	A=3	C=0	
Position 2017:	T=0	G=2	-=0	A=1	C=0	
Position 2018:	T=0	G=0	-=0	A=0	C=3	
Position 2019:	T=0	G=0	-=0	A=2	C=0	
Position 2020:	T=0	G=0	-=0	A=0	C=2	
Position 2021:	T=0	G=0	-=0	A=2	C=0	
Position 2022:	T=0	G=0	-=0	A=0	C=2	
Position 2023:	T=0	G=0	-=0	A=0	C=2	
Position 2024:	T=0	G=0	-=0	A=2	C=0	
Position 2025:	T=0	G=0	-=0	A=2	C=0	
Position 2026:	T=2	G=0	-=0	A=0	C=0	
Position 2027:	T=0	G=0	-=0	A=2	C=0	
Position 2028:	T=0	G=0	-=0	A=2	C=0	
Position 2029:	T=0	G=2	-=0	A=0	C=0	
Position 2030:	T=0	G=0	-=0	A=2	C=0	
Position 2031:	T=0	G=0	-=0	A=2	C=0	
Position 2032:	T=0	G=2	-=0	A=0	C=0	
Position 2033:	T=0	G=0	-=0	A=2	C=0	
Position 2034:	T=0	G=2	-=0	A=0	C=0	
Position 2035:	T=0	G=0	-=0	A=2	C=0	
Position 2036:	T=2	G=0	-=0	A=0	C=0	
Position 2037:	T=0	G=0	-=0	A=0	C=2	
Position 2038:	T=0	G=0	-=0	A=2	C=0	
Position 2039:	T=0	G=0	-=0	A=0	C=2	
Position 2040:	T=0	G=0	-=0	A=0	C=2	
Position 2041:	T=0	G=0	-=0	A=0	C=2	
Position 2042:	T=0	G=0	-=0	A=2	C=0	
Position 2043:	T=0	G=1	-=0	A=1	C=0	
Position 2044:	T=2	G=0	-=0	A=0	C=0	
Position 2045:	T=0	G=1	-=0	A=1	C=0	
Position 2046:	T=0	G=0	-=0	A=1	C=0	
Position 2047:	T=0	G=0	-=0	A=0	C=1	
Position 2048:	T=0	G=0	-=0	A=1	C=0	
Position 2049:	T=0	G=0	-=0	A=1	C=0	
Position 2050:	T=1	G=0	-=0	A=0	C=0	
Position 2051:	T=0	G=0	-=0	A=1	C=0	
Position 2052:	T=0	G=0	-=0	A=1	C=0	
Position 2053:	T=0	G=0	-=0	A=0	C=1	
Position 2054:	T=2	G=0	-=0	A=0	C=0	
Position 2055:	T=0	G=0	-=0	A=3	C=0	
Position 2056:	T=0	G=0	-=0	A=3	C=0	
Position 2057:	T=3	G=0	-=0	A=0	C=0	
Position 2058:	T=1	G=0	-=0	A=0	C=3	
Position 2059:	T=0	G=0	-=0	A=4	C=0	
Position 2060:	T=0	G=0	-=0	A=5	C=0	
Position 2061:	T=0	G=7	-=0	A=0	C=0	
Position 2062:	T=8	G=0	-=0	A=0	C=0	
Position 2063:	T=9	G=0	-=0	A=0	C=0	
Position 2064:	T=1	G=0	-=0	A=0	C=8	
Position 2065:	T=0	G=0	-=0	A=0	C=9	
Position 2066:	T=0	G=0	-=0	A=9	C=0	
Position 2067:	T=9	G=0	-=0	A=0	C=0	
Position 2068:	T=0	G=0	-=0	A=9	C=0	
Position 2069:	T=0	G=0	-=0	A=9	C=0	
Position 2070:	T=0	G=0	-=0	A=0	C=10	
Position 2071:	T=10	G=0	-=0	A=0	C=0	
Position 2072:	T=0	G=11	-=0	A=0	C=0	
Position 2073:	T=11	G=0	-=0	A=0	C=0	
Position 2074:	T=0	G=0	-=0	A=11	C=0	
Position 2075:	T=11	G=0	-=0	A=0	C=0	
Position 2076:	T=0	G=0	-=0	A=11	C=0	
Position 2077:	T=0	G=0	-=0	A=12	C=0	
Position 2078:	T=0	G=0	-=0	A=12	C=0	
Position 2079:	T=0	G=13	-=0	A=0	C=0	
Position 2080:	T=2	G=0	-=0	A=0	C=12	
Position 2081:	T=2	G=0	-=0	A=0	C=11	
Position 2082:	T=0	G=12	-=0	A=0	C=0	
Position 2083:	T=0	G=0	-=0	A=0	C=12	
Position 2084:	T=0	G=0	-=0	A=12	C=0	
Position 2085:	T=0	G=0	-=0	A=12	C=0	
Position 2086:	T=12	G=0	-=0	A=0	C=0	
Position 2087:	T=0	G=0	-=0	A=0	C=12	
Position 2088:	T=0	G=0	-=0	A=0	C=12	
Position 2089:	T=0	G=0	-=0	A=0	C=12	
Position 2090:	T=0	G=0	-=0	A=0	C=12	
Position 2091:	T=0	G=0	-=0	A=12	C=0	
Position 2092:	T=12	G=0	-=0	A=0	C=0	
Position 2093:	T=0	G=12	-=0	A=0	C=0	
Position 2094:	T=0	G=12	-=0	A=0	C=0	
Position 2095:	T=0	G=0	-=0	A=0	C=12	
Position 2096:	T=12	G=0	-=0	A=0	C=0	
Position 2097:	T=12	G=0	-=0	A=0	C=0	
Position 2098:	T=0	G=0	-=0	A=0	C=12	
Position 2099:	T=0	G=0	-=0	A=0	C=12	
Position 2100:	T=12	G=0	-=0	A=0	C=0	
Position 2101:	T=0	G=0	-=0	A=0	C=12	
Position 2102:	T=0	G=0	-=0	A=12	C=0	
Position 2103:	T=0	G=0	-=0	A=0	C=12	
Position 2104:	T=12	G=0	-=0	A=0	C=0	
Position 2105:	T=0	G=0	-=0	A=12	C=0	
Position 2106:	T=0	G=0	-=0	A=12	C=0	
Position 2107:	T=0	G=0	-=0	A=12	C=0	
Position 2108:	T=0	G=0	-=0	A=12	C=0	
Position 2109:	T=0	G=0	-=0	A=12	C=0	
Position 2110:	T=0	G=0	-=0	A=11	C=0	
Position 2111:	T=0	G=0	-=0	A=0	C=10	
Position 2112:	T=0	G=0	-=0	A=0	C=9	
Position 2113:	T=0	G=0	-=0	A=0	C=9	
Position 2114:	T=0	G=0	-=0	A=0	C=9	
Position 2115:	T=0	G=8	-=0	A=0	C=0	
Position 2116:	T=0	G=0	-=0	A=8	C=0	
Position 2117:	T=0	G=0	-=0	A=7	C=0	
Position 2118:	T=7	G=0	-=0	A=0	C=0	
Position 2119:	T=0	G=0	-=0	A=0	C=7	
Position 2120:	T=2	G=0	-=0	A=0	C=7	
Position 2121:	T=2	G=0	-=0	A=0	C=8	
Position 2122:	T=0	G=0	-=0	A=0	C=7	
Position 2123:	T=0	G=0	-=0	A=0	C=7	
Position 2124:	T=0	G=6	-=0	A=1	C=0	
Position 2125:	T=7	G=0	-=0	A=0	C=0	
Position 2126:	T=0	G=0	-=0	A=6	C=0	
Position 2127:	T=5	G=0	-=0	A=0	C=0	
Position 2128:	T=0	G=0	-=0	A=0	C=5	
Position 2129:	T=0	G=0	-=0	A=5	C=0	
Position 2130:	T=5	G=0	-=0	A=0	C=0	
Position 2131:	T=0	G=0	-=0	A=4	C=0	
Position 2132:	T=0	G=0	-=0	A=3	C=0	
Position 2133:	T=0	G=0	-=0	A=3	C=0	
Position 2134:	T=2	G=0	-=0	A=0	C=0	
Position 2135:	T=2	G=0	-=0	A=0	C=0	
Position 2136:	T=0	G=0	-=0	A=2	C=0	
Position 2137:	T=0	G=0	-=0	A=0	C=2	
Position 2138:	T=2	G=0	-=0	A=0	C=0	
Position 2139:	T=0	G=0	-=0	A=0	C=2	
Position 2140:	T=0	G=0	-=0	A=2	C=0	
Position 2141:	T=0	G=0	-=0	A=2	C=0	
Position 2142:	T=2	G=0	-=0	A=0	C=0	
Position 2143:	T=0	G=0	-=0	A=0	C=2	
Position 2144:	A=2	N=0	C=0	-=0	G=22	T=0	
Position 2145:	T=0	G=0	-=0	A=0	C=2	
Position 2146:	T=0	G=0	-=0	A=0	C=2	
Position 2147:	T=2	G=0	-=0	A=0	C=0	
Position 2148:	T=0	G=0	-=0	A=2	C=0	
Position 2149:	T=1	G=0	-=0	A=0	C=0	
Position 2150:	T=1	G=0	-=0	A=0	C=0	
Position 2151:	T=0	G=0	-=0	A=0	C=1	
Position 2152:	T=0	G=0	-=0	A=0	C=1	
Position 2153:	T=0	G=0	-=0	A=1	C=0	
Position 2154:	T=1	G=0	-=0	A=0	C=0	
Position 2155:	T=1	G=0	-=0	A=0	C=0	
Position 2156:	T=0	G=0	-=0	A=1	C=0	
Position 2157:	T=0	G=0	-=0	A=1	C=0	
Position 2158:	T=0	G=0	-=0	A=1	C=0	
Position 2159:	T=1	G=0	-=0	A=0	C=0	
Position 2160:	T=1	G=0	-=0	A=0	C=0	
Position 2161:	T=1	G=0	-=0	A=0	C=0	
Position 2162:	T=0	G=0	-=0	A=13	C=0	
Position 2163:	T=0	G=0	-=0	A=13	C=0	
Position 2164:	T=0	G=0	-=0	A=12	C=0	
Position 2165:	T=11	G=0	-=0	A=0	C=0	
Position 2166:	T=0	G=0	-=0	A=11	C=0	
Position 2167:	T=0	G=0	-=0	A=0	C=10	
Position 2168:	T=0	G=0	-=0	A=10	C=0	
Position 2169:	T=0	G=0	-=0	A=9	C=1	
Position 2170:	T=10	G=0	-=0	A=0	C=0	
Position 2171:	T=0	G=0	-=0	A=0	C=10	
Position 2172:	T=10	G=0	-=0	A=0	C=0	
Position 2173:	T=0	G=0	-=0	A=0	C=9	
Position 2174:	T=0	G=0	-=0	A=9	C=0	
Position 2175:	T=0	G=0	-=0	A=9	C=0	
Position 2176:	T=0	G=0	-=0	A=0	C=9	
Position 2177:	T=9	G=0	-=0	A=0	C=0	
Position 2178:	T=9	G=0	-=0	A=0	C=0	
Position 2179:	T=0	G=0	-=0	A=0	C=9	
Position 2180:	T=0	G=0	-=0	A=9	C=0	
Position 2181:	T=9	G=0	-=0	A=0	C=0	
Position 2182:	T=0	G=0	-=0	A=0	C=9	
Position 2183:	T=0	G=0	-=0	A=9	C=0	
Position 2184:	T=8	G=0	-=0	A=0	C=0	
Position 2185:	T=0	G=0	-=0	A=0	C=8	
Position 2186:	T=8	G=0	-=0	A=0	C=0	
Position 2187:	T=8	G=0	-=0	A=0	C=0	
Position 2188:	T=7	G=0	-=0	A=0	C=0	
Position 2189:	T=0	G=0	-=0	A=0	C=7	
Position 2190:	T=0	G=0	-=0	A=7	C=0	
Position 2191:	T=0	G=0	-=0	A=7	C=0	
Position 2192:	T=0	G=7	-=0	A=0	C=0	
Position 2193:	T=0	G=0	-=0	A=7	C=0	
Position 2194:	T=0	G=0	-=0	A=0	C=5	
Position 2195:	T=0	G=0	-=0	A=5	C=0	
Position 2196:	T=4	G=0	-=0	A=0	C=0	
Position 2197:	T=0	G=0	-=0	A=4	C=0	
Position 2198:	T=0	G=0	-=0	A=4	C=0	
Position 2199:	T=0	G=0	-=0	A=0	C=4	
Position 2200:	T=0	G=0	-=0	A=4	C=0	
Position 2201:	T=0	G=3	-=0	A=1	C=0	
Position 2202:	T=0	G=3	-=0	A=0	C=0	
Position 2203:	T=0	G=0	-=0	A=0	C=3	
Position 2204:	T=0	G=0	-=0	A=3	C=0	
Position 2205:	T=0	G=0	-=0	A=3	C=0	
Position 2206:	T=3	G=0	-=0	A=0	C=0	
Position 2207:	T=0	G=0	-=0	A=0	C=3	
Position 2208:	T=0	G=0	-=0	A=3	C=0	
Position 2209:	T=0	G=0	-=0	A=3	C=0	
Position 2210:	T=2	G=0	-=0	A=0	C=0	
Position 2211:	T=0	G=0	-=0	A=2	C=0	
Position 2212:	T=0	G=0	-=0	A=2	C=0	
Position 2213:	T=0	G=0	-=0	A=0	C=2	
Position 2214:	T=2	G=0	-=0	A=0	C=0	
Position 2215:	T=0	G=0	-=0	A=0	C=2	
Position 2216:	T=0	G=0	-=0	A=2	C=0	
Position 2217:	T=0	G=2	-=0	A=0	C=0	
Position 2218:	T=0	G=0	-=0	A=2	C=0	
Position 2219:	T=1	G=0	-=0	A=0	C=0	
Position 2220:	T=0	G=0	-=0	A=2	C=0	
Position 2221:	T=0	G=0	-=0	A=1	C=0	
Position 2222:	T=1	G=0	-=0	A=0	C=0	
Position 2223:	T=0	G=0	-=0	A=1	C=0	
Position 2224:	T=0	G=1	-=0	A=0	C=0	
Position 2225:	T=0	G=0	-=0	A=1	C=0	
Position 2226:	T=0	G=0	-=0	A=0	C=1	
Position 2227:	T=0	G=0	-=0	A=0	C=4	
Position 2228:	T=0	G=0	-=0	A=0	C=4	
Position 2229:	T=0	G=0	-=0	A=3	C=0	
Position 2230:	T=0	G=0	-=0	A=0	C=3	
Position 2231:	T=0	G=3	-=0	A=0	C=0	
Position 2232:	T=0	G=0	-=0	A=2	C=0	
Position 2233:	T=2	G=0	-=0	A=0	C=0	
Position 2234:	T=0	G=0	-=0	A=2	C=0	
Position 2235:	T=0	G=0	-=0	A=2	C=0	
Position 2236:	T=0	G=0	-=0	A=2	C=0	
Position 2237:	T=2	G=0	-=0	A=0	C=0	
Position 2238:	T=0	G=2	-=0	A=0	C=0	
Position 2239:	T=0	G=0	-=0	A=0	C=2	
Position 2240:	T=0	G=2	-=0	A=0	C=0	
Position 2241:	T=0	G=0	-=0	A=0	C=2	
Position 2242:	T=0	G=0	-=0	A=0	C=2	
Position 2243:	T=2	G=0	-=0	A=0	C=0	
Position 2244:	T=0	G=0	-=0	A=2	C=0	
Position 2245:	T=0	G=0	-=0	A=2	C=0	
Position 2246:	T=2	G=0	-=0	A=0	C=0	
Position 2247:	T=0	G=0	-=0	A=2	C=0	
Position 2248:	T=0	G=0	-=0	A=0	C=2	
Position 2249:	T=0	G=0	-=0	A=2	C=0	
Position 2250:	T=0	G=2	-=0	A=0	C=0	
Position 2251:	T=0	G=0	-=0	A=0	C=2	
Position 2252:	T=2	G=0	-=0	A=0	C=0	
Position 2253:	T=2	G=0	-=0	A=0	C=0	
Position 2254:	T=2	G=0	-=0	A=0	C=0	
Position 2255:	T=0	G=0	-=0	A=2	C=0	
Position 2256:	T=2	G=0	-=0	A=0	C=0	
Position 2257:	T=2	G=0	-=0	A=0	C=0	
Position 2258:	T=0	G=0	-=0	A=1	C=0	
Position 2259:	T=0	G=1	-=0	A=0	C=0	
Position 2260:	T=0	G=0	-=0	A=1	C=0	
Position 2261:	T=0	G=7	-=0	A=1	C=0	
Position 2262:	T=0	G=0	-=0	A=1	C=0	
Position 2263:	T=1	G=0	-=0	A=0	C=0	
Position 2264:	T=1	G=0	-=0	A=0	C=0	
Position 2265:	A=0	N=0	C=5	-=0	G=0	T=0	
Position 2266:	T=0	G=0	-=0	A=5	C=0	
Position 2267:	T=0	G=0	-=0	A=5	C=0	
Position 2268:	T=0	G=0	-=0	A=5	C=0	
Position 2269:	T=0	G=0	-=0	A=0	C=5	
Position 2270:	T=0	G=0	-=0	A=0	C=4	
Position 2271:	T=4	G=0	-=0	A=0	C=0	
Position 2272:	A=0	N=0	C=3	-=0	G=0	T=0	
Position 2273:	T=0	G=0	-=0	A=3	C=0	
Position 2274:	T=0	G=3	-=0	A=0	C=0	
Position 2275:	T=0	G=3	-=0	A=0	C=0	
Position 2276:	T=0	G=0	-=0	A=2	C=0	
Position 2277:	T=2	G=0	-=0	A=0	C=0	
Position 2278:	T=0	G=0	-=0	A=2	C=0	
Position 2279:	T=0	G=0	-=0	A=0	C=2	
Position 2280:	T=2	G=0	-=0	A=0	C=0	
Position 2281:	T=0	G=4	-=0	A=1	C=0	
Position 2282:	T=0	G=0	-=0	A=0	C=2	
Position 2283:	T=2	G=0	-=0	A=0	C=0	
Position 2284:	T=0	G=0	-=0	A=0	C=2	
Position 2285:	T=0	G=0	-=0	A=2	C=0	
Position 2286:	T=0	G=1	-=0	A=0	C=0	
Position 2287:	T=1	G=0	-=0	A=0	C=0	
Position 2288:	T=0	G=1	-=0	A=0	C=0	
Position 2289:	T=0	G=1	-=0	A=0	C=0	
Position 2290:	T=0	G=0	-=0	A=0	C=1	
Position 2291:	T=0	G=0	-=0	A=0	C=1	
Position 2292:	T=0	G=0	-=0	A=1	C=0	
Position 2293:	T=1	G=0	-=0	A=0	C=0	
Position 2294:	T=0	G=0	-=0	A=1	C=0	
Position 2295:	T=0	G=1	-=0	A=0	C=0	
Position 2296:	T=0	G=0	-=0	A=0	C=1	
Position 2297:	T=0	G=0	-=0	A=0	C=1	
Position 2298:	T=0	G=1	-=0	A=0	C=0	
Position 2299:	T=1	G=0	-=0	A=0	C=0	
Position 2300:	T=0	G=0	-=0	A=1	C=0	
Position 2301:	T=0	G=1	-=0	A=0	C=0	
Position 2302:	T=1	G=0	-=0	A=0	C=0	
Position 2303:	T=0	G=0	-=0	A=1	C=0	
Position 2304:	T=1	G=0	-=0	A=0	C=0	
Position 2305:	T=0	G=0	-=0	A=1	C=0	
Position 2306:	T=0	G=0	-=0	A=3	C=0	
Position 2307:	T=0	G=0	-=0	A=0	C=3	
Position 2308:	T=0	G=0	-=0	A=0	C=3	
Position 2309:	T=0	G=0	-=0	A=3	C=0	
Position 2310:	T=0	G=0	-=0	A=3	C=0	
Position 2311:	T=0	G=0	-=0	A=3	C=0	
Position 2312:	T=0	G=0	-=0	A=3	C=0	
Position 2313:	T=0	G=0	-=0	A=3	C=0	
Position 2314:	T=0	G=0	-=0	A=0	C=3	
Position 2315:	T=0	G=0	-=0	A=0	C=3	
Position 2316:	T=0	G=0	-=0	A=3	C=0	
Position 2317:	T=0	G=0	-=0	A=0	C=3	
Position 2318:	T=0	G=0	-=0	A=3	C=0	
Position 2319:	T=0	G=0	-=0	A=3	C=0	
Position 2320:	T=0	G=3	-=0	A=0	C=0	
Position 2321:	T=0	G=0	-=0	A=0	C=3	
Position 2322:	T=0	G=0	-=0	A=3	C=0	
Position 2323:	T=3	G=0	-=0	A=0	C=0	
Position 2324:	T=3	G=0	-=0	A=0	C=0	
Position 2325:	T=0	G=0	-=0	A=0	C=3	
Position 2326:	T=0	G=0	-=0	A=0	C=3	
Position 2327:	T=0	G=0	-=0	A=3	C=0	
Position 2328:	T=0	G=0	-=0	A=0	C=3	
Position 2329:	T=0	G=0	-=0	A=0	C=3	
Position 2330:	T=3	G=0	-=0	A=0	C=0	
Position 2331:	T=0	G=0	-=0	A=3	C=0	
Position 2332:	T=0	G=0	-=0	A=3	C=0	
Position 2333:	T=0	G=0	-=0	A=3	C=0	
Position 2334:	T=3	G=0	-=0	A=0	C=0	
Position 2335:	T=0	G=0	-=0	A=3	C=0	
Position 2336:	T=0	G=0	-=0	A=3	C=0	
Position 2337:	T=0	G=0	-=0	A=2	C=0	
Position 2338:	T=2	G=0	-=0	A=0	C=0	
Position 2339:	T=2	G=0	-=0	A=0	C=0	
Position 2340:	T=0	G=0	-=0	A=2	C=0	
Position 2341:	T=0	G=0	-=0	A=2	C=0	
Position 2342:	T=0	G=0	-=0	A=2	C=0	
Position 2343:	T=0	G=0	-=0	A=2	C=0	
Position 2344:	T=0	G=0	-=0	A=1	C=0	
Position 2345:	T=0	G=0	-=0	A=1	C=0	
Position 2346:	T=0	G=0	-=0	A=2	C=0	
Position 2347:	T=0	G=0	-=0	A=0	C=2	
Position 2348:	T=0	G=0	-=0	A=0	C=2	
Position 2349:	T=0	G=0	-=0	A=2	C=0	
Position 2350:	T=2	G=0	-=0	A=0	C=0	
Position 2351:	T=2	G=0	-=0	A=0	C=0	
Position 2352:	T=0	G=0	-=0	A=2	C=0	
Position 2353:	T=0	G=0	-=0	A=2	C=0	
Position 2354:	T=0	G=0	-=0	A=1	C=0	
Position 2355:	T=0	G=0	-=0	A=0	C=1	
Position 2356:	T=0	G=0	-=0	A=0	C=1	
Position 2357:	T=1	G=0	-=0	A=0	C=0	
Position 2358:	T=0	G=0	-=0	A=1	C=0	
Position 2359:	T=0	G=0	-=0	A=1	C=0	
Position 2360:	T=0	G=0	-=0	A=1	C=0	
Position 2361:	T=0	G=0	-=0	A=1	C=0	
Position 2362:	T=0	G=0	-=0	A=1	C=0	
Position 2363:	T=0	G=0	-=0	A=1	C=0	
Position 2364:	T=0	G=1	-=0	A=0	C=0	
Position 2365:	T=0	G=0	-=0	A=1	C=0	
Position 2366:	T=0	G=0	-=0	A=0	C=1	
Position 2367:	T=0	G=0	-=0	A=0	C=1	
Position 2368:	T=0	G=0	-=0	A=0	C=1	
Position 2369:	T=0	G=0	-=0	A=0	C=1	
Position 2370:	T=0	G=0	-=0	A=0	C=1	
Position 2371:	T=0	G=0	-=0	A=0	C=5	
Position 2372:	T=0	G=0	-=0	A=5	C=0	
Position 2373:	T=0	G=0	-=0	A=5	C=0	
Position 2374:	T=0	G=0	-=0	A=4	C=0	
Position 2375:	T=0	G=0	-=0	A=3	C=0	
Position 2376:	T=0	G=0	-=0	A=0	C=3	
Position 2377:	T=3	G=0	-=0	A=0	C=0	
Position 2378:	T=3	G=0	-=0	A=0	C=0	
Position 2379:	T=0	G=0	-=0	A=3	C=0	
Position 2380:	T=0	G=0	-=0	A=3	C=0	
Position 2381:	T=3	G=0	-=0	A=0	C=0	
Position 2382:	T=0	G=0	-=0	A=3	C=0	
Position 2383:	T=0	G=0	-=0	A=0	C=3	
Position 2384:	T=0	G=0	-=0	A=3	C=0	
Position 2385:	T=0	G=0	-=0	A=3	C=0	
Position 2386:	T=3	G=0	-=0	A=0	C=0	
Position 2387:	T=0	G=0	-=0	A=3	C=0	
Position 2388:	T=0	G=0	-=0	A=0	C=3	
Position 2389:	T=0	G=0	-=0	A=0	C=2	
Position 2390:	T=0	G=0	-=0	A=2	C=0	
Position 2391:	T=0	G=0	-=0	A=0	C=2	
Position 2392:	T=0	G=0	-=0	A=2	C=0	
Position 2393:	T=0	G=0	-=0	A=0	C=2	
Position 2394:	T=0	G=0	-=0	A=0	C=2	
Position 2395:	T=0	G=0	-=0	A=0	C=2	
Position 2396:	T=0	G=0	-=0	A=2	C=0	
Position 2397:	T=0	G=0	-=0	A=2	C=0	
Position 2398:	T=0	G=0	-=0	A=0	C=2	
Position 2399:	T=0	G=0	-=0	A=2	C=0	
Position 2400:	T=0	G=0	-=0	A=0	C=2	
Position 2401:	T=0	G=0	-=0	A=0	C=1	
Position 2402:	T=0	G=0	-=0	A=0	C=1	
Position 2403:	T=0	G=0	-=0	A=0	C=1	
Position 2404:	T=0	G=0	-=0	A=0	C=1	
Position 2405:	T=0	G=0	-=0	A=1	C=0	
Position 2406:	T=0	G=0	-=0	A=0	C=1	
Position 2407:	T=1	G=0	-=0	A=0	C=0	
Position 2408:	T=0	G=0	-=0	A=14	C=0	
Position 2409:	T=0	G=0	-=0	A=14	C=0	
Position 2410:	T=0	G=0	-=0	A=0	C=14	
Position 2411:	T=0	G=0	-=0	A=13	C=0	
Position 2412:	T=0	G=0	-=0	A=12	C=0	
Position 2413:	T=12	G=0	-=0	A=0	C=0	
Position 2414:	T=11	G=0	-=0	A=0	C=0	
Position 2415:	T=0	G=0	-=0	A=10	C=0	
Position 2416:	T=0	G=0	-=0	A=10	C=0	
Position 2417:	T=0	G=0	-=0	A=10	C=0	
Position 2418:	T=0	G=0	-=0	A=10	C=0	
Position 2419:	T=0	G=0	-=0	A=0	C=9	
Position 2420:	T=9	G=0	-=0	A=0	C=0	
Position 2421:	T=0	G=0	-=0	A=9	C=0	
Position 2422:	T=0	G=0	-=0	A=9	C=0	
Position 2423:	T=0	G=0	-=0	A=0	C=8	
Position 2424:	T=0	G=0	-=0	A=0	C=8	
Position 2425:	T=0	G=0	-=0	A=0	C=8	
Position 2426:	T=0	G=0	-=0	A=0	C=8	
Position 2427:	T=0	G=0	-=0	A=0	C=8	
Position 2428:	T=0	G=0	-=0	A=0	C=8	
Position 2429:	T=0	G=6	-=0	A=2	C=0	
Position 2430:	T=6	G=0	-=0	A=0	C=0	
Position 2431:	T=0	G=0	-=0	A=6	C=0	
Position 2432:	T=0	G=0	-=0	A=6	C=0	
Position 2433:	T=0	G=0	-=0	A=6	C=0	
Position 2434:	T=5	G=0	-=0	A=0	C=0	
Position 2435:	T=0	G=5	-=0	A=0	C=0	
Position 2436:	T=0	G=4	-=0	A=1	C=0	
Position 2437:	T=0	G=5	-=0	A=0	C=0	
Position 2438:	T=0	G=0	-=0	A=5	C=0	
Position 2439:	T=0	G=4	-=0	A=0	C=0	
Position 2440:	T=0	G=0	-=0	A=4	C=0	
Position 2441:	T=0	G=0	-=0	A=4	C=0	
Position 2442:	T=0	G=4	-=0	A=0	C=0	
Position 2443:	T=0	G=4	-=0	A=0	C=0	
Position 2444:	T=0	G=0	-=0	A=0	C=3	
Position 2445:	T=2	G=0	-=0	A=0	C=0	
Position 2446:	T=2	G=0	-=0	A=0	C=0	
Position 2447:	T=0	G=0	-=0	A=2	C=0	
Position 2448:	T=0	G=2	-=0	A=0	C=0	
Position 2449:	T=0	G=0	-=0	A=2	C=0	
Position 2450:	T=0	G=0	-=0	A=2	C=0	
Position 2451:	T=0	G=2	-=0	A=0	C=0	
Position 2452:	T=0	G=0	-=0	A=1	C=0	
Position 2453:	T=0	G=1	-=0	A=0	C=0	
Position 2454:	T=0	G=0	-=0	A=1	C=0	
Position 2455:	T=0	G=0	-=0	A=1	C=0	
Position 2456:	T=0	G=0	-=0	A=0	C=1	
Position 2457:	T=0	G=0	-=0	A=0	C=1	
Position 2458:	T=0	G=0	-=0	A=0	C=1	
Position 2459:	T=1	G=0	-=0	A=0	C=0	
Position 2460:	T=0	G=0	-=0	A=1	C=0	
Position 2461:	T=0	G=0	-=0	A=0	C=1	
Position 2462:	T=0	G=0	-=0	A=1	C=0	
Position 2463:	T=0	G=0	-=0	A=1	C=0	
Position 2464:	T=0	G=0	-=0	A=1	C=0	
Position 2465:	T=0	G=0	-=0	A=1	C=0	
Position 2466:	T=0	G=0	-=0	A=0	C=1	
Position 2467:	T=0	G=0	-=0	A=0	C=1	
Position 2468:	T=0	G=0	-=0	A=0	C=1	
Position 2469:	T=0	G=0	-=0	A=1	C=0	
Position 2470:	T=2	G=0	-=0	A=0	C=0	
Position 2471:	T=0	G=0	-=0	A=0	C=2	
Position 2472:	T=0	G=0	-=0	A=2	C=0	
Position 2473:	T=0	G=0	-=0	A=0	C=2	
Position 2474:	T=0	G=0	-=0	A=2	C=0	
Position 2475:	T=0	G=0	-=0	A=2	C=0	
Position 2476:	T=0	G=0	-=0	A=2	C=0	
Position 2477:	T=0	G=0	-=0	A=2	C=0	
Position 2478:	T=0	G=0	-=0	A=2	C=0	
Position 2479:	T=0	G=0	-=0	A=0	C=2	
Position 2480:	T=0	G=1	-=0	A=0	C=0	
Position 2481:	T=0	G=0	-=0	A=1	C=0	
Position 2482:	T=0	G=0	-=0	A=0	C=1	
Position 2483:	T=0	G=0	-=0	A=1	C=0	
Position 2484:	T=0	G=0	-=0	A=0	C=1	
Position 2485:	T=1	G=0	-=0	A=0	C=0	
Position 2486:	T=1	G=0	-=0	A=0	C=0	
Position 2487:	T=0	G=0	-=0	A=1	C=0	
Position 2488:	T=0	G=0	-=0	A=1	C=0	
Position 2489:	T=0	G=0	-=0	A=1	C=0	
Position 2490:	T=0	G=0	-=0	A=1	C=0	
Position 2491:	T=1	G=0	-=0	A=0	C=0	
Position 2492:	T=0	G=0	-=0	A=1	C=0	
Position 2493:	T=0	G=0	-=0	A=1	C=0	
Position 2494:	T=0	G=0	-=0	A=1	C=0	
Position 2495:	T=1	G=0	-=0	A=0	C=0	
Position 2496:	T=0	G=0	-=0	A=1	C=0	
Position 2497:	T=0	G=0	-=0	A=0	C=1	
Position 2498:	T=0	G=0	-=0	A=1	C=0	
Position 2499:	T=0	G=0	-=0	A=7	C=0	
Position 2500:	T=7	G=0	-=0	A=0	C=0	
Position 2501:	T=0	G=0	-=0	A=6	C=0	
Position 2502:	T=5	G=0	-=0	A=0	C=0	
Position 2503:	T=0	G=0	-=0	A=5	C=0	
Position 2504:	T=0	G=0	-=0	A=0	C=5	
Position 2505:	T=0	G=0	-=0	A=5	C=0	
Position 2506:	T=5	G=0	-=0	A=0	C=0	
Position 2507:	T=5	G=0	-=0	A=0	C=0	
Position 2508:	T=0	G=5	-=0	A=0	C=0	
Position 2509:	T=5	G=0	-=0	A=0	C=0	
Position 2510:	T=0	G=0	-=0	A=0	C=5	
Position 2511:	T=0	G=0	-=0	A=5	C=0	
Position 2512:	T=5	G=0	-=0	A=0	C=0	
Position 2513:	T=5	G=0	-=0	A=0	C=0	
Position 2514:	T=0	G=0	-=0	A=5	C=0	
Position 2515:	T=5	G=0	-=0	A=0	C=0	
Position 2516:	T=5	G=0	-=0	A=0	C=0	
Position 2517:	T=0	G=0	-=0	A=0	C=5	
Position 2518:	T=0	G=0	-=0	A=0	C=5	
Position 2519:	T=0	G=0	-=0	A=0	C=5	
Position 2520:	T=0	G=0	-=0	A=5	C=0	
Position 2521:	T=0	G=0	-=0	A=0	C=5	
Position 2522:	T=0	G=0	-=0	A=5	C=0	
Position 2523:	T=5	G=0	-=0	A=0	C=0	
Position 2524:	T=0	G=5	-=0	A=0	C=0	
Position 2525:	T=0	G=5	-=0	A=0	C=0	
Position 2526:	T=0	G=0	-=0	A=5	C=0	
Position 2527:	T=0	G=0	-=0	A=5	C=0	
Position 2528:	T=5	G=0	-=0	A=0	C=0	
Position 2529:	T=0	G=0	-=0	A=0	C=5	
Position 2530:	T=5	G=0	-=0	A=0	C=0	
Position 2531:	T=0	G=0	-=0	A=5	C=0	
Position 2532:	T=0	G=0	-=0	A=4	C=0	
Position 2533:	T=0	G=0	-=0	A=0	C=3	
Position 2534:	T=0	G=0	-=0	A=0	C=3	
Position 2535:	T=0	G=0	-=0	A=2	C=0	
Position 2536:	T=2	G=0	-=0	A=0	C=0	
Position 2537:	T=0	G=2	-=0	A=0	C=0	
Position 2538:	T=0	G=0	-=0	A=2	C=0	
Position 2539:	T=0	G=0	-=0	A=0	C=1	
Position 2540:	T=1	G=0	-=0	A=0	C=0	
Position 2541:	T=0	G=0	-=0	A=1	C=0	
Position 2542:	T=0	G=1	-=0	A=0	C=0	
Position 2543:	T=1	G=0	-=0	A=0	C=0	
Position 2544:	T=0	G=1	-=0	A=0	C=0	
Position 2545:	T=0	G=0	-=0	A=1	C=0	
Position 2546:	T=0	G=0	-=0	A=0	C=1	
Position 2547:	T=0	G=0	-=0	A=1	C=0	
Position 2548:	T=1	G=0	-=0	A=0	C=0	
Position 2549:	T=0	G=1	-=0	A=0	C=0	
Position 2550:	T=0	G=0	-=0	A=1	C=0	
Position 2551:	T=0	G=0	-=0	A=6	C=0	
Position 2552:	T=0	G=0	-=0	A=6	C=0	
Position 2553:	T=0	G=0	-=0	A=6	C=0	
Position 2554:	T=0	G=0	-=0	A=5	C=0	
Position 2555:	T=4	G=0	-=0	A=0	C=0	
Position 2556:	T=0	G=0	-=0	A=0	C=4	
Position 2557:	T=0	G=0	-=0	A=3	C=0	
Position 2558:	T=0	G=0	-=0	A=0	C=3	
Position 2559:	T=0	G=0	-=0	A=0	C=3	
Position 2560:	T=0	G=2	-=0	A=1	C=0	
Position 2561:	T=3	G=0	-=0	A=0	C=0	
Position 2562:	T=2	G=0	-=0	A=0	C=0	
Position 2563:	T=0	G=2	-=0	A=0	C=0	
Position 2564:	T=2	G=0	-=0	A=0	C=0	
Position 2565:	T=0	G=0	-=0	A=2	C=0	
Position 2566:	T=0	G=0	-=0	A=0	C=32	
Position 2567:	T=32	G=0	-=0	A=0	C=0	
Position 2568:	T=31	G=0	-=0	A=0	C=0	
Position 2569:	T=0	G=0	-=0	A=0	C=31	
Position 2570:	T=0	G=0	-=0	A=30	C=1	
Position 2571:	T=0	G=0	-=0	A=31	C=0	
Position 2572:	T=0	G=0	-=0	A=0	C=31	
Position 2573:	T=31	G=0	-=0	A=0	C=0	
Position 2574:	T=0	G=0	-=0	A=31	C=0	
Position 2575:	T=0	G=0	-=0	A=0	C=31	
Position 2576:	T=0	G=0	-=0	A=29	C=0	
Position 2577:	T=0	G=0	-=0	A=28	C=0	
Position 2578:	T=0	G=28	-=0	A=0	C=0	
Position 2579:	T=0	G=0	-=0	A=27	C=0	
Position 2580:	T=0	G=0	-=0	A=27	C=0	
Position 2581:	T=0	G=0	-=0	A=0	C=26	
Position 2582:	T=0	G=0	-=0	A=0	C=26	
Position 2583:	T=25	G=0	-=0	A=0	C=0	
Position 2584:	T=24	G=0	-=0	A=0	C=0	
Position 2585:	T=0	G=0	-=0	A=24	C=0	
Position 2586:	T=0	G=0	-=0	A=22	C=0	
Position 2587:	T=21	G=0	-=0	A=0	C=0	
Position 2588:	T=0	G=21	-=0	A=0	C=0	
Position 2589:	T=0	G=0	-=0	A=20	C=0	
Position 2590:	T=0	G=0	-=0	A=0	C=20	
Position 2591:	T=0	G=0	-=0	A=0	C=20	
Position 2592:	T=0	G=0	-=0	A=19	C=0	
Position 2593:	T=0	G=0	-=0	A=19	C=0	
Position 2594:	T=0	G=0	-=0	A=0	C=17	
Position 2595:	T=0	G=0	-=0	A=17	C=0	
Position 2596:	T=17	G=0	-=0	A=0	C=0	
Position 2597:	T=0	G=0	-=0	A=0	C=16	
Position 2598:	T=0	G=0	-=0	A=0	C=14	
Position 2599:	T=0	G=14	-=0	A=0	C=0	
Position 2600:	T=0	G=0	-=0	A=13	C=0	
Position 2601:	T=0	G=0	-=0	A=13	C=0	
Position 2602:	T=0	G=0	-=0	A=12	C=0	
Position 2603:	T=0	G=0	-=0	A=12	C=0	
Position 2604:	T=0	G=0	-=0	A=12	C=0	
Position 2605:	T=0	G=0	-=0	A=0	C=12	
Position 2606:	T=0	G=0	-=0	A=0	C=12	
Position 2607:	T=0	G=0	-=0	A=0	C=10	
Position 2608:	T=0	G=0	-=0	A=9	C=0	
Position 2609:	T=0	G=0	-=0	A=0	C=8	
Position 2610:	T=0	G=0	-=0	A=0	C=8	
Position 2611:	T=0	G=0	-=0	A=0	C=6	
Position 2612:	T=0	G=0	-=0	A=6	C=0	
Position 2613:	T=5	G=0	-=0	A=0	C=0	
Position 2614:	T=5	G=0	-=0	A=0	C=0	
Position 2615:	T=0	G=0	-=0	A=5	C=0	
Position 2616:	T=0	G=4	-=0	A=0	C=0	
Position 2617:	T=0	G=0	-=0	A=0	C=4	
Position 2618:	T=4	G=0	-=0	A=0	C=0	
Position 2619:	T=0	G=0	-=0	A=4	C=0	
Position 2620:	T=0	G=0	-=0	A=4	C=0	
Position 2621:	T=0	G=0	-=0	A=4	C=0	
Position 2622:	T=0	G=0	-=0	A=4	C=0	
Position 2623:	T=4	G=0	-=0	A=0	C=0	
Position 2624:	T=0	G=0	-=0	A=0	C=4	
Position 2625:	T=0	G=0	-=0	A=4	C=0	
Position 2626:	T=4	G=0	-=0	A=0	C=0	
Position 2627:	T=0	G=0	-=0	A=0	C=4	
Position 2628:	T=0	G=0	-=0	A=3	C=0	
Position 2629:	T=0	G=0	-=0	A=3	C=0	
Position 2630:	T=0	G=0	-=0	A=0	C=3	
Position 2631:	T=0	G=0	-=0	A=3	C=0	
Position 2632:	T=0	G=0	-=0	A=2	C=0	
Position 2633:	T=0	G=0	-=0	A=0	C=2	
Position 2634:	T=2	G=0	-=0	A=0	C=0	
Position 2635:	T=0	G=0	-=0	A=0	C=2	
Position 2636:	T=0	G=0	-=0	A=2	C=0	
Position 2637:	T=2	G=0	-=0	A=0	C=0	
Position 2638:	T=2	G=0	-=0	A=0	C=0	
Position 2639:	T=2	G=0	-=0	A=0	C=0	
Position 2640:	T=0	G=0	-=0	A=2	C=0	
Position 2641:	T=2	G=0	-=0	A=0	C=0	
Position 2642:	T=2	G=0	-=0	A=0	C=0	
Position 2643:	T=0	G=5	-=0	A=0	C=0	
Position 2644:	T=0	G=0	-=0	A=5	C=0	
Position 2645:	T=5	G=0	-=0	A=0	C=0	
Position 2646:	T=0	G=0	-=0	A=0	C=3	
Position 2647:	T=3	G=0	-=0	A=0	C=0	
Position 2648:	T=3	G=0	-=0	A=0	C=0	
Position 2649:	T=0	G=0	-=0	A=0	C=3	
Position 2650:	T=0	G=0	-=0	A=0	C=3	
Position 2651:	T=0	G=0	-=0	A=3	C=0	
Position 2652:	T=0	G=0	-=0	A=3	C=0	
Position 2653:	T=0	G=0	-=0	A=0	C=3	
Position 2654:	T=0	G=0	-=0	A=3	C=0	
Position 2655:	T=0	G=0	-=0	A=0	C=3	
Position 2656:	T=0	G=0	-=0	A=0	C=3	
Position 2657:	T=0	G=0	-=0	A=3	C=0	
Position 2658:	T=3	G=0	-=0	A=0	C=0	
Position 2659:	T=0	G=0	-=0	A=0	C=3	
Position 2660:	T=0	G=0	-=0	A=3	C=0	
Position 2661:	T=0	G=0	-=0	A=3	C=0	
Position 2662:	T=0	G=0	-=0	A=3	C=0	
Position 2663:	T=0	G=0	-=0	A=0	C=3	
Position 2664:	T=0	G=0	-=0	A=3	C=0	
Position 2665:	T=3	G=0	-=0	A=0	C=0	
Position 2666:	T=0	G=0	-=0	A=0	C=3	
Position 2667:	T=3	G=0	-=0	A=0	C=0	
Position 2668:	T=2	G=0	-=0	A=0	C=4	
Position 2669:	T=0	G=0	-=0	A=2	C=0	
Position 2670:	T=0	G=2	-=0	A=0	C=0	
Position 2671:	T=0	G=0	-=0	A=0	C=2	
Position 2672:	T=0	G=0	-=0	A=2	C=0	
Position 2673:	T=1	G=0	-=0	A=0	C=0	
Position 2674:	T=0	G=1	-=0	A=0	C=0	
Position 2675:	T=0	G=0	-=0	A=1	C=0	
Position 2676:	T=1	G=0	-=0	A=0	C=0	
Position 2677:	T=0	G=1	-=0	A=0	C=0	
Position 2678:	T=0	G=0	-=0	A=1	C=0	
Position 2679:	T=0	G=0	-=0	A=1	C=0	
Position 2680:	T=0	G=0	-=0	A=1	C=0	
Position 2681:	T=0	G=0	-=0	A=0	C=1	
Position 2682:	T=1	G=0	-=0	A=0	C=0	
Position 2683:	T=5	G=0	-=0	A=0	C=0	
Position 2684:	T=4	G=0	-=0	A=0	C=0	
Position 2685:	T=0	G=4	-=0	A=0	C=0	
Position 2686:	T=0	G=4	-=0	A=0	C=0	
Position 2687:	T=0	G=0	-=0	A=4	C=0	
Position 2688:	T=4	G=0	-=0	A=0	C=0	
Position 2689:	T=0	G=0	-=0	A=0	C=4	
Position 2690:	T=0	G=0	-=0	A=0	C=3	
Position 2691:	T=0	G=0	-=0	A=0	C=3	
Position 2692:	T=3	G=0	-=0	A=0	C=0	
Position 2693:	T=0	G=0	-=0	A=0	C=2	
Position 2694:	T=0	G=0	-=0	A=0	C=2	
Position 2695:	T=2	G=0	-=0	A=0	C=0	
Position 2696:	T=2	G=0	-=0	A=0	C=0	
Position 2697:	T=0	G=2	-=0	A=0	C=0	
Position 2698:	T=0	G=2	-=0	A=0	C=0	
Position 2699:	T=0	G=0	-=0	A=2	C=0	
Position 2700:	T=0	G=2	-=0	A=0	C=0	
Position 2701:	T=2	G=0	-=0	A=0	C=0	
Position 2702:	T=0	G=2	-=0	A=0	C=0	
Position 2703:	T=2	G=0	-=0	A=0	C=0	
Position 2704:	T=0	G=2	-=0	A=0	C=0	
Position 2705:	T=2	G=0	-=0	A=0	C=0	
Position 2706:	T=2	G=0	-=0	A=0	C=0	
Position 2707:	T=2	G=0	-=0	A=0	C=0	
Position 2708:	T=0	G=0	-=0	A=2	C=0	
Position 2709:	T=0	G=0	-=0	A=2	C=0	
Position 2710:	T=2	G=0	-=0	A=0	C=0	
Position 2711:	T=2	G=0	-=0	A=0	C=0	
Position 2712:	T=0	G=0	-=0	A=0	C=1	
Position 2713:	T=1	G=0	-=0	A=0	C=0	
Position 2714:	T=0	G=0	-=0	A=1	C=0	
Position 2715:	T=0	G=0	-=0	A=0	C=1	
Position 2716:	T=0	G=0	-=0	A=1	C=0	
Position 2717:	T=0	G=1	-=0	A=0	C=0	
Position 2718:	T=0	G=0	-=0	A=1	C=0	
Position 2719:	T=1	G=0	-=0	A=0	C=0	
Position 2720:	T=1	G=0	-=0	A=0	C=0	
Position 2721:	T=0	G=0	-=0	A=0	C=1	
Position 2722:	T=1	G=0	-=0	A=0	C=0	
Position 2723:	T=0	G=0	-=0	A=1	C=0	
Position 2724:	T=0	G=0	-=0	A=1	C=0	
Position 2725:	T=0	G=0	-=0	A=0	C=1	
Position 2726:	T=0	G=0	-=0	A=1	C=0	
Position 2727:	A=3	N=0	C=0	-=0	G=7	T=0	
Position 2728:	T=0	G=1	-=0	A=0	C=0	
Position 2729:	T=0	G=0	-=0	A=0	C=1	
Position 2730:	T=0	G=0	-=0	A=0	C=1	
Position 2731:	T=1	G=0	-=0	A=0	C=0	
Position 2732:	A=2	N=0	C=0	-=0	G=5	T=0	
Position 2733:	T=1	G=0	-=0	A=0	C=0	
Position 2734:	T=1	G=0	-=0	A=0	C=0	
Position 2735:	T=1	G=0	-=0	A=0	C=0	
Position 2736:	T=0	G=0	-=0	A=0	C=1	
Position 2737:	T=1	G=0	-=0	A=0	C=0	
Position 2738:	T=0	G=0	-=0	A=1	C=0	
Position 2739:	T=0	G=1	-=0	A=0	C=0	
Position 2740:	T=0	G=0	-=0	A=0	C=1	
Position 2741:	T=0	G=0	-=0	A=0	C=4	
Position 2742:	T=0	G=0	-=0	A=3	C=0	
Position 2743:	T=3	G=0	-=0	A=0	C=0	
Position 2744:	T=0	G=0	-=0	A=3	C=0	
Position 2745:	T=0	G=0	-=0	A=0	C=3	
Position 2746:	T=0	G=0	-=0	A=3	C=0	
Position 2747:	T=3	G=0	-=0	A=0	C=4	
Position 2748:	T=3	G=0	-=0	A=0	C=0	
Position 2749:	T=0	G=0	-=0	A=3	C=0	
Position 2750:	T=3	G=0	-=0	A=0	C=0	
Position 2751:	T=0	G=0	-=0	A=3	C=0	
Position 2752:	T=0	G=0	-=0	A=0	C=3	
Position 2753:	T=0	G=0	-=0	A=3	C=0	
Position 2754:	T=3	G=0	-=0	A=0	C=0	
Position 2755:	T=0	G=0	-=0	A=0	C=3	
Position 2756:	T=0	G=0	-=0	A=3	C=0	
Position 2757:	T=0	G=1	-=0	A=0	C=0	
Position 2758:	T=0	G=0	-=0	A=1	C=0	
Position 2759:	T=0	G=0	-=0	A=0	C=1	
Position 2760:	T=0	G=0	-=0	A=1	C=0	
Position 2761:	T=0	G=0	-=0	A=0	C=1	
Position 2762:	T=0	G=0	-=0	A=2	C=0	
Position 2763:	T=0	G=0	-=0	A=2	C=0	
Position 2764:	T=0	G=0	-=0	A=0	C=1	
Position 2765:	T=0	G=0	-=0	A=0	C=1	
Position 2766:	T=0	G=0	-=0	A=1	C=0	
Position 2767:	T=0	G=0	-=0	A=0	C=1	
Position 2768:	T=0	G=0	-=0	A=1	C=0	
Position 2769:	T=0	G=1	-=0	A=0	C=0	
Position 2770:	T=0	G=0	-=0	A=0	C=1	
Position 2771:	T=1	G=0	-=0	A=0	C=0	
Position 2772:	T=1	G=0	-=0	A=0	C=0	
Position 2773:	T=1	G=0	-=0	A=0	C=0	
Position 2774:	T=1	G=0	-=0	A=0	C=0	
Position 2775:	T=1	G=0	-=0	A=0	C=0	
Position 2776:	T=0	G=0	-=0	A=0	C=1	
Position 2777:	T=0	G=0	-=0	A=1	C=0	
Position 2778:	T=1	G=0	-=0	A=0	C=0	
Position 2779:	T=0	G=0	-=0	A=0	C=1	
Position 2780:	T=0	G=0	-=0	A=1	C=0	
Position 2781:	T=0	G=1	-=0	A=0	C=0	
Position 2782:	T=1	G=0	-=0	A=0	C=0	
Position 2783:	T=0	G=0	-=0	A=0	C=1	
Position 2784:	T=0	G=0	-=0	A=1	C=0	
Position 2785:	T=0	G=0	-=0	A=0	C=1	
Position 2786:	T=0	G=0	-=0	A=0	C=1	
Position 2787:	T=0	G=0	-=0	A=0	C=1	
Position 2788:	T=0	G=0	-=0	A=1	C=0	
Position 2789:	T=0	G=0	-=0	A=0	C=1	
Position 2790:	T=0	G=0	-=0	A=1	C=0	
Position 2791:	T=1	G=0	-=0	A=0	C=0	
Position 2792:	T=1	G=0	-=0	A=0	C=0	
Position 2793:	T=1	G=0	-=0	A=0	C=0	
Position 2794:	T=0	G=1	-=0	A=0	C=0	
Position 2795:	T=0	G=0	-=0	A=0	C=1	
Position 2796:	T=0	G=0	-=0	A=0	C=1	
Position 2797:	T=0	G=1	-=0	A=0	C=0	
Position 2798:	T=0	G=0	-=0	A=1	C=0	
Position 2799:	T=0	G=1	-=0	A=0	C=0	
Position 2800:	T=0	G=0	-=0	A=1	C=0	
Position 2801:	T=0	G=0	-=0	A=0	C=1	
Position 2802:	T=0	G=1	-=0	A=0	C=0	
Position 2803:	T=1	G=0	-=0	A=0	C=0	
Position 2804:	T=1	G=0	-=0	A=0	C=0	
Position 2805:	T=0	G=0	-=0	A=0	C=1	
Position 2806:	T=0	G=0	-=0	A=1	C=0	
Position 2807:	T=0	G=0	-=0	A=0	C=1	
Position 2808:	T=1	G=0	-=0	A=0	C=0	
Position 2809:	T=0	G=0	-=0	A=1	C=0	
Position 2810:	T=0	G=0	-=0	A=0	C=1	
Position 2811:	T=0	G=2	-=0	A=0	C=0	
Position 2812:	T=0	G=2	-=0	A=0	C=0	
Position 2813:	T=0	G=2	-=0	A=0	C=0	
Position 2814:	T=2	G=0	-=0	A=0	C=0	
Position 2815:	T=0	G=2	-=0	A=0	C=0	
Position 2816:	T=0	G=0	-=0	A=2	C=0	
Position 2817:	T=0	G=2	-=0	A=0	C=0	
Position 2818:	T=2	G=0	-=0	A=0	C=0	
Position 2819:	T=2	G=0	-=0	A=0	C=0	
Position 2820:	T=0	G=0	-=0	A=2	C=0	
Position 2821:	T=2	G=0	-=0	A=0	C=0	
Position 2822:	T=0	G=0	-=0	A=0	C=2	
Position 2823:	T=0	G=0	-=0	A=0	C=2	
Position 2824:	T=0	G=2	-=0	A=0	C=0	
Position 2825:	T=0	G=0	-=0	A=2	C=0	
Position 2826:	T=1	G=0	-=0	A=0	C=0	
Position 2827:	T=0	G=0	-=0	A=1	C=0	
Position 2828:	T=1	G=0	-=0	A=0	C=0	
Position 2829:	T=0	G=1	-=0	A=0	C=0	
Position 2830:	T=1	G=0	-=0	A=0	C=0	
Position 2831:	T=0	G=0	-=0	A=1	C=0	
Position 2832:	T=0	G=0	-=0	A=0	C=1	
Position 2833:	T=0	G=0	-=0	A=1	C=0	
Position 2834:	T=1	G=0	-=0	A=0	C=0	
Position 2835:	T=0	G=1	-=0	A=0	C=0	
Position 2836:	T=0	G=0	-=0	A=0	C=1	
Position 2837:	T=0	G=0	-=0	A=1	C=0	
Position 2838:	T=0	G=0	-=0	A=1	C=0	
Position 2839:	T=0	G=0	-=0	A=1	C=0	
Position 2840:	T=1	G=0	-=0	A=0	C=0	
Position 2841:	T=0	G=1	-=0	A=0	C=0	
Position 2842:	T=0	G=1	-=0	A=0	C=0	
Position 2843:	T=0	G=0	-=0	A=1	C=0	
Position 2844:	T=0	G=1	-=0	A=0	C=0	
Position 2845:	T=0	G=0	-=0	A=0	C=1	
Position 2846:	T=0	G=0	-=0	A=0	C=1	
Position 2847:	T=1	G=0	-=0	A=0	C=0	
Position 2848:	T=0	G=0	-=0	A=0	C=1	
Position 2849:	T=0	G=0	-=0	A=0	C=1	
Position 2850:	T=0	G=0	-=0	A=1	C=0	
Position 2851:	T=1	G=0	-=0	A=0	C=0	
Position 2852:	T=0	G=1	-=0	A=0	C=0	
Position 2853:	T=1	G=0	-=0	A=0	C=0	
Position 2854:	T=1	G=0	-=0	A=0	C=0	
Position 2855:	T=0	G=0	-=0	A=0	C=1	
Position 2856:	T=1	G=0	-=0	A=0	C=0	
Position 2857:	T=1	G=0	-=0	A=0	C=0	
Position 2858:	T=1	G=0	-=0	A=0	C=0	
Position 2859:	T=0	G=0	-=0	A=1	C=0	
Position 2860:	T=1	G=0	-=0	A=0	C=0	
Position 2861:	T=0	G=0	-=0	A=0	C=1	
Position 2862:	T=1	G=0	-=0	A=0	C=0	
Position 2863:	T=0	G=1	-=0	A=0	C=0	
Position 2864:	T=0	G=0	-=0	A=0	C=1	
Position 2865:	T=0	G=0	-=0	A=0	C=1	
Position 2866:	T=1	G=0	-=0	A=0	C=0	
Position 2867:	T=0	G=0	-=0	A=1	C=0	
Position 2868:	T=1	G=0	-=0	A=0	C=0	
Position 2869:	T=1	G=0	-=0	A=0	C=0	
Position 2870:	T=0	G=0	-=0	A=0	C=1	
Position 2871:	T=0	G=0	-=0	A=1	C=0	
Position 2872:	T=1	G=0	-=0	A=0	C=0	
Position 2873:	T=0	G=1	-=0	A=0	C=0	
Position 2874:	T=0	G=0	-=0	A=0	C=1	
Position 2875:	T=0	G=0	-=0	A=1	C=0	
Position 2876:	T=0	G=0	-=0	A=0	C=1	
Position 2877:	T=0	G=1	-=0	A=0	C=0	
Position 2878:	T=1	G=0	-=0	A=0	C=0	
Position 2879:	T=0	G=0	-=0	A=1	C=0	
Position 2880:	T=0	G=1	-=0	A=0	C=0	
Position 2881:	T=0	G=1	-=0	A=0	C=0	
Position 2882:	T=0	G=0	-=0	A=1	C=0	
Position 2883:	T=0	G=0	-=0	A=0	C=1	
Position 2884:	T=0	G=1	-=0	A=0	C=0	
Position 2885:	T=0	G=1	-=0	A=0	C=0	
Position 2886:	T=0	G=1	-=0	A=0	C=0	
Position 2887:	T=0	G=1	-=0	A=0	C=0	
Position 2888:	T=0	G=0	-=0	A=0	C=1	
Position 2889:	T=0	G=0	-=0	A=0	C=1	
Position 2890:	T=1	G=0	-=0	A=0	C=0	
Position 2891:	T=0	G=9	-=0	A=1	C=0	
Position 2892:	T=1	G=0	-=0	A=0	C=0	
Position 2893:	T=0	G=0	-=0	A=1	C=0	
Position 2894:	T=0	G=0	-=0	A=0	C=1	
Position 2895:	T=6	G=0	-=0	A=0	C=0	
Position 2896:	T=0	G=0	-=0	A=5	C=0	
Position 2897:	T=4	G=0	-=0	A=0	C=0	
Position 2898:	T=0	G=4	-=0	A=0	C=0	
Position 2899:	T=0	G=4	-=0	A=0	C=0	
Position 2900:	T=0	G=0	-=0	A=0	C=4	
Position 2901:	T=4	G=0	-=0	A=0	C=0	
Position 2902:	T=0	G=0	-=0	A=0	C=3	
Position 2903:	T=0	G=0	-=0	A=2	C=0	
Position 2904:	T=2	G=0	-=0	A=0	C=0	
Position 2905:	T=0	G=0	-=0	A=2	C=0	
Position 2906:	T=0	G=0	-=0	A=0	C=2	
Position 2907:	T=0	G=0	-=0	A=0	C=2	
Position 2908:	T=2	G=0	-=0	A=0	C=0	
Position 2909:	T=0	G=0	-=0	A=1	C=0	
Position 2910:	T=1	G=0	-=0	A=0	C=0	
Position 2911:	T=1	G=0	-=0	A=0	C=0	
Position 2912:	T=0	G=0	-=0	A=0	C=1	
Position 2913:	T=1	G=0	-=0	A=0	C=0	
Position 2914:	T=0	G=0	-=0	A=0	C=1	
Position 2915:	T=0	G=0	-=0	A=1	C=0	
Position 2916:	T=0	G=1	-=0	A=0	C=0	
Position 2917:	T=0	G=0	-=0	A=3	C=0	
Position 2918:	T=0	G=0	-=0	A=2	C=0	
Position 2919:	T=0	G=0	-=0	A=2	C=0	
Position 2920:	T=0	G=0	-=0	A=0	C=2	
Position 2921:	T=0	G=0	-=0	A=21	C=0	
Position 2922:	T=21	G=0	-=0	A=0	C=0	
Position 2923:	T=0	G=21	-=0	A=0	C=0	
Position 2924:	T=0	G=0	-=0	A=21	C=0	
Position 2925:	T=0	G=0	-=0	A=20	C=0	
Position 2926:	T=0	G=0	-=0	A=18	C=0	
Position 2927:	T=0	G=0	-=0	A=0	C=18	
Position 2928:	T=0	G=0	-=0	A=16	C=0	
Position 2929:	T=16	G=0	-=0	A=0	C=0	
Position 2930:	T=16	G=0	-=0	A=0	C=0	
Position 2931:	T=0	G=15	-=0	A=1	C=0	
Position 2932:	T=0	G=15	-=0	A=0	C=0	
Position 2933:	T=0	G=0	-=0	A=0	C=15	
Position 2934:	T=0	G=0	-=0	A=15	C=0	
Position 2935:	T=15	G=0	-=0	A=0	C=0	
Position 2936:	T=15	G=0	-=0	A=0	C=0	
Position 2937:	T=0	G=0	-=0	A=15	C=0	
Position 2938:	T=12	G=0	-=0	A=0	C=0	
Position 2939:	T=10	G=0	-=0	A=0	C=0	
Position 2940:	T=0	G=0	-=0	A=0	C=10	
Position 2941:	T=9	G=0	-=0	A=0	C=0	
Position 2942:	T=0	G=0	-=0	A=0	C=8	
Position 2943:	T=0	G=0	-=0	A=0	C=6	
Position 2944:	T=6	G=0	-=0	A=0	C=0	
Position 2945:	T=0	G=0	-=0	A=6	C=0	
Position 2946:	T=6	G=0	-=0	A=0	C=0	
Position 2947:	T=6	G=0	-=0	A=0	C=0	
Position 2948:	T=5	G=0	-=0	A=0	C=0	
Position 2949:	T=0	G=0	-=0	A=5	C=0	
Position 2950:	T=0	G=0	-=0	A=0	C=3	
Position 2951:	T=0	G=0	-=0	A=3	C=0	
Position 2952:	T=0	G=2	-=0	A=0	C=0	
Position 2953:	T=2	G=0	-=0	A=0	C=0	
Position 2954:	T=2	G=0	-=0	A=0	C=0	
Position 2955:	T=0	G=0	-=0	A=2	C=0	
Position 2956:	T=2	G=0	-=0	A=0	C=0	
Position 2957:	T=0	G=0	-=0	A=2	C=0	
Position 2958:	T=0	G=2	-=0	A=0	C=0	
Position 2959:	T=0	G=0	-=0	A=0	C=2	
Position 2960:	T=0	G=0	-=0	A=0	C=1	
Position 2961:	T=0	G=0	-=0	A=1	C=0	
Position 2962:	T=0	G=0	-=0	A=0	C=17	
Position 2963:	T=0	G=0	-=0	A=0	C=15	
Position 2964:	T=0	G=13	-=0	A=1	C=0	
Position 2965:	T=0	G=0	-=0	A=0	C=14	
Position 2966:	T=0	G=0	-=0	A=14	C=0	
Position 2967:	T=13	G=0	-=0	A=0	C=0	
Position 2968:	T=13	G=0	-=0	A=0	C=0	
Position 2969:	T=13	G=0	-=0	A=0	C=0	
Position 2970:	T=0	G=0	-=0	A=13	C=0	
Position 2971:	T=13	G=0	-=0	A=0	C=0	
Position 2972:	T=0	G=0	-=0	A=13	C=0	
Position 2973:	T=0	G=13	-=0	A=0	C=0	
Position 2974:	T=0	G=13	-=0	A=0	C=0	
Position 2975:	T=0	G=0	-=0	A=12	C=0	
Position 2976:	T=12	G=0	-=0	A=0	C=0	
Position 2977:	T=0	G=0	-=0	A=11	C=0	
Position 2978:	T=0	G=0	-=0	A=0	C=11	
Position 2979:	T=0	G=10	-=0	A=0	C=0	
Position 2980:	T=10	G=0	-=0	A=0	C=0	
Position 2981:	T=0	G=0	-=0	A=0	C=10	
Position 2982:	T=0	G=0	-=0	A=0	C=10	
Position 2983:	T=10	G=0	-=0	A=0	C=0	
Position 2984:	T=0	G=0	-=0	A=10	C=0	
Position 2985:	T=0	G=0	-=0	A=0	C=9	
Position 2986:	T=0	G=0	-=0	A=0	C=9	
Position 2987:	T=0	G=0	-=0	A=0	C=9	
Position 2988:	T=9	G=0	-=0	A=0	C=0	
Position 2989:	T=0	G=7	-=0	A=1	C=0	
Position 2990:	T=0	G=0	-=0	A=8	C=0	
Position 2991:	T=0	G=7	-=0	A=0	C=0	
Position 2992:	T=0	G=6	-=0	A=1	C=0	
Position 2993:	T=0	G=0	-=0	A=0	C=6	
Position 2994:	T=0	G=0	-=0	A=0	C=6	
Position 2995:	T=0	G=0	-=0	A=6	C=0	
Position 2996:	T=0	G=0	-=0	A=6	C=0	
Position 2997:	T=0	G=0	-=0	A=5	C=0	
Position 2998:	T=5	G=0	-=0	A=0	C=0	
Position 2999:	T=0	G=5	-=0	A=0	C=0	
Position 3000:	T=5	G=0	-=0	A=0	C=0	
Position 3001:	T=0	G=0	-=0	A=0	C=5	
Position 3002:	T=0	G=0	-=0	A=0	C=4	
Position 3003:	T=3	G=0	-=0	A=0	C=0	
Position 3004:	T=3	G=0	-=0	A=0	C=0	
Position 3005:	T=0	G=0	-=0	A=0	C=3	
Position 3006:	T=3	G=0	-=0	A=0	C=0	
Position 3007:	T=0	G=3	-=0	A=0	C=0	
Position 3008:	T=0	G=0	-=0	A=3	C=0	
Position 3009:	T=0	G=3	-=0	A=0	C=0	
Position 3010:	T=0	G=3	-=0	A=0	C=0	
Position 3011:	T=0	G=0	-=0	A=3	C=0	
Position 3012:	A=1	N=0	C=0	-=0	G=5	T=0	
Position 3013:	T=0	G=0	-=0	A=0	C=4	
Position 3014:	T=0	G=4	-=0	A=0	C=0	
Position 3015:	T=0	G=0	-=0	A=4	C=0	
Position 3016:	T=0	G=0	-=0	A=0	C=4	
Position 3017:	T=4	G=0	-=0	A=0	C=0	
Position 3018:	T=0	G=4	-=0	A=0	C=0	
Position 3019:	T=4	G=0	-=0	A=0	C=0	
Position 3020:	T=0	G=0	-=0	A=0	C=4	
Position 3021:	T=0	G=0	-=0	A=3	C=0	
Position 3022:	T=3	G=0	-=0	A=0	C=0	
Position 3023:	T=0	G=0	-=0	A=0	C=3	
Position 3024:	T=0	G=0	-=0	A=3	C=0	
Position 3025:	T=0	G=0	-=0	A=0	C=3	
Position 3026:	T=0	G=0	-=0	A=0	C=1	
Position 3027:	T=0	G=0	-=0	A=1	C=0	
Position 3028:	T=0	G=0	-=0	A=1	C=0	
Position 3029:	T=1	G=0	-=0	A=0	C=0	
Position 3030:	T=0	G=0	-=0	A=0	C=1	
Position 3031:	T=1	G=0	-=0	A=0	C=0	
Position 3032:	T=0	G=0	-=0	A=1	C=0	
Position 3033:	T=0	G=0	-=0	A=0	C=1	
Position 3034:	T=1	G=0	-=0	A=0	C=0	
Position 3035:	T=0	G=0	-=0	A=1	C=0	
Position 3036:	T=1	G=0	-=0	A=0	C=0	
Position 3037:	T=0	G=0	-=0	A=0	C=1	
Position 3038:	T=0	G=1	-=0	A=0	C=0	
Position 3039:	T=0	G=1	-=0	A=0	C=0	
Position 3040:	T=0	G=0	-=0	A=0	C=1	
Position 3041:	T=0	G=0	-=0	A=0	C=1	
Position 3042:	T=0	G=0	-=0	A=1	C=0	
Position 3043:	T=1	G=0	-=0	A=0	C=0	
Position 3044:	T=1	G=0	-=0	A=0	C=0	
Position 3045:	T=0	G=0	-=0	A=0	C=1	
Position 3046:	T=0	G=0	-=0	A=0	C=1	
Position 3047:	T=0	G=0	-=0	A=0	C=1	
Position 3048:	T=1	G=0	-=0	A=0	C=0	
Position 3049:	T=0	G=0	-=0	A=1	C=0	
Position 3050:	T=1	G=0	-=0	A=0	C=0	
Position 3051:	T=0	G=0	-=0	A=1	C=0	
Position 3052:	T=1	G=0	-=0	A=0	C=0	
Position 3053:	T=0	G=0	-=0	A=0	C=1	
Position 3054:	T=0	G=1	-=0	A=0	C=0	
Position 3055:	T=0	G=1	-=0	A=0	C=0	
Position 3056:	T=0	G=0	-=0	A=1	C=0	
Position 3057:	T=0	G=0	-=0	A=1	C=0	
Position 3058:	T=0	G=0	-=0	A=0	C=1	
Position 3059:	T=0	G=1	-=0	A=0	C=0	
Position 3060:	T=0	G=1	-=0	A=0	C=0	
Position 3061:	T=0	G=0	-=0	A=13	C=0	
Position 3062:	T=0	G=0	-=0	A=0	C=13	
Position 3063:	T=0	G=0	-=0	A=0	C=12	
Position 3064:	T=12	G=0	-=0	A=0	C=0	
Position 3065:	T=0	G=9	-=0	A=2	C=0	
Position 3066:	T=0	G=11	-=0	A=0	C=0	
Position 3067:	T=10	G=0	-=0	A=0	C=0	
Position 3068:	T=0	G=0	-=0	A=9	C=0	
Position 3069:	T=0	G=8	-=0	A=0	C=0	
Position 3070:	T=0	G=0	-=0	A=8	C=0	
Position 3071:	T=0	G=0	-=0	A=8	C=0	
Position 3072:	T=7	G=0	-=0	A=0	C=0	
Position 3073:	T=0	G=7	-=0	A=0	C=0	
Position 3074:	T=0	G=0	-=0	A=7	C=0	
Position 3075:	T=0	G=0	-=0	A=5	C=0	
Position 3076:	T=5	G=0	-=0	A=0	C=0	
Position 3077:	T=0	G=0	-=0	A=0	C=5	
Position 3078:	T=5	G=0	-=0	A=0	C=0	
Position 3079:	T=0	G=5	-=0	A=0	C=0	
Position 3080:	T=0	G=0	-=0	A=5	C=0	
Position 3081:	T=0	G=4	-=0	A=0	C=0	
Position 3082:	T=0	G=2	-=0	A=1	C=0	
Position 3083:	T=0	G=2	-=0	A=0	C=0	
Position 3084:	T=0	G=2	-=0	A=0	C=0	
Position 3085:	T=0	G=2	-=0	A=0	C=0	
Position 3086:	T=0	G=0	-=0	A=0	C=2	
Position 3087:	T=2	G=0	-=0	A=0	C=0	
Position 3088:	T=2	G=0	-=0	A=0	C=0	
Position 3089:	T=2	G=0	-=0	A=0	C=0	
Position 3090:	T=2	G=0	-=0	A=0	C=0	
Position 3091:	T=0	G=0	-=0	A=0	C=2	
Position 3092:	T=0	G=0	-=0	A=0	C=2	
Position 3093:	T=0	G=2	-=0	A=0	C=0	
Position 3094:	T=2	G=0	-=0	A=0	C=0	
Position 3095:	T=0	G=0	-=0	A=2	C=0	
Position 3096:	T=0	G=33	-=0	A=0	C=0	
Position 3097:	T=0	G=0	-=0	A=33	C=0	
Position 3098:	T=33	G=0	-=0	A=0	C=0	
Position 3099:	T=0	G=0	-=0	A=34	C=0	
Position 3100:	T=0	G=0	-=0	A=34	C=0	
Position 3101:	T=0	G=0	-=0	A=34	C=0	
Position 3102:	T=0	G=34	-=0	A=0	C=0	
Position 3103:	T=0	G=0	-=0	A=0	C=34	
Position 3104:	T=0	G=34	-=0	A=0	C=0	
Position 3105:	T=0	G=0	-=0	A=34	C=0	
Position 3106:	T=0	G=0	-=0	A=0	C=34	
Position 3107:	T=34	G=0	-=0	A=0	C=0	
Position 3108:	T=1	G=0	-=0	A=0	C=33	
Position 3109:	T=35	G=0	-=0	A=0	C=0	
Position 3110:	T=0	G=0	-=0	A=35	C=0	
Position 3111:	T=0	G=0	-=0	A=35	C=0	
Position 3112:	T=0	G=0	-=0	A=0	C=35	
Position 3113:	T=0	G=0	-=0	A=35	C=0	
Position 3114:	T=1	G=0	-=0	A=0	C=33	
Position 3115:	T=0	G=34	-=0	A=0	C=0	
Position 3116:	T=0	G=0	-=0	A=34	C=0	
Position 3117:	T=32	G=0	-=0	A=0	C=0	
Position 3118:	T=31	G=0	-=0	A=0	C=0	
Position 3119:	T=0	G=0	-=0	A=0	C=31	
Position 3120:	T=31	G=0	-=0	A=0	C=0	
Position 3121:	T=27	G=0	-=0	A=0	C=0	
Position 3122:	T=26	G=0	-=0	A=0	C=0	
Position 3123:	T=0	G=26	-=0	A=0	C=0	
Position 3124:	T=0	G=0	-=0	A=0	C=26	
Position 3125:	T=24	G=0	-=0	A=0	C=0	
Position 3126:	T=24	G=0	-=0	A=0	C=0	
Position 3127:	T=23	G=0	-=0	A=0	C=0	
Position 3128:	T=0	G=0	-=0	A=0	C=22	
Position 3129:	T=0	G=0	-=0	A=0	C=22	
Position 3130:	T=0	G=0	-=0	A=21	C=0	
Position 3131:	T=0	G=0	-=0	A=0	C=21	
Position 3132:	T=21	G=0	-=0	A=0	C=0	
Position 3133:	T=19	G=0	-=0	A=0	C=0	
Position 3134:	T=19	G=0	-=0	A=0	C=0	
Position 3135:	T=0	G=0	-=0	A=19	C=0	
Position 3136:	T=17	G=0	-=0	A=0	C=0	
Position 3137:	T=16	G=0	-=0	A=0	C=0	
Position 3138:	T=0	G=0	-=0	A=0	C=15	
Position 3139:	T=13	G=0	-=0	A=0	C=0	
Position 3140:	T=0	G=0	-=0	A=0	C=11	
Position 3141:	T=0	G=0	-=0	A=0	C=10	
Position 3142:	T=0	G=0	-=0	A=0	C=9	
Position 3143:	T=0	G=8	-=0	A=1	C=0	
Position 3144:	T=8	G=0	-=0	A=0	C=0	
Position 3145:	T=8	G=0	-=0	A=0	C=0	
Position 3146:	T=0	G=0	-=0	A=0	C=8	
Position 3147:	T=0	G=0	-=0	A=8	C=0	
Position 3148:	T=7	G=0	-=0	A=0	C=0	
Position 3149:	A=0	N=0	C=7	-=0	G=0	T=0	
Position 3150:	T=0	G=0	-=0	A=7	C=0	
Position 3151:	T=7	G=0	-=0	A=0	C=0	
Position 3152:	T=0	G=0	-=0	A=0	C=7	
Position 3153:	T=0	G=0	-=0	A=0	C=7	
Position 3154:	T=6	G=0	-=0	A=0	C=0	
Position 3155:	T=0	G=0	-=0	A=4	C=0	
Position 3156:	T=0	G=4	-=0	A=0	C=0	
Position 3157:	T=0	G=0	-=0	A=0	C=4	
Position 3158:	T=0	G=0	-=0	A=4	C=0	
Position 3159:	T=0	G=0	-=0	A=0	C=4	
Position 3160:	T=4	G=0	-=0	A=0	C=0	
Position 3161:	T=0	G=0	-=0	A=3	C=0	
Position 3162:	T=0	G=3	-=0	A=0	C=0	
Position 3163:	T=0	G=0	-=0	A=0	C=3	
Position 3164:	T=0	G=0	-=0	A=3	C=0	
Position 3165:	T=0	G=3	-=0	A=0	C=0	
Position 3166:	T=0	G=0	-=0	A=0	C=3	
Position 3167:	T=0	G=0	-=0	A=3	C=0	
Position 3168:	T=0	G=3	-=0	A=0	C=0	
Position 3169:	T=3	G=0	-=0	A=0	C=0	
Position 3170:	T=0	G=0	-=0	A=0	C=3	
Position 3171:	T=0	G=0	-=0	A=0	C=3	
Position 3172:	T=0	G=0	-=0	A=3	C=0	
Position 3173:	T=0	G=0	-=0	A=0	C=3	
Position 3174:	T=0	G=0	-=0	A=0	C=3	
Position 3175:	T=3	G=0	-=0	A=0	C=0	
Position 3176:	T=0	G=0	-=0	A=3	C=0	
Position 3177:	T=3	G=0	-=0	A=0	C=0	
Position 3178:	T=3	G=0	-=0	A=0	C=0	
Position 3179:	T=0	G=3	-=0	A=0	C=0	
Position 3180:	T=3	G=0	-=0	A=0	C=0	
Position 3181:	T=3	G=0	-=0	A=0	C=0	
Position 3182:	T=0	G=0	-=0	A=0	C=1	
Position 3183:	T=0	G=0	-=0	A=0	C=1	
Position 3184:	T=1	G=0	-=0	A=0	C=0	
Position 3185:	T=0	G=0	-=0	A=1	C=0	
Position 3186:	T=0	G=0	-=0	A=0	C=1	
Position 3187:	T=0	G=0	-=0	A=1	C=0	
Position 3188:	T=0	G=0	-=0	A=0	C=1	
Position 3189:	T=0	G=1	-=0	A=0	C=0	
Position 3190:	T=0	G=0	-=0	A=1	C=0	
Position 3191:	T=0	G=0	-=0	A=1	C=0	
Position 3192:	T=0	G=0	-=0	A=1	C=0	
Position 3193:	T=0	G=0	-=0	A=0	C=1	
Position 3194:	T=0	G=0	-=0	A=1	C=0	
Position 3195:	T=0	G=1	-=0	A=0	C=0	
Position 3196:	T=0	G=1	-=0	A=0	C=0	
Position 3197:	T=0	G=0	-=0	A=1	C=0	
Position 3198:	T=3	G=0	-=0	A=0	C=0	
Position 3199:	T=0	G=0	-=0	A=0	C=3	
Position 3200:	A=0	N=0	C=3	-=0	G=0	T=0	
Position 3201:	T=0	G=0	-=0	A=3	C=0	
Position 3202:	T=0	G=0	-=0	A=3	C=0	
Position 3203:	T=0	G=0	-=0	A=0	C=3	
Position 3204:	T=0	G=0	-=0	A=3	C=0	
Position 3205:	T=0	G=0	-=0	A=3	C=0	
Position 3206:	T=0	G=0	-=0	A=0	C=3	
Position 3207:	T=0	G=0	-=0	A=0	C=3	
Position 3208:	T=0	G=0	-=0	A=0	C=3	
Position 3209:	T=0	G=0	-=0	A=0	C=3	
Position 3210:	T=3	G=0	-=0	A=0	C=0	
Position 3211:	T=0	G=0	-=0	A=0	C=3	
Position 3212:	T=3	G=0	-=0	A=0	C=0	
Position 3213:	T=0	G=5	-=0	A=3	C=0	
Position 3214:	T=0	G=2	-=0	A=0	C=0	
Position 3215:	T=0	G=0	-=0	A=1	C=0	
Position 3216:	T=0	G=0	-=0	A=1	C=0	
Position 3217:	T=1	G=0	-=0	A=0	C=0	
Position 3218:	T=0	G=0	-=0	A=0	C=1	
Position 3219:	T=0	G=0	-=0	A=0	C=1	
Position 3220:	T=0	G=0	-=0	A=0	C=1	
Position 3221:	T=0	G=0	-=0	A=1	C=0	
Position 3222:	T=1	G=0	-=0	A=0	C=0	
Position 3223:	T=0	G=0	-=0	A=0	C=1	
Position 3224:	T=1	G=0	-=0	A=0	C=0	
Position 3225:	T=0	G=1	-=0	A=0	C=0	
Position 3226:	T=0	G=0	-=0	A=1	C=0	
Position 3227:	T=0	G=0	-=0	A=0	C=1	
Position 3228:	T=1	G=0	-=0	A=0	C=0	
Position 3229:	T=0	G=0	-=0	A=0	C=1	
Position 3230:	T=0	G=0	-=0	A=1	C=0	
Position 3231:	T=0	G=1	-=0	A=0	C=0	
Position 3232:	T=0	G=0	-=0	A=1	C=0	
Position 3233:	T=0	G=0	-=0	A=0	C=1	
Position 3234:	T=0	G=0	-=0	A=16	C=0	
Position 3235:	T=0	G=0	-=0	A=15	C=0	
Position 3236:	T=0	G=0	-=0	A=15	C=0	
Position 3237:	T=0	G=0	-=0	A=15	C=0	
Position 3238:	T=13	G=0	-=0	A=0	C=0	
Position 3239:	T=0	G=0	-=0	A=0	C=13	
Position 3240:	T=0	G=0	-=0	A=0	C=12	
Position 3241:	T=0	G=0	-=0	A=0	C=12	
Position 3242:	T=0	G=0	-=0	A=12	C=0	
Position 3243:	T=12	G=0	-=0	A=0	C=0	
Position 3244:	T=11	G=0	-=0	A=0	C=0	
Position 3245:	T=0	G=0	-=0	A=0	C=10	
Position 3246:	T=0	G=0	-=0	A=0	C=10	
Position 3247:	T=0	G=0	-=0	A=9	C=0	
Position 3248:	T=7	G=0	-=0	A=0	C=0	
Position 3249:	T=0	G=0	-=0	A=0	C=6	
Position 3250:	T=0	G=0	-=0	A=0	C=6	
Position 3251:	T=0	G=0	-=0	A=6	C=0	
Position 3252:	T=6	G=0	-=0	A=0	C=0	
Position 3253:	T=0	G=0	-=0	A=5	C=0	
Position 3254:	T=0	G=0	-=0	A=0	C=4	
Position 3255:	T=4	G=0	-=0	A=0	C=0	
Position 3256:	T=0	G=0	-=0	A=4	C=0	
Position 3257:	T=4	G=0	-=0	A=0	C=0	
Position 3258:	T=0	G=0	-=0	A=4	C=0	
Position 3259:	T=0	G=0	-=0	A=0	C=4	
Position 3260:	T=0	G=0	-=0	A=3	C=0	
Position 3261:	T=0	G=0	-=0	A=3	C=0	
Position 3262:	T=3	G=0	-=0	A=0	C=0	
Position 3263:	T=3	G=0	-=0	A=0	C=0	
Position 3264:	T=0	G=0	-=0	A=2	C=0	
Position 3265:	T=0	G=0	-=0	A=2	C=0	
Position 3266:	T=0	G=2	-=0	A=0	C=0	
Position 3267:	T=0	G=2	-=0	A=0	C=0	
Position 3268:	T=0	G=0	-=0	A=2	C=0	
Position 3269:	T=2	G=0	-=0	A=0	C=0	
Position 3270:	T=0	G=0	-=0	A=2	C=0	
Position 3271:	T=2	G=0	-=0	A=0	C=0	
Position 3272:	T=2	G=0	-=0	A=0	C=0	
Position 3273:	T=0	G=0	-=0	A=0	C=2	
Position 3274:	T=2	G=0	-=0	A=0	C=0	
Position 3275:	T=0	G=0	-=0	A=2	C=0	
Position 3276:	T=0	G=2	-=0	A=0	C=0	
Position 3277:	T=0	G=2	-=0	A=0	C=0	
Position 3278:	T=0	G=0	-=0	A=0	C=2	
Position 3279:	T=0	G=2	-=0	A=0	C=0	
Position 3280:	T=0	G=0	-=0	A=0	C=1	
Position 3281:	T=0	G=0	-=0	A=0	C=1	
Position 3282:	T=0	G=0	-=0	A=0	C=1	
Position 3283:	T=1	G=0	-=0	A=0	C=0	
Position 3284:	T=0	G=0	-=0	A=1	C=0	
Position 3285:	T=0	G=0	-=0	A=0	C=1	
Position 3286:	T=1	G=0	-=0	A=0	C=0	
Position 3287:	T=1	G=0	-=0	A=0	C=0	
Position 3288:	T=0	G=0	-=0	A=0	C=1	
Position 3289:	T=1	G=0	-=0	A=0	C=0	
Position 3290:	T=0	G=0	-=0	A=0	C=1	
Position 3291:	T=0	G=0	-=0	A=1	C=0	
Position 3292:	T=0	G=0	-=0	A=0	C=1	
Position 3293:	T=0	G=0	-=0	A=0	C=1	
Position 3294:	T=0	G=0	-=0	A=0	C=1	
Position 3295:	T=2	G=0	-=0	A=0	C=0	
Position 3296:	T=0	G=0	-=0	A=2	C=0	
Position 3297:	T=0	G=2	-=0	A=0	C=0	
Position 3298:	T=0	G=0	-=0	A=0	C=2	
Position 3299:	T=0	G=0	-=0	A=0	C=2	
Position 3300:	T=1	G=0	-=0	A=0	C=0	
Position 3301:	T=1	G=0	-=0	A=0	C=0	
Position 3302:	T=0	G=0	-=0	A=1	C=0	
Position 3303:	T=0	G=12	-=0	A=1	C=0	
Position 3304:	T=0	G=0	-=0	A=0	C=1	
Position 3305:	T=0	G=0	-=0	A=1	C=0	
Position 3306:	T=0	G=0	-=0	A=1	C=0	
Position 3307:	T=0	G=0	-=0	A=0	C=1	
Position 3308:	T=0	G=0	-=0	A=0	C=12	
Position 3309:	T=0	G=0	-=0	A=0	C=11	
Position 3310:	T=11	G=0	-=0	A=0	C=0	
Position 3311:	T=0	G=0	-=0	A=10	C=0	
Position 3312:	T=0	G=9	-=0	A=0	C=0	
Position 3313:	T=9	G=0	-=0	A=0	C=0	
Position 3314:	T=0	G=0	-=0	A=0	C=8	
Position 3315:	T=0	G=0	-=0	A=0	C=8	
Position 3316:	T=7	G=0	-=0	A=0	C=0	
Position 3317:	T=0	G=0	-=0	A=7	C=0	
Position 3318:	T=7	G=0	-=0	A=0	C=0	
Position 3319:	T=7	G=0	-=0	A=0	C=0	
Position 3320:	T=0	G=0	-=0	A=0	C=6	
Position 3321:	T=6	G=0	-=0	A=0	C=0	
Position 3322:	T=0	G=0	-=0	A=0	C=5	
Position 3323:	T=0	G=3	-=0	A=1	C=0	
Position 3324:	T=0	G=0	-=0	A=0	C=3	
Position 3325:	T=0	G=0	-=0	A=0	C=3	
Position 3326:	T=0	G=0	-=0	A=0	C=3	
Position 3327:	T=0	G=3	-=0	A=0	C=0	
Position 3328:	T=0	G=0	-=0	A=3	C=0	
Position 3329:	T=0	G=0	-=0	A=0	C=3	
Position 3330:	T=3	G=0	-=0	A=0	C=0	
Position 3331:	T=3	G=0	-=0	A=0	C=0	
Position 3332:	T=0	G=0	-=0	A=3	C=0	
Position 3333:	T=0	G=0	-=0	A=0	C=3	
Position 3334:	T=1	G=0	-=0	A=0	C=0	
Position 3335:	T=0	G=0	-=0	A=1	C=0	
Position 3336:	T=0	G=1	-=0	A=0	C=0	
Position 3337:	T=0	G=1	-=0	A=0	C=0	
Position 3338:	T=0	G=0	-=0	A=1	C=0	
Position 3339:	T=0	G=1	-=0	A=0	C=0	
Position 3340:	T=0	G=0	-=0	A=1	C=0	
Position 3341:	T=0	G=0	-=0	A=0	C=1	
Position 3342:	T=0	G=0	-=0	A=0	C=1	
Position 3343:	T=0	G=0	-=0	A=0	C=1	
Position 3344:	T=1	G=0	-=0	A=0	C=0	
Position 3345:	T=0	G=1	-=0	A=0	C=0	
Position 3346:	T=0	G=0	-=0	A=1	C=0	
Position 3347:	T=1	G=0	-=0	A=0	C=0	
Position 3348:	T=0	G=0	-=0	A=1	C=0	
Position 3349:	T=0	G=0	-=0	A=1	C=0	
Position 3350:	T=0	G=0	-=0	A=0	C=1	
Position 3351:	T=1	G=0	-=0	A=0	C=0	
Position 3352:	T=0	G=0	-=0	A=1	C=0	
Position 3353:	T=3	G=0	-=0	A=0	C=0	
Position 3354:	T=0	G=0	-=0	A=3	C=0	
Position 3355:	T=3	G=0	-=0	A=0	C=0	
Position 3356:	T=0	G=0	-=0	A=0	C=3	
Position 3357:	T=0	G=0	-=0	A=0	C=3	
Position 3358:	T=0	G=0	-=0	A=0	C=3	
Position 3359:	T=0	G=0	-=0	A=0	C=2	
Position 3360:	T=0	G=2	-=0	A=0	C=0	
Position 3361:	T=0	G=0	-=0	A=0	C=2	
Position 3362:	T=0	G=0	-=0	A=2	C=0	
Position 3363:	T=0	G=0	-=0	A=2	C=0	
Position 3364:	T=0	G=0	-=0	A=2	C=0	
Position 3365:	T=2	G=0	-=0	A=0	C=0	
Position 3366:	T=0	G=0	-=0	A=0	C=2	
Position 3367:	T=0	G=0	-=0	A=0	C=2	
Position 3368:	T=0	G=0	-=0	A=2	C=0	
Position 3369:	T=0	G=0	-=0	A=0	C=2	
Position 3370:	T=2	G=0	-=0	A=0	C=0	
Position 3371:	T=0	G=2	-=0	A=0	C=0	
Position 3372:	T=0	G=0	-=0	A=2	C=0	
Position 3373:	T=0	G=2	-=0	A=0	C=0	
Position 3374:	T=0	G=0	-=0	A=0	C=2	
Position 3375:	T=0	G=0	-=0	A=2	C=0	
Position 3376:	T=0	G=0	-=0	A=0	C=2	
Position 3377:	T=0	G=0	-=0	A=0	C=2	
Position 3378:	T=0	G=0	-=0	A=0	C=2	
Position 3379:	T=0	G=0	-=0	A=0	C=2	
Position 3380:	T=0	G=0	-=0	A=2	C=0	
Position 3381:	T=0	G=0	-=0	A=0	C=2	
Position 3382:	T=0	G=0	-=0	A=0	C=2	
Position 3383:	T=1	G=0	-=0	A=0	C=2	
Position 3384:	T=0	G=0	-=0	A=0	C=2	
Position 3385:	T=0	G=0	-=0	A=2	C=0	
Position 3386:	T=0	G=0	-=0	A=0	C=2	
Position 3387:	T=0	G=0	-=0	A=2	C=0	
Position 3388:	T=2	G=0	-=0	A=0	C=0	
Position 3389:	T=0	G=0	-=0	A=0	C=2	
Position 3390:	T=0	G=0	-=0	A=2	C=0	
Position 3391:	T=0	G=0	-=0	A=2	C=0	
Position 3392:	T=0	G=0	-=0	A=2	C=0	
Position 3393:	T=0	G=0	-=0	A=0	C=2	
Position 3394:	T=0	G=0	-=0	A=0	C=2	
Position 3395:	T=0	G=0	-=0	A=0	C=2	
Position 3396:	T=0	G=2	-=0	A=0	C=0	
Position 3397:	T=0	G=0	-=0	A=2	C=0	
Position 3398:	T=0	G=2	-=0	A=1	C=0	
Position 3399:	T=1	G=0	-=0	A=0	C=0	
Position 3400:	T=0	G=1	-=0	A=0	C=0	
Position 3401:	T=0	G=1	-=0	A=0	C=0	
Position 3402:	T=1	G=0	-=0	A=0	C=0	
Position 3403:	T=0	G=0	-=0	A=1	C=0	
Position 3404:	T=0	G=0	-=0	A=0	C=1	
Position 3405:	T=1	G=0	-=0	A=0	C=0	
Position 3406:	T=1	G=0	-=0	A=0	C=0	
Position 3407:	T=1	G=0	-=0	A=0	C=0	
Position 3408:	T=0	G=0	-=0	A=0	C=1	
Position 3409:	T=1	G=0	-=0	A=0	C=0	
Position 3410:	T=0	G=0	-=0	A=1	C=0	
Position 3411:	T=1	G=0	-=0	A=0	C=0	
Position 3412:	T=1	G=0	-=0	A=0	C=0	
Position 3413:	T=1	G=0	-=0	A=0	C=0	
Position 3414:	T=0	G=1	-=0	A=0	C=0	
Position 3415:	T=0	G=0	-=0	A=0	C=1	
Position 3416:	T=0	G=0	-=0	A=0	C=1	
Position 3417:	T=1	G=0	-=0	A=0	C=0	
Position 3418:	T=0	G=0	-=0	A=1	C=0	
Position 3419:	T=0	G=0	-=0	A=0	C=5	
Position 3420:	T=0	G=4	-=0	A=0	C=0	
Position 3421:	T=0	G=0	-=0	A=0	C=4	
Position 3422:	T=4	G=0	-=0	A=0	C=0	
Position 3423:	T=0	G=0	-=0	A=4	C=0	
Position 3424:	T=3	G=0	-=0	A=0	C=0	
Position 3425:	T=0	G=0	-=0	A=0	C=2	
Position 3426:	T=0	G=0	-=0	A=0	C=2	
Position 3427:	T=2	G=0	-=0	A=0	C=0	
Position 3428:	T=0	G=0	-=0	A=2	C=0	
Position 3429:	T=0	G=0	-=0	A=0	C=1	
Position 3430:	T=0	G=9	-=0	A=1	C=0	
Position 3431:	T=0	G=0	-=0	A=1	C=0	
Position 3432:	T=1	G=0	-=0	A=0	C=0	
Position 3433:	T=0	G=0	-=0	A=0	C=1	
Position 3434:	T=0	G=0	-=0	A=0	C=8	
Position 3435:	T=0	G=0	-=0	A=8	C=0	
Position 3436:	T=7	G=0	-=0	A=0	C=0	
Position 3437:	T=0	G=0	-=0	A=0	C=6	
Position 3438:	T=0	G=0	-=0	A=0	C=6	
Position 3439:	T=0	G=0	-=0	A=0	C=6	
Position 3440:	T=6	G=0	-=0	A=0	C=0	
Position 3441:	T=0	G=0	-=0	A=6	C=0	
Position 3442:	T=0	G=0	-=0	A=6	C=0	
Position 3443:	T=6	G=0	-=0	A=0	C=0	
Position 3444:	T=0	G=0	-=0	A=6	C=0	
Position 3445:	T=0	G=0	-=0	A=6	C=0	
Position 3446:	T=0	G=0	-=0	A=6	C=0	
Position 3447:	T=0	G=0	-=0	A=0	C=5	
Position 3448:	T=3	G=0	-=0	A=0	C=0	
Position 3449:	T=0	G=0	-=0	A=3	C=0	
Position 3450:	T=0	G=3	-=0	A=0	C=0	
Position 3451:	T=0	G=2	-=0	A=1	C=0	
Position 3452:	T=0	G=0	-=0	A=2	C=0	
Position 3453:	T=0	G=2	-=0	A=0	C=0	
Position 3454:	T=0	G=2	-=0	A=0	C=0	
Position 3455:	T=0	G=0	-=0	A=2	C=0	
Position 3456:	T=0	G=2	-=0	A=0	C=0	
Position 3457:	T=2	G=0	-=0	A=0	C=0	
Position 3458:	T=0	G=0	-=0	A=1	C=0	
Position 3459:	T=0	G=0	-=0	A=0	C=1	
Position 3460:	T=1	G=0	-=0	A=0	C=0	
Position 3461:	T=0	G=0	-=0	A=3	C=0	
Position 3462:	T=0	G=3	-=0	A=0	C=0	
Position 3463:	T=0	G=0	-=0	A=0	C=3	
Position 3464:	T=0	G=0	-=0	A=3	C=0	
Position 3465:	T=0	G=0	-=0	A=0	C=2	
Position 3466:	T=2	G=0	-=0	A=0	C=0	
Position 3467:	T=0	G=0	-=0	A=11	C=0	
Position 3468:	T=0	G=0	-=0	A=10	C=0	
Position 3469:	T=10	G=0	-=0	A=0	C=0	
Position 3470:	T=10	G=0	-=0	A=0	C=0	
Position 3471:	T=10	G=0	-=0	A=0	C=0	
Position 3472:	T=10	G=0	-=0	A=0	C=0	
Position 3473:	T=0	G=0	-=0	A=0	C=10	
Position 3474:	T=10	G=0	-=0	A=0	C=0	
Position 3475:	T=0	G=0	-=0	A=0	C=10	
Position 3476:	T=0	G=0	-=0	A=0	C=10	
Position 3477:	T=0	G=0	-=0	A=10	C=0	
Position 3478:	T=8	G=0	-=0	A=0	C=0	
Position 3479:	T=8	G=0	-=0	A=0	C=0	
Position 3480:	T=0	G=0	-=0	A=0	C=8	
Position 3481:	T=8	G=0	-=0	A=0	C=0	
Position 3482:	T=0	G=0	-=0	A=8	C=0	
Position 3483:	T=0	G=0	-=0	A=7	C=0	
Position 3484:	T=7	G=0	-=0	A=0	C=0	
Position 3485:	T=0	G=0	-=0	A=0	C=7	
Position 3486:	T=0	G=0	-=0	A=0	C=7	
Position 3487:	T=6	G=0	-=0	A=0	C=0	
Position 3488:	T=0	G=0	-=0	A=6	C=0	
Position 3489:	T=0	G=5	-=0	A=0	C=0	
Position 3490:	T=0	G=0	-=0	A=0	C=5	
Position 3491:	T=0	G=0	-=0	A=0	C=4	
Position 3492:	T=0	G=0	-=0	A=0	C=4	
Position 3493:	T=4	G=0	-=0	A=0	C=0	
Position 3494:	T=0	G=0	-=0	A=0	C=4	
Position 3495:	T=0	G=0	-=0	A=4	C=0	
Position 3496:	T=4	G=0	-=0	A=0	C=0	
Position 3497:	T=4	G=0	-=0	A=0	C=0	
Position 3498:	T=0	G=0	-=0	A=0	C=4	
Position 3499:	T=0	G=0	-=0	A=0	C=4	
Position 3500:	T=4	G=0	-=0	A=0	C=0	
Position 3501:	T=0	G=0	-=0	A=0	C=3	
Position 3502:	T=3	G=0	-=0	A=0	C=0	
Position 3503:	T=3	G=0	-=0	A=0	C=0	
Position 3504:	T=0	G=0	-=0	A=0	C=3	
Position 3505:	T=3	G=0	-=0	A=0	C=0	
Position 3506:	T=0	G=0	-=0	A=3	C=0	
Position 3507:	T=0	G=0	-=0	A=0	C=3	
Position 3508:	T=0	G=0	-=0	A=3	C=0	
Position 3509:	T=0	G=0	-=0	A=0	C=3	
Position 3510:	T=0	G=0	-=0	A=2	C=0	
Position 3511:	T=0	G=0	-=0	A=0	C=2	
Position 3512:	T=0	G=2	-=0	A=0	C=0	
Position 3513:	T=2	G=0	-=0	A=0	C=0	
Position 3514:	T=0	G=0	-=0	A=0	C=2	
Position 3515:	T=0	G=0	-=0	A=0	C=2	
Position 3516:	T=0	G=0	-=0	A=2	C=0	
Position 3517:	T=0	G=0	-=0	A=2	C=0	
Position 3518:	T=0	G=0	-=0	A=2	C=0	
Position 3519:	A=0	N=0	C=2	-=0	G=0	T=0	
Position 3520:	T=0	G=0	-=0	A=2	C=0	
Position 3521:	T=0	G=0	-=0	A=2	C=0	
Position 3522:	T=0	G=0	-=0	A=0	C=2	
Position 3523:	T=0	G=2	-=0	A=0	C=0	
Position 3524:	T=0	G=0	-=0	A=2	C=0	
Position 3525:	T=0	G=2	-=0	A=0	C=0	
Position 3526:	T=0	G=2	-=0	A=0	C=0	
Position 3527:	T=0	G=0	-=0	A=2	C=0	
Position 3528:	T=0	G=0	-=0	A=2	C=0	
Position 3529:	T=2	G=0	-=0	A=0	C=0	
Position 3530:	T=0	G=2	-=0	A=0	C=0	
Position 3531:	T=0	G=0	-=0	A=2	C=0	
Position 3532:	T=2	G=0	-=0	A=0	C=0	
Position 3533:	T=0	G=0	-=0	A=2	C=0	
Position 3534:	T=2	G=0	-=0	A=0	C=0	
Position 3535:	T=2	G=0	-=0	A=0	C=0	
Position 3536:	T=0	G=0	-=0	A=0	C=2	
Position 3537:	T=0	G=0	-=0	A=0	C=2	
Position 3538:	T=0	G=2	-=0	A=0	C=0	
Position 3539:	T=0	G=2	-=0	A=0	C=0	
Position 3540:	T=0	G=0	-=0	A=0	C=2	
Position 3541:	T=0	G=0	-=0	A=0	C=2	
Position 3542:	T=0	G=0	-=0	A=0	C=2	
Position 3543:	T=0	G=0	-=0	A=0	C=2	
Position 3544:	T=2	G=0	-=0	A=0	C=0	
Position 3545:	T=0	G=0	-=0	A=2	C=0	
Position 3546:	T=0	G=0	-=0	A=2	C=0	
Position 3547:	T=0	G=2	-=0	A=0	C=0	
Position 3548:	T=0	G=0	-=0	A=0	C=2	
Position 3549:	T=0	G=0	-=0	A=0	C=2	
Position 3550:	T=0	G=0	-=0	A=2	C=0	
Position 3551:	T=0	G=0	-=0	A=1	C=0	
Position 3552:	T=1	G=0	-=0	A=0	C=0	
Position 3553:	T=0	G=1	-=0	A=0	C=0	
Position 3554:	T=0	G=0	-=0	A=0	C=1	
Position 3555:	T=0	G=0	-=0	A=0	C=1	
Position 3556:	T=1	G=0	-=0	A=0	C=0	
Position 3557:	T=0	G=0	-=0	A=1	C=0	
Position 3558:	T=1	G=0	-=0	A=0	C=0	
Position 3559:	T=1	G=0	-=0	A=0	C=0	
Position 3560:	T=1	G=0	-=0	A=0	C=0	
Position 3561:	T=1	G=0	-=0	A=0	C=0	
Position 3562:	T=0	G=1	-=0	A=0	C=0	
Position 3563:	T=0	G=0	-=0	A=1	C=0	
Position 3564:	T=0	G=0	-=0	A=0	C=1	
Position 3565:	T=1	G=0	-=0	A=0	C=0	
Position 3566:	T=1	G=0	-=0	A=0	C=0	
Position 3567:	T=0	G=0	-=0	A=0	C=1	
Position 3568:	T=1	G=0	-=0	A=0	C=0	
Position 3569:	T=0	G=0	-=0	A=1	C=0	
Position 3570:	T=0	G=1	-=0	A=0	C=0	
Position 3571:	T=1	G=0	-=0	A=0	C=0	
Position 3572:	T=0	G=0	-=0	A=1	C=0	
Position 3573:	T=0	G=1	-=0	A=0	C=0	
Position 3574:	T=0	G=0	-=0	A=0	C=1	
Position 3575:	T=0	G=0	-=0	A=1	C=0	
Position 3576:	T=0	G=4	-=0	A=1	C=0	
Position 3577:	T=0	G=0	-=0	A=1	C=0	
Position 3578:	T=0	G=0	-=0	A=0	C=1	
Position 3579:	T=0	G=0	-=0	A=0	C=1	
Position 3580:	T=1	G=0	-=0	A=0	C=0	
Position 3581:	T=0	G=0	-=0	A=3	C=0	
Position 3582:	T=0	G=0	-=0	A=0	C=3	
Position 3583:	T=3	G=0	-=0	A=0	C=0	
Position 3584:	T=0	G=0	-=0	A=3	C=0	
Position 3585:	T=0	G=0	-=0	A=3	C=0	
Position 3586:	T=0	G=0	-=0	A=0	C=3	
Position 3587:	T=0	G=0	-=0	A=3	C=0	
Position 3588:	T=0	G=0	-=0	A=0	C=3	
Position 3589:	T=3	G=0	-=0	A=0	C=0	
Position 3590:	T=0	G=0	-=0	A=3	C=0	
Position 3591:	T=0	G=0	-=0	A=3	C=0	
Position 3592:	T=0	G=0	-=0	A=0	C=3	
Position 3593:	T=0	G=0	-=0	A=3	C=0	
Position 3594:	T=3	G=0	-=0	A=0	C=0	
Position 3595:	T=0	G=3	-=0	A=0	C=0	
Position 3596:	T=0	G=0	-=0	A=3	C=0	
Position 3597:	T=0	G=0	-=0	A=3	C=0	
Position 3598:	T=2	G=0	-=0	A=0	C=0	
Position 3599:	T=1	G=0	-=0	A=0	C=0	
Position 3600:	T=0	G=1	-=0	A=0	C=0	
Position 3601:	T=0	G=1	-=0	A=0	C=0	
Position 3602:	T=0	G=0	-=0	A=1	C=0	
Position 3603:	T=0	G=1	-=0	A=0	C=0	
Position 3604:	T=0	G=1	-=0	A=0	C=0	
Position 3605:	T=0	G=0	-=0	A=1	C=0	
Position 3606:	T=0	G=0	-=0	A=0	C=1	
Position 3607:	T=0	G=0	-=0	A=1	C=0	
Position 3608:	T=0	G=0	-=0	A=1	C=0	
Position 3609:	T=0	G=0	-=0	A=0	C=1	
Position 3610:	T=0	G=0	-=0	A=0	C=1	
Position 3611:	T=0	G=0	-=0	A=1	C=0	
Position 3612:	T=0	G=1	-=0	A=0	C=0	
Position 3613:	T=1	G=0	-=0	A=0	C=0	
Position 3614:	T=0	G=0	-=0	A=1	C=0	
Position 3615:	T=0	G=1	-=0	A=0	C=0	
Position 3616:	T=0	G=0	-=0	A=1	C=0	
Position 3617:	T=0	G=0	-=0	A=1	C=0	
Position 3618:	T=0	G=0	-=0	A=0	C=1	
Position 3619:	T=0	G=0	-=0	A=21	C=0	
Position 3620:	T=0	G=0	-=0	A=0	C=21	
Position 3621:	T=0	G=0	-=0	A=0	C=21	
Position 3622:	T=0	G=0	-=0	A=0	C=21	
Position 3623:	T=0	G=0	-=0	A=0	C=21	
Position 3624:	T=21	G=0	-=0	A=0	C=0	
Position 3625:	T=20	G=0	-=0	A=0	C=0	
Position 3626:	T=0	G=0	-=0	A=0	C=20	
Position 3627:	T=0	G=0	-=0	A=20	C=0	
Position 3628:	T=19	G=0	-=0	A=0	C=0	
Position 3629:	T=19	G=0	-=0	A=0	C=0	
Position 3630:	T=0	G=0	-=0	A=19	C=0	
Position 3631:	T=19	G=0	-=0	A=0	C=0	
Position 3632:	T=19	G=0	-=0	A=0	C=0	
Position 3633:	T=0	G=0	-=0	A=19	C=0	
Position 3634:	T=18	G=0	-=0	A=0	C=0	
Position 3635:	T=0	G=0	-=0	A=0	C=18	
Position 3636:	T=0	G=15	-=0	A=1	C=0	
Position 3637:	T=0	G=15	-=0	A=0	C=0	
Position 3638:	T=0	G=0	-=0	A=14	C=0	
Position 3639:	T=0	G=0	-=0	A=0	C=13	
Position 3640:	T=0	G=0	-=0	A=13	C=0	
Position 3641:	T=0	G=0	-=0	A=13	C=0	
Position 3642:	T=0	G=0	-=0	A=0	C=12	
Position 3643:	T=11	G=0	-=0	A=0	C=0	
Position 3644:	T=0	G=0	-=0	A=9	C=0	
Position 3645:	T=0	G=8	-=0	A=0	C=0	
Position 3646:	T=0	G=0	-=0	A=0	C=8	
Position 3647:	T=0	G=0	-=0	A=0	C=8	
Position 3648:	T=7	G=0	-=0	A=0	C=0	
Position 3649:	T=0	G=0	-=0	A=0	C=7	
Position 3650:	T=0	G=0	-=0	A=0	C=7	
Position 3651:	T=0	G=0	-=0	A=6	C=0	
Position 3652:	T=6	G=0	-=0	A=0	C=0	
Position 3653:	T=5	G=0	-=0	A=0	C=0	
Position 3654:	T=0	G=0	-=0	A=0	C=5	
Position 3655:	T=4	G=0	-=0	A=0	C=0	
Position 3656:	T=0	G=0	-=0	A=0	C=4	
Position 3657:	T=3	G=0	-=0	A=0	C=0	
Position 3658:	T=0	G=0	-=0	A=3	C=0	
Position 3659:	T=0	G=0	-=0	A=0	C=3	
Position 3660:	T=3	G=0	-=0	A=0	C=0	
Position 3661:	T=3	G=0	-=0	A=0	C=0	
Position 3662:	T=2	G=0	-=0	A=0	C=0	
Position 3663:	T=0	G=0	-=0	A=2	C=0	
Position 3664:	T=0	G=0	-=0	A=0	C=2	
Position 3665:	T=0	G=0	-=0	A=2	C=0	
Position 3666:	T=0	G=0	-=0	A=4	C=0	
Position 3667:	T=4	G=0	-=0	A=0	C=0	
Position 3668:	T=0	G=0	-=0	A=0	C=3	
Position 3669:	T=0	G=0	-=0	A=0	C=3	
Position 3670:	T=3	G=0	-=0	A=0	C=0	
Position 3671:	T=0	G=0	-=0	A=0	C=2	
Position 3672:	T=0	G=0	-=0	A=0	C=1	
Position 3673:	T=1	G=0	-=0	A=0	C=0	
Position 3674:	T=0	G=0	-=0	A=1	C=0	
Position 3675:	T=0	G=1	-=0	A=0	C=0	
Position 3676:	T=1	G=0	-=0	A=0	C=0	
Position 3677:	T=0	G=0	-=0	A=1	C=0	
Position 3678:	T=0	G=0	-=0	A=0	C=1	
Position 3679:	T=1	G=0	-=0	A=0	C=0	
Position 3680:	T=0	G=0	-=0	A=0	C=1	
Position 3681:	T=0	G=0	-=0	A=1	C=0	
Position 3682:	T=1	G=0	-=0	A=0	C=0	
Position 3683:	T=0	G=0	-=0	A=1	C=0	
Position 3684:	T=0	G=0	-=0	A=0	C=1	
Position 3685:	T=0	G=0	-=0	A=0	C=1	
Position 3686:	T=0	G=0	-=0	A=0	C=1	
Position 3687:	T=0	G=0	-=0	A=1	C=0	
Position 3688:	T=1	G=0	-=0	A=0	C=0	
Position 3689:	T=0	G=0	-=0	A=0	C=1	
Position 3690:	T=0	G=1	-=0	A=0	C=0	
Position 3691:	T=0	G=0	-=0	A=0	C=1	
Position 3692:	T=1	G=0	-=0	A=0	C=0	
Position 3693:	T=0	G=1	-=0	A=0	C=0	
Position 3694:	T=0	G=1	-=0	A=0	C=0	
Position 3695:	T=0	G=0	-=0	A=1	C=0	
Position 3696:	T=0	G=0	-=0	A=1	C=0	
Position 3697:	T=1	G=0	-=0	A=0	C=0	
Position 3698:	T=1	G=0	-=0	A=0	C=0	
Position 3699:	T=0	G=0	-=0	A=1	C=0	
Position 3700:	T=1	G=0	-=0	A=0	C=0	
Position 3701:	T=1	G=0	-=0	A=0	C=0	
Position 3702:	T=0	G=1	-=0	A=0	C=0	
Position 3703:	T=0	G=0	-=0	A=1	C=0	
Position 3704:	T=0	G=0	-=0	A=1	C=0	
Position 3705:	T=0	G=0	-=0	A=1	C=0	
Position 3706:	T=0	G=0	-=0	A=1	C=0	
Position 3707:	T=0	G=0	-=0	A=0	C=1	
Position 3708:	T=0	G=0	-=0	A=1	C=0	
Position 3709:	T=0	G=0	-=0	A=1	C=0	
Position 3710:	T=0	G=0	-=0	A=0	C=1	
Position 3711:	T=0	G=0	-=0	A=0	C=1	
Position 3712:	T=1	G=0	-=0	A=0	C=0	
Position 3713:	T=0	G=0	-=0	A=0	C=1	
Position 3714:	T=1	G=0	-=0	A=0	C=0	
Position 3715:	T=1	G=0	-=0	A=0	C=0	
Position 3716:	T=0	G=0	-=0	A=1	C=0	
Position 3717:	T=0	G=0	-=0	A=1	C=0	
Position 3718:	T=0	G=0	-=0	A=8	C=0	
Position 3719:	T=0	G=8	-=0	A=0	C=0	
Position 3720:	T=8	G=0	-=0	A=0	C=0	
Position 3721:	T=0	G=7	-=0	A=0	C=0	
Position 3722:	T=0	G=6	-=0	A=1	C=0	
Position 3723:	T=0	G=0	-=0	A=7	C=0	
Position 3724:	T=0	G=5	-=0	A=1	C=0	
Position 3725:	T=0	G=0	-=0	A=5	C=0	
Position 3726:	T=0	G=5	-=0	A=0	C=0	
Position 3727:	T=5	G=0	-=0	A=0	C=0	
Position 3728:	T=0	G=0	-=0	A=0	C=4	
Position 3729:	T=4	G=0	-=0	A=0	C=0	
Position 3730:	T=4	G=0	-=0	A=0	C=0	
Position 3731:	T=4	G=0	-=0	A=0	C=0	
Position 3732:	T=0	G=3	-=0	A=1	C=0	
Position 3733:	T=4	G=0	-=0	A=0	C=0	
Position 3734:	T=0	G=0	-=0	A=4	C=0	
Position 3735:	A=3	N=0	C=0	-=0	G=19	T=0	
Position 3736:	T=1	G=0	-=0	A=0	C=0	
Position 3737:	T=0	G=0	-=0	A=1	C=0	
Position 3738:	T=1	G=0	-=0	A=0	C=0	
Position 3739:	T=0	G=0	-=0	A=1	C=0	
Position 3740:	T=0	G=0	-=0	A=1	C=0	
Position 3741:	T=0	G=0	-=0	A=0	C=1	
Position 3742:	T=0	G=0	-=0	A=3	C=0	
Position 3743:	T=0	G=0	-=0	A=3	C=0	
Position 3744:	T=3	G=0	-=0	A=0	C=0	
Position 3745:	T=2	G=0	-=0	A=0	C=0	
Position 3746:	T=0	G=0	-=0	A=2	C=0	
Position 3747:	T=0	G=0	-=0	A=0	C=2	
Position 3748:	T=0	G=0	-=0	A=0	C=2	
Position 3749:	T=2	G=0	-=0	A=0	C=0	
Position 3750:	T=2	G=0	-=0	A=0	C=0	
Position 3751:	T=0	G=1	-=0	A=0	C=0	
Position 3752:	T=0	G=1	-=0	A=0	C=0	
Position 3753:	T=1	G=0	-=0	A=0	C=0	
Position 3754:	T=0	G=0	-=0	A=0	C=1	
Position 3755:	T=1	G=0	-=0	A=0	C=0	
Position 3756:	T=3	G=0	-=0	A=0	C=0	
Position 3757:	T=0	G=3	-=0	A=0	C=0	
Position 3758:	T=2	G=0	-=0	A=0	C=0	
Position 3759:	T=0	G=0	-=0	A=2	C=0	
Position 3760:	T=0	G=0	-=0	A=2	C=0	
Position 3761:	T=0	G=2	-=0	A=0	C=0	
Position 3762:	T=0	G=0	-=0	A=0	C=2	
Position 3763:	T=0	G=0	-=0	A=0	C=2	
Position 3764:	T=0	G=0	-=0	A=2	C=0	
Position 3765:	T=0	G=0	-=0	A=1	C=0	
Position 3766:	T=0	G=0	-=0	A=1	C=0	
Position 3767:	T=0	G=0	-=0	A=1	C=0	
Position 3768:	T=0	G=0	-=0	A=1	C=0	
Position 3769:	T=0	G=0	-=0	A=0	C=1	
Position 3770:	T=0	G=1	-=0	A=0	C=0	
Position 3771:	T=0	G=27	-=0	A=1	C=0	
Position 3772:	T=0	G=0	-=0	A=1	C=0	
Position 3773:	T=0	G=1	-=0	A=0	C=0	
Position 3774:	T=0	G=0	-=0	A=29	C=0	
Position 3775:	T=0	G=0	-=0	A=29	C=0	
Position 3776:	T=29	G=0	-=0	A=0	C=0	
Position 3777:	T=0	G=0	-=0	A=29	C=0	
Position 3778:	T=29	G=0	-=0	A=0	C=0	
Position 3779:	T=0	G=0	-=0	A=0	C=29	
Position 3780:	T=29	G=0	-=0	A=0	C=0	
Position 3781:	T=0	G=0	-=0	A=27	C=0	
Position 3782:	T=0	G=0	-=0	A=0	C=26	
Position 3783:	T=0	G=0	-=0	A=0	C=26	
Position 3784:	T=0	G=0	-=0	A=0	C=26	
Position 3785:	T=25	G=0	-=0	A=0	C=0	
Position 3786:	T=0	G=0	-=0	A=0	C=25	
Position 3787:	T=0	G=0	-=0	A=0	C=24	
Position 3788:	T=0	G=0	-=0	A=0	C=23	
Position 3789:	T=23	G=0	-=0	A=0	C=0	
Position 3790:	T=0	G=0	-=0	A=22	C=0	
Position 3791:	T=0	G=0	-=0	A=19	C=0	
Position 3792:	T=0	G=17	-=0	A=0	C=0	
Position 3793:	T=0	G=0	-=0	A=17	C=0	
Position 3794:	T=0	G=0	-=0	A=0	C=17	
Position 3795:	T=17	G=0	-=0	A=0	C=0	
Position 3796:	T=0	G=0	-=0	A=0	C=17	
Position 3797:	T=0	G=0	-=0	A=15	C=0	
Position 3798:	T=0	G=0	-=0	A=14	C=0	
Position 3799:	T=0	G=12	-=0	A=1	C=0	
Position 3800:	T=0	G=12	-=0	A=0	C=0	
Position 3801:	T=0	G=0	-=0	A=12	C=0	
Position 3802:	T=0	G=0	-=0	A=11	C=0	
Position 3803:	T=0	G=9	-=0	A=0	C=0	
Position 3804:	T=0	G=0	-=0	A=9	C=0	
Position 3805:	T=0	G=0	-=0	A=9	C=0	
Position 3806:	T=0	G=8	-=0	A=0	C=0	
Position 3807:	T=0	G=0	-=0	A=0	C=7	
Position 3808:	T=0	G=0	-=0	A=6	C=0	
Position 3809:	T=0	G=0	-=0	A=5	C=0	
Position 3810:	T=0	G=0	-=0	A=0	C=5	
Position 3811:	T=0	G=0	-=0	A=4	C=0	
Position 3812:	T=0	G=4	-=0	A=0	C=0	
Position 3813:	T=0	G=0	-=0	A=0	C=3	
Position 3814:	T=2	G=0	-=0	A=0	C=0	
Position 3815:	T=0	G=0	-=0	A=0	C=15	
Position 3816:	T=0	G=0	-=0	A=0	C=14	
Position 3817:	T=0	G=0	-=0	A=14	C=0	
Position 3818:	T=0	G=0	-=0	A=0	C=13	
Position 3819:	T=12	G=0	-=0	A=0	C=0	
Position 3820:	T=0	G=0	-=0	A=12	C=0	
Position 3821:	T=0	G=0	-=0	A=0	C=12	
Position 3822:	T=0	G=0	-=0	A=0	C=12	
Position 3823:	T=0	G=0	-=0	A=12	C=0	
Position 3824:	T=0	G=12	-=0	A=0	C=0	
Position 3825:	T=0	G=0	-=0	A=0	C=11	
Position 3826:	T=0	G=0	-=0	A=10	C=0	
Position 3827:	T=0	G=0	-=0	A=0	C=10	
Position 3828:	T=0	G=0	-=0	A=0	C=10	
Position 3829:	T=0	G=0	-=0	A=0	C=10	
Position 3830:	T=0	G=0	-=0	A=10	C=0	
Position 3831:	T=0	G=0	-=0	A=10	C=0	
Position 3832:	T=0	G=0	-=0	A=10	C=0	
Position 3833:	T=0	G=10	-=0	A=0	C=0	
Position 3834:	T=0	G=0	-=0	A=0	C=10	
Position 3835:	T=10	G=0	-=0	A=0	C=0	
Position 3836:	T=0	G=0	-=0	A=10	C=0	
Position 3837:	T=0	G=0	-=0	A=10	C=0	
Position 3838:	T=10	G=0	-=0	A=0	C=0	
Position 3839:	T=0	G=10	-=0	A=0	C=0	
Position 3840:	T=9	G=0	-=0	A=0	C=0	
Position 3841:	T=9	G=0	-=0	A=0	C=0	
Position 3842:	T=0	G=0	-=0	A=0	C=9	
Position 3843:	T=9	G=0	-=0	A=0	C=0	
Position 3844:	T=0	G=0	-=0	A=9	C=0	
Position 3845:	T=9	G=0	-=0	A=0	C=0	
Position 3846:	T=9	G=0	-=0	A=0	C=0	
Position 3847:	T=9	G=0	-=0	A=0	C=0	
Position 3848:	T=0	G=0	-=0	A=9	C=0	
Position 3849:	T=0	G=0	-=0	A=9	C=0	
Position 3850:	T=0	G=0	-=0	A=8	C=0	
Position 3851:	T=0	G=0	-=0	A=0	C=7	
Position 3852:	T=7	G=0	-=0	A=0	C=0	
Position 3853:	T=0	G=0	-=0	A=6	C=0	
Position 3854:	T=6	G=0	-=0	A=0	C=0	
Position 3855:	T=6	G=0	-=0	A=0	C=0	
Position 3856:	T=0	G=0	-=0	A=0	C=6	
Position 3857:	T=0	G=0	-=0	A=0	C=6	
Position 3858:	T=0	G=0	-=0	A=0	C=6	
Position 3859:	T=6	G=0	-=0	A=0	C=0	
Position 3860:	T=0	G=6	-=0	A=0	C=0	
Position 3861:	T=0	G=6	-=0	A=0	C=0	
Position 3862:	T=6	G=0	-=0	A=0	C=0	
Position 3863:	T=0	G=0	-=0	A=6	C=0	
Position 3864:	T=0	G=0	-=0	A=0	C=6	
Position 3865:	T=0	G=0	-=0	A=6	C=0	
Position 3866:	T=5	G=0	-=0	A=0	C=0	
Position 3867:	T=0	G=0	-=0	A=5	C=0	
Position 3868:	T=0	G=0	-=0	A=0	C=5	
Position 3869:	T=5	G=0	-=0	A=0	C=0	
Position 3870:	T=0	G=0	-=0	A=4	C=0	
Position 3871:	T=0	G=0	-=0	A=0	C=4	
Position 3872:	T=3	G=0	-=0	A=0	C=0	
Position 3873:	T=0	G=0	-=0	A=2	C=0	
Position 3874:	T=1	G=0	-=0	A=0	C=0	
Position 3875:	T=1	G=0	-=0	A=0	C=0	
Position 3876:	T=1	G=0	-=0	A=0	C=0	
Position 3877:	T=1	G=0	-=0	A=0	C=0	
Position 3878:	T=0	G=0	-=0	A=1	C=0	
Position 3879:	T=0	G=0	-=0	A=0	C=1	
Position 3880:	T=1	G=0	-=0	A=0	C=0	
Position 3881:	T=0	G=0	-=0	A=0	C=1	
Position 3882:	T=0	G=0	-=0	A=0	C=1	
Position 3883:	T=0	G=0	-=0	A=1	C=0	
Position 3884:	T=1	G=0	-=0	A=0	C=0	
Position 3885:	T=0	G=1	-=0	A=0	C=0	
Position 3886:	T=1	G=0	-=0	A=0	C=0	
Position 3887:	T=0	G=0	-=0	A=0	C=1	
Position 3888:	T=0	G=0	-=0	A=0	C=28	
Position 3889:	T=27	G=0	-=0	A=0	C=0	
Position 3890:	T=0	G=0	-=0	A=26	C=0	
Position 3891:	T=25	G=0	-=0	A=0	C=0	
Position 3892:	T=24	G=0	-=0	A=0	C=0	
Position 3893:	T=0	G=0	-=0	A=0	C=23	
Position 3894:	T=0	G=0	-=0	A=23	C=0	
Position 3895:	T=23	G=0	-=0	A=0	C=0	
Position 3896:	T=22	G=0	-=0	A=0	C=0	
Position 3897:	T=22	G=0	-=0	A=0	C=0	
Position 3898:	T=0	G=0	-=0	A=0	C=22	
Position 3899:	T=0	G=0	-=0	A=21	C=0	
Position 3900:	T=21	G=0	-=0	A=0	C=0	
Position 3901:	T=0	G=0	-=0	A=20	C=0	
Position 3902:	T=20	G=0	-=0	A=0	C=0	
Position 3903:	T=0	G=0	-=0	A=20	C=0	
Position 3904:	T=18	G=0	-=0	A=0	C=0	
Position 3905:	T=0	G=0	-=0	A=17	C=0	
Position 3906:	T=0	G=0	-=0	A=0	C=15	
Position 3907:	T=0	G=0	-=0	A=0	C=15	
Position 3908:	T=0	G=0	-=0	A=15	C=0	
Position 3909:	T=15	G=0	-=0	A=0	C=0	
Position 3910:	T=0	G=0	-=0	A=0	C=14	
Position 3911:	T=0	G=0	-=0	A=0	C=13	
Position 3912:	T=12	G=0	-=0	A=0	C=0	
Position 3913:	T=0	G=0	-=0	A=12	C=0	
Position 3914:	T=11	G=0	-=0	A=0	C=0	
Position 3915:	T=0	G=9	-=0	A=1	C=0	
Position 3916:	T=9	G=0	-=0	A=0	C=0	
Position 3917:	T=0	G=0	-=0	A=9	C=0	
Position 3918:	T=0	G=0	-=0	A=0	C=7	
Position 3919:	T=6	G=0	-=0	A=0	C=0	
Position 3920:	T=0	G=4	-=0	A=1	C=0	
Position 3921:	T=5	G=0	-=0	A=0	C=0	
Position 3922:	T=0	G=0	-=0	A=5	C=0	
Position 3923:	T=0	G=0	-=0	A=0	C=4	
Position 3924:	T=0	G=0	-=0	A=0	C=2	
Position 3925:	T=0	G=0	-=0	A=2	C=0	
Position 3926:	T=2	G=0	-=0	A=0	C=0	
Position 3927:	T=0	G=0	-=0	A=0	C=2	
Position 3928:	T=0	G=0	-=0	A=2	C=0	
Position 3929:	T=0	G=0	-=0	A=0	C=1	
Position 3930:	T=0	G=0	-=0	A=1	C=0	
Position 3931:	T=0	G=1	-=0	A=0	C=0	
Position 3932:	T=1	G=0	-=0	A=0	C=0	
Position 3933:	T=0	G=0	-=0	A=1	C=0	
Position 3934:	T=2	G=0	-=0	A=0	C=0	
Position 3935:	A=1	N=0	C=0	-=0	G=9	T=0	
Position 3936:	T=2	G=0	-=0	A=0	C=0	
Position 3937:	T=0	G=0	-=0	A=0	C=2	
Position 3938:	T=0	G=0	-=0	A=0	C=1	
Position 3939:	T=1	G=0	-=0	A=0	C=0	
Position 3940:	T=0	G=0	-=0	A=0	C=1	
Position 3941:	T=0	G=1	-=0	A=0	C=0	
Position 3942:	T=0	G=0	-=0	A=1	C=0	
Position 3943:	T=0	G=0	-=0	A=1	C=0	
Position 3944:	T=1	G=0	-=0	A=0	C=0	
Position 3945:	T=0	G=0	-=0	A=1	C=0	
Position 3946:	T=0	G=0	-=0	A=0	C=1	
Position 3947:	T=1	G=0	-=0	A=0	C=0	
Position 3948:	T=1	G=0	-=0	A=0	C=0	
Position 3949:	T=1	G=0	-=0	A=0	C=0	
Position 3950:	T=0	G=0	-=0	A=0	C=1	
Position 3951:	T=0	G=0	-=0	A=0	C=1	
Position 3952:	T=0	G=0	-=0	A=0	C=1	
Position 3953:	T=0	G=0	-=0	A=0	C=1	
Position 3954:	T=0	G=0	-=0	A=0	C=1	
Position 3955:	T=0	G=0	-=0	A=0	C=1	
Position 3956:	T=0	G=0	-=0	A=0	C=1	
Position 3957:	T=0	G=0	-=0	A=0	C=1	
Position 3958:	T=1	G=0	-=0	A=0	C=0	
Position 3959:	T=0	G=0	-=0	A=1	C=0	
Position 3960:	T=1	G=0	-=0	A=0	C=0	
Position 3961:	T=0	G=1	-=0	A=0	C=0	
Position 3962:	T=1	G=0	-=0	A=0	C=0	
Position 3963:	T=0	G=0	-=0	A=1	C=0	
Position 3964:	T=1	G=0	-=0	A=0	C=0	
Position 3965:	T=0	G=0	-=0	A=1	C=0	
Position 3966:	T=1	G=0	-=0	A=0	C=0	
Position 3967:	T=0	G=0	-=0	A=0	C=1	
Position 3968:	T=0	G=1	-=0	A=0	C=0	
Position 3969:	T=1	G=0	-=0	A=0	C=0	
Position 3970:	T=0	G=1	-=0	A=0	C=0	
Position 3971:	T=0	G=0	-=0	A=0	C=1	
Position 3972:	T=0	G=0	-=0	A=1	C=0	
Position 3973:	T=1	G=0	-=0	A=0	C=0	
Position 3974:	T=1	G=0	-=0	A=0	C=0	
Position 3975:	T=0	G=0	-=0	A=1	C=0	
Position 3976:	T=0	G=0	-=0	A=1	C=0	
Position 3977:	T=1	G=0	-=0	A=0	C=0	
Position 3978:	T=0	G=3	-=0	A=0	C=0	
Position 3979:	T=0	G=3	-=0	A=0	C=0	
Position 3980:	T=0	G=0	-=0	A=0	C=3	
Position 3981:	T=0	G=3	-=0	A=0	C=0	
Position 3982:	T=3	G=0	-=0	A=0	C=0	
Position 3983:	T=0	G=3	-=0	A=0	C=0	
Position 3984:	T=0	G=0	-=0	A=0	C=3	
Position 3985:	T=0	G=0	-=0	A=0	C=3	
Position 3986:	T=0	G=0	-=0	A=0	C=2	
Position 3987:	A=0	N=0	C=2	-=0	G=0	T=0	
Position 3988:	T=0	G=0	-=0	A=2	C=0	
Position 3989:	T=2	G=0	-=0	A=0	C=0	
Position 3990:	T=0	G=10	-=0	A=1	C=0	
Position 3991:	T=0	G=0	-=0	A=0	C=2	
Position 3992:	T=0	G=0	-=0	A=2	C=0	
Position 3993:	T=1	G=0	-=0	A=0	C=0	
Position 3994:	T=0	G=0	-=0	A=1	C=0	
Position 3995:	T=6	G=0	-=0	A=0	C=0	
Position 3996:	T=0	G=0	-=0	A=6	C=0	
Position 3997:	T=0	G=0	-=0	A=5	C=0	
Position 3998:	T=0	G=5	-=0	A=0	C=0	
Position 3999:	T=0	G=0	-=0	A=0	C=5	
Position 4000:	T=0	G=0	-=0	A=4	C=0	
Position 4001:	T=3	G=0	-=0	A=0	C=0	
Position 4002:	T=0	G=3	-=0	A=0	C=0	
Position 4003:	T=3	G=0	-=0	A=0	C=0	
Position 4004:	T=0	G=0	-=0	A=3	C=0	
Position 4005:	T=0	G=0	-=0	A=0	C=3	
Position 4006:	T=0	G=0	-=0	A=3	C=0	
Position 4007:	T=3	G=0	-=0	A=0	C=0	
Position 4008:	T=0	G=0	-=0	A=3	C=0	
Position 4009:	T=0	G=0	-=0	A=0	C=3	
Position 4010:	T=2	G=0	-=0	A=0	C=0	
Position 4011:	T=0	G=2	-=0	A=0	C=0	
Position 4012:	T=2	G=0	-=0	A=0	C=0	
Position 4013:	T=0	G=2	-=0	A=0	C=0	
Position 4014:	T=0	G=0	-=0	A=0	C=2	
Position 4015:	T=2	G=0	-=0	A=0	C=0	
Position 4016:	T=2	G=0	-=0	A=0	C=0	
Position 4017:	T=0	G=2	-=0	A=0	C=0	
Position 4018:	T=0	G=0	-=0	A=2	C=0	
Position 4019:	T=1	G=0	-=0	A=0	C=0	
Position 4020:	T=0	G=0	-=0	A=0	C=1	
Position 4021:	T=1	G=0	-=0	A=0	C=0	
Position 4022:	T=1	G=0	-=0	A=0	C=0	
Position 4023:	T=0	G=1	-=0	A=0	C=0	
Position 4024:	T=0	G=0	-=0	A=0	C=1	
Position 4025:	T=0	G=0	-=0	A=2	C=0	
Position 4026:	T=2	G=0	-=0	A=0	C=0	
Position 4027:	A=1	N=0	C=0	-=0	G=16	T=0	
Position 4028:	T=0	G=0	-=0	A=1	C=0	
Position 4029:	T=0	G=1	-=0	A=0	C=0	
Position 4030:	A=2	N=0	C=0	-=0	G=15	T=0	
Position 4031:	T=0	G=0	-=0	A=1	C=0	
Position 4032:	T=0	G=0	-=0	A=0	C=1	
Position 4033:	T=1	G=0	-=0	A=0	C=0	
Position 4034:	T=1	G=0	-=0	A=0	C=0	
Position 4035:	T=0	G=0	-=0	A=1	C=0	
Position 4036:	T=0	G=0	-=0	A=0	C=1	
Position 4037:	T=0	G=1	-=0	A=0	C=0	
Position 4038:	T=1	G=0	-=0	A=0	C=0	
Position 4039:	T=1	G=0	-=0	A=0	C=0	
Position 4040:	T=0	G=0	-=0	A=0	C=1	
Position 4041:	T=0	G=0	-=0	A=0	C=1	
Position 4042:	T=0	G=1	-=0	A=0	C=0	
Position 4043:	T=0	G=0	-=0	A=1	C=0	
Position 4044:	T=0	G=0	-=0	A=1	C=0	
Position 4045:	T=0	G=0	-=0	A=1	C=0	
Position 4046:	T=0	G=1	-=0	A=0	C=0	
Position 4047:	T=1	G=0	-=0	A=0	C=0	
Position 4048:	T=1	G=0	-=0	A=0	C=0	
Position 4049:	T=1	G=0	-=0	A=0	C=0	
Position 4050:	T=0	G=0	-=0	A=1	C=0	
Position 4051:	T=1	G=0	-=0	A=0	C=0	
Position 4052:	T=1	G=0	-=0	A=0	C=0	
Position 4053:	T=1	G=0	-=0	A=0	C=0	
Position 4054:	T=0	G=0	-=0	A=0	C=1	
Position 4055:	T=0	G=0	-=0	A=1	C=0	
Position 4056:	T=0	G=1	-=0	A=0	C=0	
Position 4057:	T=0	G=1	-=0	A=0	C=0	
Position 4058:	T=0	G=0	-=0	A=0	C=1	
Position 4059:	T=0	G=1	-=0	A=0	C=0	
Position 4060:	T=1	G=0	-=0	A=0	C=0	
Position 4061:	T=0	G=0	-=0	A=1	C=0	
Position 4062:	T=1	G=0	-=0	A=0	C=0	
Position 4063:	T=0	G=0	-=0	A=1	C=0	
Position 4064:	T=0	G=3	-=0	A=0	C=0	
Position 4065:	T=2	G=0	-=0	A=0	C=0	
Position 4066:	T=0	G=0	-=0	A=0	C=1	
Position 4067:	T=1	G=0	-=0	A=0	C=0	
Position 4068:	T=0	G=1	-=0	A=0	C=0	
Position 4069:	T=0	G=0	-=0	A=0	C=1	
Position 4070:	T=0	G=0	-=0	A=1	C=0	
Position 4071:	T=0	G=0	-=0	A=1	C=0	
Position 4072:	T=0	G=1	-=0	A=0	C=0	
Position 4073:	T=0	G=0	-=0	A=0	C=1	
Position 4074:	T=0	G=0	-=0	A=1	C=0	
Position 4075:	T=1	G=0	-=0	A=0	C=0	
Position 4076:	T=0	G=1	-=0	A=0	C=0	
Position 4077:	T=1	G=0	-=0	A=0	C=0	
Position 4078:	T=0	G=0	-=0	A=1	C=0	
Position 4079:	T=1	G=0	-=0	A=0	C=0	
Position 4080:	T=1	G=0	-=0	A=0	C=0	
Position 4081:	T=1	G=0	-=0	A=0	C=0	
Position 4082:	T=0	G=0	-=0	A=0	C=1	
Position 4083:	T=0	G=0	-=0	A=1	C=0	
Position 4084:	T=0	G=0	-=0	A=0	C=1	
Position 4085:	T=1	G=0	-=0	A=0	C=0	
Position 4086:	T=1	G=0	-=0	A=0	C=0	
Position 4087:	T=0	G=0	-=0	A=1	C=0	
Position 4088:	T=0	G=1	-=0	A=0	C=0	
Position 4089:	T=1	G=0	-=0	A=0	C=0	
Position 4090:	T=0	G=0	-=0	A=0	C=1	
Position 4091:	T=0	G=0	-=0	A=0	C=1	
Position 4092:	T=0	G=1	-=0	A=0	C=0	
Position 4093:	T=0	G=1	-=0	A=0	C=0	
Position 4094:	T=0	G=1	-=0	A=0	C=0	
Position 4095:	T=0	G=0	-=0	A=1	C=0	
Position 4096:	T=0	G=1	-=0	A=0	C=0	
Position 4097:	T=0	G=0	-=0	A=0	C=1	
Position 4098:	T=1	G=0	-=0	A=0	C=0	
Position 4099:	T=1	G=0	-=0	A=0	C=0	
Position 4100:	T=0	G=0	-=0	A=1	C=0	
Position 4101:	T=0	G=0	-=0	A=1	C=0	
Position 4102:	T=1	G=0	-=0	A=0	C=0	
Position 4103:	T=0	G=0	-=0	A=0	C=1	
Position 4104:	T=0	G=0	-=0	A=1	C=0	
Position 4105:	T=0	G=0	-=0	A=0	C=1	
Position 4106:	T=0	G=0	-=0	A=0	C=1	
Position 4107:	T=0	G=0	-=0	A=1	C=0	
Position 4108:	T=0	G=1	-=0	A=0	C=0	
Position 4109:	T=0	G=1	-=0	A=0	C=0	
Position 4110:	T=0	G=0	-=0	A=0	C=1	
Position 4111:	T=0	G=0	-=0	A=0	C=1	
Position 4112:	T=1	G=0	-=0	A=0	C=0	
Position 4113:	T=0	G=0	-=0	A=0	C=1	
Position 4114:	T=0	G=1	-=0	A=0	C=0	
Position 4115:	T=0	G=0	-=0	A=1	C=0	
Position 4116:	T=0	G=1	-=0	A=0	C=0	
Position 4117:	T=0	G=0	-=0	A=1	C=0	
Position 4118:	T=0	G=0	-=0	A=1	C=0	
Position 4119:	T=0	G=0	-=0	A=1	C=0	
Position 4120:	T=0	G=0	-=0	A=0	C=1	
Position 4121:	T=0	G=0	-=0	A=0	C=1	
Position 4122:	T=0	G=0	-=0	A=1	C=0	
Position 4123:	T=0	G=1	-=0	A=0	C=0	
Position 4124:	T=0	G=0	-=0	A=0	C=1	
Position 4125:	T=0	G=0	-=0	A=1	C=0	
Position 4126:	T=0	G=0	-=0	A=1	C=0	
Position 4127:	T=1	G=0	-=0	A=0	C=0	
Position 4128:	T=0	G=0	-=0	A=0	C=1	
Position 4129:	A=0	N=0	C=1	-=0	G=0	T=0	
Position 4130:	T=1	G=0	-=0	A=0	C=0	
Position 4131:	T=1	G=0	-=0	A=0	C=0	
Position 4132:	T=0	G=1	-=0	A=0	C=0	
Position 4133:	T=0	G=0	-=0	A=0	C=1	
Position 4134:	T=0	G=1	-=0	A=0	C=0	
Position 4135:	T=0	G=0	-=0	A=1	C=0	
Position 4136:	T=0	G=1	-=0	A=0	C=0	
Position 4137:	T=1	G=0	-=0	A=0	C=0	
Position 4138:	T=0	G=0	-=0	A=1	C=0	
Position 4139:	T=0	G=0	-=0	A=0	C=1	
Position 4140:	A=0	N=0	C=0	-=0	G=1	T=0	
Position 4141:	T=1	G=0	-=0	A=0	C=0	
Position 4142:	T=0	G=1	-=0	A=0	C=0	
Position 4143:	T=1	G=0	-=0	A=0	C=0	
Position 4144:	T=0	G=0	-=0	A=1	C=0	
Position 4145:	T=0	G=0	-=0	A=0	C=1	
Position 4146:	T=0	G=0	-=0	A=0	C=1	
Position 4147:	T=1	G=0	-=0	A=0	C=0	
Position 4148:	T=0	G=0	-=0	A=0	C=1	
Position 4149:	T=1	G=0	-=0	A=0	C=0	
Position 4150:	T=1	G=0	-=0	A=0	C=0	
Position 4151:	T=0	G=0	-=0	A=0	C=1	
Position 4152:	T=18	G=0	-=0	A=0	C=0	
Position 4153:	T=0	G=0	-=0	A=0	C=18	
Position 4154:	T=0	G=17	-=0	A=0	C=0	
Position 4155:	T=0	G=0	-=0	A=0	C=15	
Position 4156:	T=15	G=0	-=0	A=0	C=0	
Position 4157:	T=0	G=0	-=0	A=0	C=13	
Position 4158:	T=0	G=0	-=0	A=0	C=13	
Position 4159:	T=0	G=12	-=0	A=1	C=0	
Position 4160:	T=0	G=11	-=0	A=1	C=0	
Position 4161:	T=0	G=9	-=0	A=3	C=0	
Position 4162:	T=0	G=0	-=0	A=0	C=12	
Position 4163:	T=0	G=0	-=0	A=0	C=11	
Position 4164:	T=0	G=0	-=0	A=0	C=10	
Position 4165:	T=0	G=0	-=0	A=8	C=0	
Position 4166:	T=7	G=0	-=0	A=0	C=0	
Position 4167:	T=0	G=7	-=0	A=0	C=0	
Position 4168:	T=0	G=0	-=0	A=6	C=0	
Position 4169:	T=0	G=0	-=0	A=6	C=0	
Position 4170:	T=0	G=0	-=0	A=5	C=0	
Position 4171:	T=3	G=0	-=0	A=0	C=0	
Position 4172:	T=0	G=3	-=0	A=0	C=0	
Position 4173:	T=3	G=0	-=0	A=0	C=0	
Position 4174:	T=0	G=2	-=0	A=0	C=0	
Position 4175:	T=0	G=2	-=0	A=0	C=0	
Position 4176:	A=1	N=0	C=0	-=0	G=25	T=0	
Position 4177:	A=1	N=0	C=0	-=0	G=25	T=0	
Position 4178:	T=0	G=2	-=0	A=0	C=0	
Position 4179:	T=1	G=0	-=0	A=0	C=0	
Position 4180:	T=25	G=0	-=0	A=0	C=0	
Position 4181:	T=25	G=0	-=0	A=0	C=0	
Position 4182:	T=1	G=0	-=0	A=0	C=24	
Position 4183:	T=25	G=0	-=0	A=0	C=0	
Position 4184:	T=0	G=0	-=0	A=25	C=0	
Position 4185:	T=26	G=0	-=0	A=0	C=0	
Position 4186:	T=0	G=29	-=0	A=0	C=0	
Position 4187:	T=31	G=0	-=0	A=0	C=0	
Position 4188:	T=35	G=0	-=0	A=0	C=0	
Position 4189:	T=0	G=32	-=0	A=2	C=0	
Position 4190:	T=0	G=0	-=0	A=34	C=0	
Position 4191:	T=0	G=0	-=0	A=36	C=0	
Position 4192:	T=0	G=0	-=0	A=34	C=0	
Position 4193:	T=2	G=0	-=0	A=0	C=34	
Position 4194:	T=38	G=0	-=0	A=0	C=0	
Position 4195:	T=0	G=0	-=0	A=37	C=0	
Position 4196:	T=38	G=0	-=0	A=0	C=0	
Position 4197:	T=0	G=0	-=0	A=38	C=0	
Position 4198:	T=3	G=0	-=0	A=0	C=35	
Position 4199:	T=3	G=0	-=0	A=0	C=37	
Position 4200:	T=41	G=0	-=0	A=0	C=0	
Position 4201:	T=0	G=38	-=0	A=2	C=0	
Position 4202:	T=0	G=41	-=0	A=2	C=0	
Position 4203:	T=0	G=43	-=0	A=0	C=0	
Position 4204:	T=0	G=0	-=0	A=42	C=0	
Position 4205:	T=43	G=0	-=0	A=0	C=0	
Position 4206:	T=1	G=0	-=0	A=0	C=43	
Position 4207:	T=45	G=0	-=0	A=0	C=0	
Position 4208:	T=0	G=45	-=0	A=1	C=0	
Position 4209:	T=0	G=44	-=0	A=0	C=0	
Position 4210:	T=44	G=0	-=0	A=0	C=0	
Position 4211:	T=44	G=0	-=0	A=0	C=0	
Position 4212:	T=3	G=0	-=0	A=0	C=43	
Position 4213:	T=47	G=0	-=0	A=0	C=0	
Position 4214:	T=48	G=0	-=0	A=0	C=0	
Position 4215:	T=0	G=0	-=0	A=48	C=0	
Position 4216:	T=1	G=0	-=0	A=0	C=47	
Position 4217:	T=3	G=0	-=0	A=0	C=49	
Position 4218:	T=55	G=0	-=0	A=0	C=0	
Position 4219:	T=0	G=0	-=0	A=0	C=58	
Position 4220:	T=0	G=0	-=0	A=59	C=0	
Position 4221:	T=0	G=60	-=0	A=0	C=0	
Position 4222:	T=0	G=61	-=0	A=1	C=0	
Position 4223:	T=0	G=63	-=0	A=0	C=0	
Position 4224:	T=2	G=0	-=0	A=0	C=60	
Position 4225:	T=2	G=0	-=0	A=0	C=62	
Position 4226:	T=0	G=0	-=0	A=64	C=0	
Position 4227:	T=66	G=0	-=0	A=0	C=0	
Position 4228:	T=0	G=66	-=0	A=2	C=0	
Position 4229:	T=0	G=0	-=0	A=68	C=0	
Position 4230:	T=1	G=0	-=0	A=0	C=67	
Position 4231:	T=0	G=0	-=0	A=68	C=0	
Position 4232:	T=0	G=65	-=0	A=3	C=0	
Position 4233:	T=0	G=0	-=0	A=0	C=66	
Position 4234:	T=65	G=0	-=0	A=0	C=0	
Position 4235:	T=0	G=0	-=0	A=0	C=64	
Position 4236:	T=60	G=0	-=0	A=0	C=0	
Position 4237:	T=0	G=0	-=0	A=60	C=0	
Position 4238:	T=0	G=56	-=0	A=3	C=0	
Position 4239:	T=0	G=0	-=0	A=56	C=0	
Position 4240:	T=54	G=0	-=0	A=0	C=0	
Position 4241:	T=54	G=0	-=0	A=0	C=0	
Position 4242:	T=2	G=0	-=0	A=0	C=48	
Position 4243:	T=0	G=0	-=0	A=0	C=48	
Position 4244:	T=0	G=0	-=0	A=48	C=0	
Position 4245:	T=0	G=0	-=0	A=48	C=0	
Position 4246:	T=48	G=0	-=0	A=0	C=0	
Position 4247:	T=1	G=0	-=0	A=0	C=45	
Position 4248:	T=0	G=0	-=0	A=0	C=44	
Position 4249:	T=44	G=0	-=0	A=0	C=0	
Position 4250:	T=0	G=0	-=0	A=44	C=0	
Position 4251:	T=0	G=0	-=0	A=0	C=44	
Position 4252:	T=44	G=0	-=0	A=0	C=0	
Position 4253:	T=0	G=0	-=0	A=44	C=0	
Position 4254:	T=0	G=0	-=0	A=42	C=0	
Position 4255:	T=0	G=0	-=0	A=0	C=41	
Position 4256:	T=0	G=0	-=0	A=0	C=40	
Position 4257:	T=0	G=0	-=0	A=0	C=39	
Position 4258:	T=38	G=0	-=0	A=0	C=0	
Position 4259:	T=37	G=0	-=0	A=0	C=0	
Position 4260:	T=0	G=0	-=0	A=0	C=35	
Position 4261:	T=0	G=0	-=0	A=33	C=0	
Position 4262:	T=0	G=0	-=0	A=33	C=0	
Position 4263:	T=0	G=0	-=0	A=31	C=0	
Position 4264:	T=25	G=0	-=0	A=0	C=0	
Position 4265:	T=0	G=21	-=0	A=3	C=0	
Position 4266:	T=0	G=23	-=0	A=0	C=0	
Position 4267:	T=0	G=15	-=0	A=6	C=0	
Position 4268:	T=0	G=0	-=0	A=19	C=0	
Position 4269:	T=0	G=0	-=0	A=0	C=17	
Position 4270:	T=0	G=0	-=0	A=16	C=0	
Position 4271:	T=16	G=0	-=0	A=0	C=0	
Position 4272:	T=0	G=0	-=0	A=0	C=11	
Position 4273:	T=7	G=0	-=0	A=0	C=0	
Position 4274:	T=0	G=0	-=0	A=0	C=7	
Position 4275:	T=0	G=6	-=0	A=1	C=0	
Position 4276:	T=0	G=0	-=0	A=7	C=0	
Position 4277:	T=0	G=0	-=0	A=7	C=0	
Position 4278:	T=7	G=0	-=0	A=0	C=0	
Position 4279:	A=4	N=0	C=0	-=0	G=57	T=0	
Position 4280:	T=0	G=2	-=0	A=0	C=0	
Position 4281:	T=0	G=0	-=0	A=2	C=0	
Position 4282:	T=0	G=0	-=0	A=0	C=2	
Position 4283:	T=2	G=0	-=0	A=0	C=0	
Position 4284:	T=0	G=0	-=0	A=2	C=0	
Position 4285:	T=0	G=0	-=0	A=2	C=0	
Position 4286:	T=0	G=0	-=0	A=2	C=0	
Position 4287:	T=2	G=0	-=0	A=0	C=0	
Position 4288:	T=0	G=2	-=0	A=0	C=0	
Position 4289:	T=0	G=0	-=0	A=2	C=0	
Position 4290:	T=0	G=0	-=0	A=0	C=2	
Position 4291:	T=2	G=0	-=0	A=0	C=0	
Position 4292:	T=0	G=0	-=0	A=2	C=0	
Position 4293:	T=0	G=0	-=0	A=1	C=0	
Position 4294:	T=1	G=0	-=0	A=0	C=0	
Position 4295:	T=0	G=0	-=0	A=0	C=1	
Position 4296:	T=0	G=0	-=0	A=1	C=0	
Position 4297:	T=0	G=38	-=0	A=1	C=0	
Position 4298:	T=0	G=0	-=0	A=0	C=1	
Position 4299:	T=0	G=0	-=0	A=0	C=1	
Position 4300:	T=0	G=0	-=0	A=0	C=1	
Position 4301:	T=0	G=0	-=0	A=1	C=0	
Position 4302:	T=1	G=0	-=0	A=0	C=0	
Position 4303:	T=0	G=1	-=0	A=0	C=0	
Position 4304:	T=0	G=0	-=0	A=1	C=0	
Position 4305:	T=1	G=0	-=0	A=0	C=0	
Position 4306:	T=0	G=0	-=0	A=0	C=1	
Position 4307:	T=0	G=0	-=0	A=1	C=0	
Position 4308:	T=0	G=0	-=0	A=0	C=26	
Position 4309:	T=0	G=0	-=0	A=24	C=0	
Position 4310:	T=0	G=0	-=0	A=0	C=24	
Position 4311:	T=0	G=0	-=0	A=23	C=0	
Position 4312:	T=21	G=0	-=0	A=0	C=0	
Position 4313:	T=0	G=0	-=0	A=21	C=0	
Position 4314:	T=0	G=0	-=0	A=19	C=0	
Position 4315:	T=0	G=0	-=0	A=0	C=16	
Position 4316:	T=15	G=0	-=0	A=0	C=0	
Position 4317:	T=0	G=13	-=0	A=1	C=0	
Position 4318:	T=13	G=0	-=0	A=0	C=0	
Position 4319:	T=0	G=8	-=0	A=3	C=0	
Position 4320:	T=0	G=8	-=0	A=3	C=0	
Position 4321:	T=10	G=0	-=0	A=0	C=0	
Position 4322:	T=0	G=8	-=0	A=1	C=0	
Position 4323:	T=9	G=0	-=0	A=0	C=0	
Position 4324:	T=0	G=0	-=0	A=0	C=7	
Position 4325:	T=0	G=0	-=0	A=5	C=0	
Position 4326:	T=4	G=0	-=0	A=0	C=0	
Position 4327:	T=0	G=1	-=0	A=0	C=0	
Position 4328:	T=0	G=0	-=0	A=0	C=1	
Position 4329:	T=0	G=0	-=0	A=1	C=0	
Position 4330:	T=24	G=0	-=0	A=0	C=0	
Position 4331:	T=24	G=0	-=0	A=0	C=0	
Position 4332:	T=25	G=0	-=0	A=0	C=0	
Position 4333:	T=0	G=26	-=0	A=0	C=0	
Position 4334:	T=0	G=26	-=0	A=0	C=0	
Position 4335:	T=26	G=0	-=0	A=0	C=0	
Position 4336:	T=0	G=0	-=0	A=27	C=0	
Position 4337:	T=29	G=0	-=0	A=0	C=0	
Position 4338:	T=3	G=0	-=0	A=0	C=28	
Position 4339:	T=31	G=0	-=0	A=0	C=0	
Position 4340:	T=32	G=0	-=0	A=0	C=0	
Position 4341:	T=33	G=0	-=0	A=0	C=0	
Position 4342:	T=35	G=0	-=0	A=0	C=0	
Position 4343:	T=0	G=0	-=0	A=36	C=0	
Position 4344:	T=0	G=0	-=0	A=37	C=0	
Position 4345:	T=37	G=0	-=0	A=0	C=0	
Position 4346:	T=37	G=0	-=0	A=0	C=0	
Position 4347:	T=37	G=0	-=0	A=0	C=0	
Position 4348:	T=37	G=0	-=0	A=0	C=0	
Position 4349:	T=37	G=0	-=0	A=0	C=0	
Position 4350:	T=0	G=0	-=0	A=37	C=0	
Position 4351:	T=0	G=35	-=0	A=1	C=0	
Position 4352:	T=0	G=35	-=0	A=1	C=0	
Position 4353:	T=0	G=34	-=0	A=0	C=0	
Position 4354:	T=0	G=34	-=0	A=0	C=0	
Position 4355:	T=0	G=31	-=0	A=1	C=0	
Position 4356:	T=0	G=32	-=0	A=0	C=0	
Position 4357:	T=0	G=27	-=0	A=4	C=0	
Position 4358:	T=0	G=0	-=0	A=29	C=0	
Position 4359:	T=0	G=0	-=0	A=27	C=0	
Position 4360:	T=0	G=0	-=0	A=0	C=26	
Position 4361:	T=25	G=0	-=0	A=0	C=0	
Position 4362:	T=22	G=0	-=0	A=0	C=0	
Position 4363:	T=0	G=19	-=0	A=1	C=0	
Position 4364:	T=0	G=0	-=0	A=0	C=20	
Position 4365:	T=20	G=0	-=0	A=0	C=0	
Position 4366:	T=0	G=0	-=0	A=19	C=0	
Position 4367:	T=19	G=0	-=0	A=0	C=0	
Position 4368:	T=0	G=18	-=0	A=0	C=0	
Position 4369:	T=0	G=0	-=0	A=17	C=0	
Position 4370:	T=0	G=0	-=0	A=0	C=16	
Position 4371:	T=16	G=0	-=0	A=0	C=0	
Position 4372:	T=0	G=0	-=0	A=0	C=15	
Position 4373:	T=0	G=0	-=0	A=13	C=0	
Position 4374:	T=0	G=11	-=0	A=0	C=0	
Position 4375:	T=0	G=0	-=0	A=0	C=8	
Position 4376:	T=8	G=0	-=0	A=0	C=0	
Position 4377:	T=0	G=0	-=0	A=8	C=0	
Position 4378:	T=7	G=0	-=0	A=0	C=0	
Position 4379:	T=0	G=7	-=0	A=0	C=0	
Position 4380:	T=0	G=0	-=0	A=6	C=0	
Position 4381:	T=0	G=0	-=0	A=0	C=5	
Position 4382:	T=0	G=0	-=0	A=0	C=4	
Position 4383:	T=0	G=1	-=0	A=0	C=0	
Position 4384:	T=15	G=0	-=0	A=0	C=0	
Position 4385:	T=0	G=0	-=0	A=15	C=0	
Position 4386:	T=0	G=0	-=0	A=15	C=0	
Position 4387:	T=0	G=0	-=0	A=14	C=0	
Position 4388:	T=0	G=14	-=0	A=0	C=0	
Position 4389:	T=0	G=13	-=0	A=1	C=0	
Position 4390:	T=14	G=0	-=0	A=0	C=0	
Position 4391:	T=0	G=0	-=0	A=0	C=12	
Position 4392:	T=12	G=0	-=0	A=0	C=0	
Position 4393:	T=0	G=0	-=0	A=0	C=9	
Position 4394:	T=0	G=6	-=0	A=3	C=0	
Position 4395:	T=7	G=0	-=0	A=0	C=0	
Position 4396:	T=0	G=0	-=0	A=0	C=6	
Position 4397:	T=0	G=5	-=0	A=1	C=0	
Position 4398:	T=0	G=0	-=0	A=0	C=5	
Position 4399:	T=0	G=0	-=0	A=5	C=0	
Position 4400:	T=0	G=42	-=0	A=3	C=0	
Position 4401:	T=4	G=0	-=0	A=0	C=0	
Position 4402:	T=0	G=0	-=0	A=0	C=4	
Position 4403:	T=0	G=0	-=0	A=3	C=0	
Position 4404:	T=0	G=0	-=0	A=3	C=0	
Position 4405:	T=0	G=0	-=0	A=2	C=0	
Position 4406:	T=2	G=0	-=0	A=0	C=0	
Position 4407:	T=0	G=0	-=0	A=50	C=0	
Position 4408:	T=0	G=0	-=0	A=50	C=0	
Position 4409:	T=48	G=0	-=0	A=0	C=0	
Position 4410:	T=48	G=0	-=0	A=0	C=0	
Position 4411:	T=49	G=0	-=0	A=0	C=0	
Position 4412:	T=0	G=50	-=0	A=3	C=0	
Position 4413:	T=52	G=0	-=0	A=0	C=0	
Position 4414:	T=0	G=0	-=0	A=51	C=0	
Position 4415:	T=0	G=51	-=0	A=0	C=0	
Position 4416:	T=1	G=0	-=0	A=0	C=50	
Position 4417:	T=51	G=0	-=0	A=0	C=0	
Position 4418:	T=0	G=49	-=0	A=2	C=0	
Position 4419:	T=0	G=50	-=0	A=1	C=0	
Position 4420:	T=0	G=50	-=0	A=1	C=0	
Position 4421:	T=0	G=0	-=0	A=0	C=51	
Position 4422:	T=50	G=0	-=0	A=0	C=0	
Position 4423:	T=48	G=0	-=0	A=0	C=0	
Position 4424:	T=0	G=0	-=0	A=48	C=0	
Position 4425:	T=48	G=0	-=0	A=0	C=0	
Position 4426:	T=47	G=0	-=0	A=0	C=0	
Position 4427:	T=46	G=0	-=0	A=0	C=0	
Position 4428:	T=0	G=0	-=0	A=45	C=0	
Position 4429:	T=44	G=0	-=0	A=0	C=0	
Position 4430:	T=4	G=0	-=0	A=0	C=41	
Position 4431:	T=43	G=0	-=0	A=0	C=0	
Position 4432:	T=42	G=0	-=0	A=0	C=0	
Position 4433:	T=43	G=0	-=0	A=0	C=0	
Position 4434:	T=1	G=0	-=0	A=0	C=40	
Position 4435:	T=0	G=0	-=0	A=41	C=0	
Position 4436:	T=0	G=0	-=0	A=0	C=41	
Position 4437:	T=0	G=40	-=0	A=0	C=0	
Position 4438:	T=0	G=35	-=0	A=3	C=0	
Position 4439:	T=0	G=36	-=0	A=1	C=0	
Position 4440:	T=35	G=0	-=0	A=0	C=0	
Position 4441:	T=0	G=0	-=0	A=0	C=35	
Position 4442:	T=0	G=31	-=0	A=2	C=0	
Position 4443:	T=0	G=30	-=0	A=1	C=0	
Position 4444:	T=0	G=28	-=0	A=2	C=0	
Position 4445:	T=0	G=0	-=0	A=0	C=30	
Position 4446:	T=0	G=0	-=0	A=30	C=0	
Position 4447:	T=28	G=0	-=0	A=0	C=0	
Position 4448:	T=0	G=0	-=0	A=28	C=0	
Position 4449:	T=0	G=28	-=0	A=0	C=0	
Position 4450:	T=0	G=0	-=0	A=27	C=0	
Position 4451:	T=25	G=0	-=0	A=0	C=0	
Position 4452:	T=0	G=0	-=0	A=24	C=0	
Position 4453:	T=0	G=0	-=0	A=0	C=23	
Position 4454:	T=0	G=0	-=0	A=0	C=22	
Position 4455:	T=0	G=0	-=0	A=0	C=20	
Position 4456:	T=0	G=0	-=0	A=20	C=0	
Position 4457:	T=19	G=0	-=0	A=0	C=0	
Position 4458:	T=0	G=0	-=0	A=18	C=0	
Position 4459:	T=0	G=0	-=0	A=18	C=0	
Position 4460:	T=0	G=17	-=0	A=0	C=0	
Position 4461:	T=0	G=15	-=0	A=1	C=0	
Position 4462:	T=0	G=16	-=0	A=0	C=0	
Position 4463:	T=0	G=16	-=0	A=0	C=0	
Position 4464:	T=15	G=0	-=0	A=0	C=0	
Position 4465:	T=14	G=0	-=0	A=0	C=0	
Position 4466:	T=0	G=0	-=0	A=14	C=0	
Position 4467:	T=0	G=0	-=0	A=0	C=14	
Position 4468:	T=14	G=0	-=0	A=0	C=0	
Position 4469:	T=0	G=0	-=0	A=0	C=13	
Position 4470:	T=0	G=0	-=0	A=13	C=0	
Position 4471:	T=0	G=12	-=0	A=1	C=0	
Position 4472:	T=12	G=0	-=0	A=0	C=0	
Position 4473:	T=0	G=0	-=0	A=0	C=12	
Position 4474:	T=0	G=0	-=0	A=11	C=0	
Position 4475:	T=0	G=0	-=0	A=10	C=0	
Position 4476:	T=9	G=0	-=0	A=0	C=0	
Position 4477:	T=0	G=9	-=0	A=0	C=0	
Position 4478:	T=0	G=8	-=0	A=1	C=0	
Position 4479:	T=8	G=0	-=0	A=0	C=0	
Position 4480:	T=0	G=0	-=0	A=0	C=7	
Position 4481:	T=0	G=7	-=0	A=0	C=0	
Position 4482:	T=0	G=0	-=0	A=0	C=7	
Position 4483:	T=0	G=0	-=0	A=7	C=0	
Position 4484:	T=0	G=6	-=0	A=1	C=0	
Position 4485:	T=0	G=5	-=0	A=1	C=0	
Position 4486:	T=0	G=0	-=0	A=6	C=0	
Position 4487:	T=0	G=0	-=0	A=0	C=6	
Position 4488:	T=0	G=0	-=0	A=6	C=0	
Position 4489:	T=5	G=0	-=0	A=0	C=0	
Position 4490:	T=0	G=0	-=0	A=5	C=0	
Position 4491:	T=0	G=0	-=0	A=0	C=5	
Position 4492:	T=0	G=0	-=0	A=5	C=0	
Position 4493:	A=2	N=0	C=0	-=0	G=4	T=0	
Position 4494:	T=4	G=0	-=0	A=0	C=0	
Position 4495:	T=0	G=0	-=0	A=4	C=0	
Position 4496:	T=0	G=0	-=0	A=0	C=3	
Position 4497:	T=0	G=0	-=0	A=1	C=0	
Position 4498:	T=1	G=0	-=0	A=0	C=0	
Position 4499:	T=0	G=0	-=0	A=2	C=0	
Position 4500:	T=0	G=0	-=0	A=2	C=0	
Position 4501:	T=0	G=0	-=0	A=2	C=0	
Position 4502:	T=0	G=0	-=0	A=0	C=2	
Position 4503:	T=0	G=2	-=0	A=0	C=0	
Position 4504:	A=6	N=0	C=3	-=0	G=5	T=0	
Position 4505:	T=0	G=0	-=0	A=0	C=2	
Position 4506:	T=0	G=10	-=0	A=21	C=0	
Position 4507:	T=0	G=0	-=0	A=0	C=2	
Position 4508:	A=8	N=0	C=0	-=0	G=3	T=20	
Position 4509:	T=2	G=0	-=0	A=20	C=9	
Position 4510:	T=1	G=9	-=0	A=21	C=2	
Position 4511:	T=1	G=0	-=0	A=18	C=10	
Position 4512:	A=5	N=0	C=0	-=0	G=6	T=18	
Position 4513:	T=8	G=0	-=0	A=3	C=21	
Position 4514:	T=0	G=19	-=0	A=10	C=3	
Position 4515:	T=3	G=3	-=0	A=18	C=8	
Position 4516:	T=1	G=8	-=0	A=21	C=2	
Position 4517:	T=0	G=0	-=0	A=0	C=1	
Position 4518:	T=2	G=19	-=0	A=10	C=1	
Position 4519:	A=17	N=0	C=5	-=0	G=0	T=6	
Position 4520:	T=0	G=0	-=0	A=1	C=0	
Position 4521:	T=0	G=0	-=0	A=0	C=1	
Position 4522:	T=0	G=1	-=0	A=0	C=0	
Position 4523:	T=8	G=0	-=0	A=13	C=3	
Position 4524:	T=0	G=1	-=0	A=10	C=13	
Position 4525:	T=2	G=12	-=0	A=1	C=9	
Position 4526:	T=0	G=8	-=0	A=3	C=12	
Position 4527:	A=12	N=0	C=6	-=0	G=0	T=5	
Position 4528:	T=0	G=2	-=0	A=9	C=11	
Position 4529:	A=0	N=0	C=5	-=0	G=10	T=6	
Position 4530:	A=6	N=0	C=10	-=0	G=5	T=0	
Position 4531:	T=1	G=10	-=0	A=0	C=10	
Position 4532:	A=5	N=0	C=0	-=0	G=6	T=10	
Position 4533:	T=8	G=0	-=0	A=10	C=3	
Position 4534:	T=0	G=1	-=0	A=10	C=9	
Position 4535:	T=2	G=8	-=0	A=0	C=9	
Position 4536:	T=0	G=8	-=0	A=3	C=8	
Position 4537:	A=8	N=0	C=6	-=0	G=0	T=5	
Position 4538:	T=8	G=2	-=0	A=9	C=0	
Position 4539:	A=5	N=0	C=5	-=0	G=0	T=6	
Position 4540:	A=6	N=0	C=5	-=0	G=5	T=0	
Position 4541:	T=1	G=4	-=0	A=0	C=10	
Position 4542:	A=6	N=0	C=0	-=0	G=5	T=4	
Position 4543:	A=4	N=0	C=7	-=0	G=0	T=4	
Position 4544:	A=6	N=0	C=4	-=0	G=5	T=0	
Position 4545:	A=0	N=0	C=7	-=0	G=4	T=4	
Position 4546:	T=0	G=10	-=0	A=1	C=4	
Position 4547:	A=4	N=0	C=5	-=0	G=0	T=6	
Position 4548:	A=8	N=0	C=0	-=0	G=3	T=1	
Position 4549:	A=1	N=0	C=8	-=0	G=0	T=3	
Position 4550:	A=3	N=0	C=1	-=0	G=8	T=0	
Position 4551:	A=0	N=0	C=6	-=0	G=2	T=5	
Position 4552:	A=6	N=0	C=0	-=0	G=4	T=2	
Position 4553:	A=2	N=0	C=5	-=0	G=0	T=2	
Position 4554:	A=4	N=0	C=2	-=0	G=3	T=0	
Position 4555:	A=0	N=0	C=3	-=0	G=2	T=3	
Position 4556:	T=0	G=5	-=0	A=0	C=2	
Position 4557:	A=2	N=0	C=2	-=0	G=0	T=3	
Position 4558:	T=1	G=1	-=0	A=4	C=2	
Position 4559:	T=1	G=2	-=0	A=1	C=4	
Position 4560:	A=2	N=0	C=2	-=0	G=3	T=3	
Position 4561:	A=0	N=0	C=3	-=0	G=3	T=2	
Position 4562:	A=3	N=0	C=1	-=0	G=2	T=4	
Position 4563:	A=2	N=0	C=3	-=0	G=0	T=1	
Position 4564:	A=1	N=0	C=2	-=0	G=2	T=0	
Position 4565:	A=0	N=0	C=1	-=0	G=2	T=2	
Position 4566:	T=1	G=3	-=0	A=0	C=3	
Position 4567:	T=1	G=0	-=0	A=1	C=1	
Position 4568:	A=2	N=0	C=1	-=0	G=0	T=0	
Position 4569:	A=0	N=0	C=2	-=0	G=1	T=0	
Position 4570:	A=0	N=0	C=0	-=0	G=2	T=1	
Position 4571:	A=0	N=0	C=1	-=0	G=2	T=1	
Position 4572:	T=1	G=1	-=0	A=1	C=0	
Position 4573:	A=2	N=0	C=1	-=0	G=0	T=1	
Position 4574:	A=1	N=0	C=2	-=0	G=1	T=0	
Position 4575:	A=0	N=0	C=1	-=0	G=2	T=0	
Position 4576:	T=0	G=1	-=0	A=0	C=1	
Position 4577:	T=0	G=0	-=0	A=1	C=1	
Position 4578:	T=0	G=0	-=0	A=1	C=1	
Position 4579:	T=0	G=1	-=0	A=0	C=1	
Position 4580:	T=1	G=1	-=0	A=0	C=0	
Position 4581:	A=0	N=0	C=0	-=0	G=2	T=1	
Position 4582:	T=1	G=0	-=0	A=1	C=0	
Position 4583:	A=2	N=0	C=0	-=0	G=0	T=1	
Position 4584:	T=0	G=0	-=0	A=0	C=1	
Position 4585:	T=0	G=1	-=0	A=0	C=0	
Position 4586:	T=1	G=0	-=0	A=0	C=1	
Position 4587:	T=0	G=1	-=0	A=1	C=0	
Position 4588:	T=1	G=0	-=0	A=0	C=1	
Position 4589:	T=0	G=1	-=0	A=1	C=0	
Position 4590:	T=1	G=0	-=0	A=0	C=1	
Position 4591:	T=0	G=1	-=0	A=0	C=0	
Position 4592:	T=1	G=0	-=0	A=0	C=1	
Position 4593:	T=0	G=0	-=0	A=1	C=0	
Position 4594:	T=0	G=0	-=0	A=0	C=1	
Position 4595:	T=0	G=1	-=0	A=0	C=0	
Position 4596:	T=1	G=0	-=0	A=0	C=1	
Position 4597:	T=0	G=1	-=0	A=1	C=0	
Position 4598:	T=1	G=0	-=0	A=0	C=1	
Position 4599:	T=0	G=1	-=0	A=1	C=0	
Position 4600:	T=1	G=0	-=0	A=0	C=1	
Position 4601:	T=0	G=1	-=0	A=0	C=0	
Position 4602:	T=1	G=0	-=0	A=0	C=1	
Position 4603:	T=0	G=0	-=0	A=1	C=0	
Position 4604:	T=0	G=0	-=0	A=0	C=1	
Position 4605:	T=0	G=1	-=0	A=0	C=0	
Position 4606:	T=1	G=0	-=0	A=0	C=1	
Position 4607:	T=0	G=1	-=0	A=1	C=0	
Position 4608:	T=1	G=0	-=0	A=0	C=1	
Position 4609:	T=0	G=1	-=0	A=1	C=0	
Position 4610:	T=1	G=0	-=0	A=0	C=1	
Position 4611:	T=0	G=1	-=0	A=0	C=0	
Position 4612:	T=1	G=0	-=0	A=0	C=1	
Position 4613:	T=0	G=0	-=0	A=1	C=0	
Position 4614:	T=0	G=0	-=0	A=0	C=1	
Position 4615:	T=0	G=1	-=0	A=1	C=0	
Position 4616:	T=1	G=0	-=0	A=0	C=1	
Position 4617:	T=0	G=1	-=0	A=0	C=0	
Position 4618:	T=0	G=4	-=0	A=0	C=0	
Position 4619:	T=5	G=0	-=0	A=0	C=1	
Position 4620:	T=0	G=0	-=0	A=6	C=0	
Position 4621:	T=0	G=0	-=0	A=0	C=6	
Position 4622:	T=0	G=6	-=0	A=0	C=0	
Position 4623:	T=7	G=0	-=0	A=0	C=0	
Position 4624:	T=0	G=7	-=0	A=0	C=0	
Position 4625:	T=7	G=0	-=0	A=0	C=0	
Position 4626:	T=0	G=0	-=0	A=7	C=0	
Position 4627:	T=0	G=0	-=0	A=0	C=7	
Position 4628:	T=0	G=7	-=0	A=0	C=0	
Position 4629:	T=0	G=0	-=0	A=0	C=7	
Position 4630:	T=0	G=0	-=0	A=7	C=0	
Position 4631:	T=0	G=0	-=0	A=0	C=7	
Position 4632:	T=0	G=7	-=0	A=0	C=0	
Position 4633:	T=7	G=0	-=0	A=0	C=0	
Position 4634:	T=0	G=7	-=0	A=0	C=0	
Position 4635:	T=7	G=0	-=0	A=0	C=0	
Position 4636:	T=0	G=0	-=0	A=7	C=0	
Position 4637:	T=0	G=0	-=0	A=0	C=7	
Position 4638:	T=0	G=6	-=0	A=1	C=0	
Position 4639:	T=0	G=0	-=0	A=0	C=8	
Position 4640:	T=0	G=0	-=0	A=8	C=0	
Position 4641:	T=1	G=0	-=0	A=15	C=7	
Position 4642:	T=0	G=8	-=0	A=0	C=0	
Position 4643:	T=8	G=0	-=0	A=0	C=0	
Position 4644:	T=0	G=8	-=0	A=0	C=0	
Position 4645:	T=8	G=0	-=0	A=0	C=0	
Position 4646:	T=0	G=0	-=0	A=7	C=0	
Position 4647:	T=0	G=0	-=0	A=0	C=7	
Position 4648:	T=0	G=7	-=0	A=0	C=0	
Position 4649:	T=0	G=15	-=0	A=0	C=7	
Position 4650:	T=0	G=0	-=0	A=5	C=0	
Position 4651:	T=0	G=0	-=0	A=15	C=5	
Position 4652:	T=0	G=5	-=0	A=0	C=0	
Position 4653:	T=5	G=0	-=0	A=0	C=0	
Position 4654:	T=0	G=5	-=0	A=0	C=0	
Position 4655:	T=5	G=0	-=0	A=0	C=0	
Position 4656:	T=0	G=0	-=0	A=5	C=0	
Position 4657:	T=0	G=0	-=0	A=14	C=5	
Position 4658:	T=0	G=5	-=0	A=0	C=0	
Position 4659:	T=0	G=12	-=0	A=0	C=5	
Position 4660:	T=0	G=12	-=0	A=5	C=0	
Position 4661:	T=12	G=0	-=0	A=8	C=4	
Position 4662:	T=0	G=4	-=0	A=11	C=0	
Position 4663:	T=4	G=0	-=0	A=11	C=0	
Position 4664:	T=0	G=4	-=0	A=0	C=0	
Position 4665:	T=4	G=0	-=0	A=0	C=11	
Position 4666:	T=0	G=0	-=0	A=4	C=0	
Position 4667:	T=0	G=0	-=0	A=9	C=3	
Position 4668:	T=0	G=3	-=0	A=0	C=0	
Position 4669:	T=0	G=8	-=0	A=0	C=3	
Position 4670:	T=0	G=3	-=0	A=4	C=0	
Position 4671:	T=3	G=0	-=0	A=3	C=0	
Position 4672:	T=3	G=3	-=0	A=0	C=0	
Position 4673:	T=3	G=0	-=0	A=0	C=0	
Position 4674:	T=3	G=3	-=0	A=0	C=0	
Position 4675:	T=3	G=0	-=0	A=0	C=0	
Position 4676:	T=0	G=0	-=0	A=3	C=0	
Position 4677:	T=0	G=2	-=0	A=9	C=3	
Position 4678:	T=0	G=3	-=0	A=3	C=0	
Position 4679:	T=3	G=3	-=0	A=0	C=0	
Position 4680:	A=4	N=0	C=0	-=0	G=5	T=3	
Position 4681:	A=3	N=0	C=0	-=0	G=0	T=7	
Position 4682:	A=4	N=0	C=0	-=0	G=3	T=3	
Position 4683:	A=7	N=0	C=0	-=0	G=0	T=3	
Position 4684:	T=0	G=3	-=0	A=3	C=0	
Position 4685:	A=3	N=0	C=4	-=0	G=0	T=3	
Position 4686:	T=0	G=0	-=0	A=3	C=2	
Position 4687:	T=2	G=0	-=0	A=3	C=0	
Position 4688:	T=0	G=3	-=0	A=2	C=0	
Position 4689:	T=0	G=3	-=0	A=0	C=0	
Position 4690:	T=0	G=3	-=0	A=0	C=2	
Position 4691:	T=3	G=0	-=0	A=0	C=0	
Position 4692:	A=3	N=0	C=0	-=0	G=0	T=5	
Position 4693:	A=4	N=0	C=0	-=0	G=0	T=3	
Position 4694:	A=8	N=0	C=0	-=0	G=3	T=3	
Position 4695:	A=0	N=0	C=3	-=0	G=0	T=11	
Position 4696:	T=0	G=0	-=0	A=3	C=8	
Position 4697:	A=11	N=0	C=0	-=0	G=2	T=0	
Position 4698:	A=9	N=0	C=0	-=0	G=2	T=0	
Position 4699:	A=8	N=0	C=0	-=0	G=1	T=2	
Position 4700:	T=2	G=0	-=0	A=0	C=7	
Position 4701:	T=2	G=0	-=0	A=0	C=6	
Position 4702:	T=2	G=0	-=0	A=0	C=6	
Position 4703:	T=0	G=0	-=0	A=2	C=5	
Position 4704:	T=0	G=0	-=0	A=2	C=5	
Position 4705:	T=0	G=0	-=0	A=0	C=4	
Position 4706:	T=4	G=0	-=0	A=0	C=0	
Position 4707:	T=4	G=0	-=0	A=0	C=0	
Position 4708:	T=0	G=0	-=0	A=4	C=0	
Position 4709:	T=0	G=0	-=0	A=0	C=4	
Position 4710:	T=0	G=0	-=0	A=0	C=4	
Position 4711:	T=0	G=0	-=0	A=0	C=4	
Position 4712:	T=0	G=0	-=0	A=0	C=4	
Position 4713:	T=0	G=0	-=0	A=0	C=4	
Position 4714:	T=0	G=0	-=0	A=0	C=4	
Position 4715:	T=0	G=4	-=0	A=0	C=0	
Position 4716:	T=4	G=0	-=0	A=0	C=0	
Position 4717:	T=0	G=0	-=0	A=4	C=0	
Position 4718:	T=0	G=0	-=0	A=4	C=0	
Position 4719:	T=0	G=0	-=0	A=0	C=3	
Position 4720:	T=3	G=0	-=0	A=0	C=0	
Position 4721:	T=2	G=0	-=0	A=0	C=0	
Position 4722:	T=0	G=0	-=0	A=0	C=2	
Position 4723:	T=0	G=0	-=0	A=2	C=0	
Position 4724:	T=0	G=0	-=0	A=1	C=0	
Position 4725:	T=0	G=1	-=0	A=0	C=0	
Position 4726:	T=0	G=1	-=0	A=0	C=0	
Position 4727:	T=0	G=0	-=0	A=1	C=0	
Position 4728:	T=0	G=1	-=0	A=0	C=0	
Position 4729:	T=0	G=0	-=0	A=0	C=1	
Position 4730:	T=1	G=0	-=0	A=0	C=0	
Position 4731:	T=1	G=0	-=0	A=0	C=0	
Position 4732:	T=0	G=0	-=0	A=1	C=0	
Position 4733:	T=1	G=0	-=0	A=0	C=0	
Position 4734:	T=0	G=1	-=0	A=0	C=0	
Position 4735:	T=0	G=0	-=0	A=0	C=1	
Position 4736:	T=0	G=0	-=0	A=1	C=0	
Position 4737:	T=0	G=0	-=0	A=0	C=1	
Position 4738:	T=0	G=0	-=0	A=1	C=0	
Position 4739:	T=1	G=0	-=0	A=0	C=0	
Position 4740:	T=1	G=0	-=0	A=0	C=0	
Position 4741:	T=1	G=0	-=0	A=0	C=0	
Position 4742:	T=0	G=0	-=0	A=1	C=0	
Position 4743:	T=1	G=0	-=0	A=0	C=0	
Position 4744:	T=0	G=1	-=0	A=0	C=0	
Position 4745:	T=0	G=1	-=0	A=0	C=0	
Position 4746:	T=0	G=0	-=0	A=1	C=0	
Position 4747:	T=1	G=0	-=0	A=0	C=0	
Position 4748:	T=0	G=1	-=0	A=0	C=0	
Position 4749:	T=1	G=0	-=0	A=0	C=0	
Position 4750:	T=1	G=0	-=0	A=0	C=1	
Position 4751:	T=1	G=0	-=0	A=0	C=0	
Position 4752:	T=1	G=0	-=0	A=0	C=0	
Position 4753:	T=0	G=1	-=0	A=0	C=0	
Position 4754:	T=1	G=0	-=0	A=0	C=1	
Position 4755:	T=0	G=0	-=0	A=0	C=1	
Position 4756:	T=0	G=0	-=0	A=1	C=0	
Position 4757:	T=0	G=0	-=0	A=1	C=0	
Position 4758:	T=0	G=0	-=0	A=1	C=0	
Position 4759:	T=0	G=0	-=0	A=0	C=1	
Position 4760:	T=0	G=0	-=0	A=0	C=1	
Position 4761:	T=0	G=0	-=0	A=0	C=1	
Position 4762:	T=0	G=0	-=0	A=0	C=1	
Position 4763:	T=0	G=0	-=0	A=0	C=1	
Position 4764:	T=0	G=0	-=0	A=1	C=0	
Position 4765:	T=0	G=0	-=0	A=18	C=0	
Position 4766:	T=0	G=0	-=0	A=19	C=0	
Position 4767:	T=0	G=0	-=0	A=18	C=0	
Position 4768:	T=1	G=0	-=0	A=0	C=16	
Position 4769:	T=1	G=0	-=0	A=0	C=16	
Position 4770:	T=0	G=0	-=0	A=18	C=0	
Position 4771:	T=0	G=14	-=0	A=1	C=0	
Position 4772:	T=0	G=14	-=0	A=1	C=0	
Position 4773:	T=0	G=0	-=0	A=15	C=0	
Position 4774:	T=15	G=0	-=0	A=0	C=0	
Position 4775:	T=14	G=0	-=0	A=0	C=0	
Position 4776:	T=0	G=0	-=0	A=14	C=0	
Position 4777:	T=0	G=0	-=0	A=12	C=0	
Position 4778:	T=12	G=0	-=0	A=0	C=0	
Position 4779:	T=0	G=12	-=0	A=1	C=0	
Position 4780:	T=0	G=12	-=0	A=1	C=0	
Position 4781:	T=0	G=0	-=0	A=12	C=0	
Position 4782:	T=0	G=0	-=0	A=0	C=11	
Position 4783:	T=0	G=0	-=0	A=10	C=0	
Position 4784:	T=10	G=0	-=0	A=0	C=0	
Position 4785:	T=0	G=9	-=0	A=1	C=0	
Position 4786:	T=0	G=0	-=0	A=0	C=10	
Position 4787:	T=0	G=0	-=0	A=9	C=0	
Position 4788:	T=0	G=0	-=0	A=9	C=0	
Position 4789:	T=0	G=0	-=0	A=0	C=9	
Position 4790:	T=0	G=0	-=0	A=0	C=9	
Position 4791:	T=0	G=0	-=0	A=0	C=8	
Position 4792:	T=7	G=0	-=0	A=0	C=0	
Position 4793:	T=0	G=7	-=0	A=0	C=0	
Position 4794:	T=0	G=0	-=0	A=7	C=0	
Position 4795:	T=0	G=0	-=0	A=7	C=0	
Position 4796:	T=0	G=7	-=0	A=0	C=0	
Position 4797:	T=0	G=7	-=0	A=0	C=0	
Position 4798:	T=7	G=0	-=0	A=0	C=0	
Position 4799:	T=7	G=0	-=0	A=0	C=0	
Position 4800:	T=7	G=0	-=0	A=0	C=0	
Position 4801:	T=7	G=0	-=0	A=0	C=0	
Position 4802:	T=0	G=0	-=0	A=7	C=0	
Position 4803:	T=0	G=0	-=0	A=0	C=7	
Position 4804:	T=0	G=0	-=0	A=7	C=0	
Position 4805:	T=0	G=0	-=0	A=0	C=7	
Position 4806:	T=0	G=0	-=0	A=0	C=7	
Position 4807:	T=0	G=0	-=0	A=0	C=6	
Position 4808:	T=0	G=0	-=0	A=0	C=6	
Position 4809:	T=0	G=0	-=0	A=6	C=0	
Position 4810:	T=0	G=0	-=0	A=6	C=0	
Position 4811:	T=0	G=0	-=0	A=6	C=0	
Position 4812:	T=5	G=0	-=0	A=0	C=0	
Position 4813:	T=0	G=0	-=0	A=0	C=5	
Position 4814:	T=0	G=0	-=0	A=0	C=5	
Position 4815:	T=0	G=0	-=0	A=0	C=5	
Position 4816:	T=0	G=0	-=0	A=5	C=0	
Position 4817:	T=0	G=0	-=0	A=0	C=5	
Position 4818:	T=5	G=0	-=0	A=0	C=0	
Position 4819:	T=0	G=0	-=0	A=5	C=0	
Position 4820:	T=0	G=0	-=0	A=4	C=0	
Position 4821:	T=4	G=0	-=0	A=0	C=0	
Position 4822:	T=0	G=0	-=0	A=4	C=0	
Position 4823:	T=0	G=0	-=0	A=4	C=0	
Position 4824:	T=0	G=4	-=0	A=0	C=0	
Position 4825:	T=4	G=0	-=0	A=0	C=0	
Position 4826:	T=0	G=0	-=0	A=4	C=0	
Position 4827:	T=0	G=0	-=0	A=4	C=0	
Position 4828:	T=0	G=0	-=0	A=4	C=0	
Position 4829:	T=0	G=0	-=0	A=4	C=0	
Position 4830:	T=4	G=0	-=0	A=0	C=0	
Position 4831:	T=3	G=0	-=0	A=0	C=0	
Position 4832:	T=0	G=0	-=0	A=0	C=3	
Position 4833:	T=0	G=0	-=0	A=0	C=2	
Position 4834:	T=0	G=0	-=0	A=2	C=0	
Position 4835:	A=1	N=0	C=0	-=0	G=8	T=0	
Position 4836:	T=0	G=0	-=0	A=0	C=2	
Position 4837:	T=0	G=0	-=0	A=0	C=2	
Position 4838:	T=0	G=1	-=0	A=0	C=0	
Position 4839:	T=0	G=0	-=0	A=1	C=0	
Position 4840:	T=0	G=0	-=0	A=1	C=0	
Position 4841:	T=1	G=0	-=0	A=0	C=0	
Position 4842:	T=0	G=0	-=0	A=1	C=0	
Position 4843:	T=0	G=0	-=0	A=1	C=0	
Position 4844:	T=1	G=0	-=0	A=0	C=0	
Position 4845:	T=0	G=0	-=0	A=0	C=1	
Position 4846:	T=0	G=0	-=0	A=1	C=0	
Position 4847:	T=0	G=0	-=0	A=0	C=1	
Position 4848:	T=3	G=0	-=0	A=0	C=0	
Position 4849:	T=0	G=3	-=0	A=0	C=0	
Position 4850:	T=3	G=0	-=0	A=0	C=0	
Position 4851:	T=0	G=0	-=0	A=3	C=0	
Position 4852:	T=2	G=0	-=0	A=0	C=0	
Position 4853:	T=0	G=0	-=0	A=0	C=2	
Position 4854:	T=0	G=0	-=0	A=2	C=0	
Position 4855:	T=0	G=0	-=0	A=0	C=1	
Position 4856:	T=0	G=0	-=0	A=1	C=0	
Position 4857:	T=0	G=1	-=0	A=0	C=0	
Position 4858:	T=0	G=1	-=0	A=0	C=0	
Position 4859:	T=0	G=0	-=0	A=0	C=1	
Position 4860:	T=0	G=0	-=0	A=1	C=0	
Position 4861:	T=1	G=0	-=0	A=0	C=0	
Position 4862:	T=0	G=1	-=0	A=0	C=0	
Position 4863:	T=0	G=0	-=0	A=1	C=0	
Position 4864:	T=0	G=1	-=0	A=0	C=0	
Position 4865:	T=0	G=0	-=0	A=1	C=0	
Position 4866:	A=0	N=0	C=1	-=0	G=0	T=0	
Position 4867:	T=1	G=0	-=0	A=0	C=0	
Position 4868:	T=1	G=0	-=0	A=0	C=0	
Position 4869:	T=1	G=0	-=0	A=0	C=0	
Position 4870:	T=0	G=0	-=0	A=1	C=0	
Position 4871:	T=0	G=0	-=0	A=1	C=0	
Position 4872:	T=0	G=0	-=0	A=1	C=0	
Position 4873:	T=1	G=0	-=0	A=0	C=0	
Position 4874:	T=1	G=0	-=0	A=0	C=0	
Position 4875:	T=1	G=0	-=0	A=0	C=0	
Position 4876:	T=0	G=0	-=0	A=1	C=0	
Position 4877:	T=0	G=1	-=0	A=0	C=0	
Position 4878:	T=0	G=1	-=0	A=0	C=0	
Position 4879:	T=0	G=0	-=0	A=1	C=0	
Position 4880:	T=1	G=0	-=0	A=0	C=0	
Position 4881:	T=0	G=0	-=0	A=0	C=1	
Position 4882:	T=1	G=0	-=0	A=0	C=0	
Position 4883:	T=0	G=0	-=0	A=1	C=0	
Position 4884:	T=1	G=0	-=0	A=0	C=0	
Position 4885:	T=0	G=0	-=0	A=0	C=1	
Position 4886:	T=1	G=0	-=0	A=0	C=0	
Position 4887:	T=0	G=0	-=0	A=1	C=0	
Position 4888:	T=1	G=0	-=0	A=0	C=0	
Position 4889:	T=0	G=1	-=0	A=0	C=0	
Position 4890:	T=0	G=1	-=0	A=0	C=0	
Position 4891:	T=0	G=0	-=0	A=1	C=0	
Position 4892:	T=0	G=0	-=0	A=1	C=0	
Position 4893:	T=0	G=0	-=0	A=1	C=0	
Position 4894:	T=1	G=0	-=0	A=0	C=0	
Position 4895:	T=1	G=0	-=0	A=0	C=0	
Position 4896:	T=1	G=0	-=0	A=0	C=0	
Position 4897:	T=1	G=0	-=0	A=0	C=0	
Position 4898:	T=1	G=0	-=0	A=0	C=0	
Position 4899:	T=1	G=0	-=0	A=0	C=0	
Position 4900:	T=1	G=0	-=0	A=0	C=0	
Position 4901:	T=1	G=0	-=0	A=0	C=0	
Position 4902:	T=1	G=0	-=0	A=0	C=0	
Position 4903:	T=1	G=0	-=0	A=0	C=0	
Position 4904:	T=0	G=0	-=0	A=1	C=0	
Position 4905:	T=0	G=0	-=0	A=0	C=1	
Position 4906:	T=1	G=0	-=0	A=0	C=0	
Position 4907:	T=0	G=0	-=0	A=0	C=1	
Position 4908:	T=1	G=0	-=0	A=0	C=0	
Position 4909:	T=0	G=1	-=0	A=0	C=0	
Position 4910:	T=0	G=0	-=0	A=0	C=1	
Position 4911:	T=1	G=0	-=0	A=0	C=0	
Position 4912:	T=1	G=0	-=0	A=0	C=0	
Position 4913:	T=0	G=0	-=0	A=0	C=1	
Position 4914:	T=0	G=0	-=0	A=0	C=1	
Position 4915:	T=0	G=0	-=0	A=0	C=1	
Position 4916:	T=1	G=0	-=0	A=0	C=0	
Position 4917:	T=0	G=0	-=0	A=0	C=1	
Position 4918:	T=0	G=0	-=0	A=0	C=1	
Position 4919:	T=1	G=0	-=0	A=0	C=0	
Position 4920:	T=0	G=0	-=0	A=1	C=0	
Position 4921:	T=1	G=0	-=0	A=0	C=0	
Position 4922:	T=1	G=0	-=0	A=0	C=0	
Position 4923:	T=0	G=1	-=0	A=0	C=0	
Position 4924:	T=0	G=0	-=0	A=1	C=0	
Position 4925:	T=1	G=0	-=0	A=0	C=0	
Position 4926:	T=1	G=0	-=0	A=0	C=0	
Position 4927:	T=1	G=0	-=0	A=0	C=0	
Position 4928:	T=1	G=0	-=0	A=0	C=0	
Position 4929:	T=1	G=0	-=0	A=0	C=0	
Position 4930:	T=0	G=0	-=0	A=0	C=1	
Position 4931:	T=0	G=0	-=0	A=0	C=1	
Position 4932:	T=0	G=1	-=0	A=0	C=0	
Position 4933:	T=1	G=0	-=0	A=0	C=0	
Position 4934:	T=1	G=0	-=0	A=0	C=0	
Position 4935:	T=0	G=0	-=0	A=1	C=0	
Position 4936:	T=1	G=0	-=0	A=0	C=0	
Position 4937:	T=1	G=0	-=0	A=0	C=0	
Position 4938:	T=0	G=0	-=0	A=1	C=0	
Position 4939:	T=1	G=0	-=0	A=0	C=0	
Position 4940:	T=0	G=0	-=0	A=0	C=1	
Position 4941:	T=0	G=0	-=0	A=1	C=0	
Position 4942:	T=0	G=0	-=0	A=0	C=1	
Position 4943:	T=1	G=0	-=0	A=0	C=0	
Position 4944:	T=1	G=0	-=0	A=0	C=0	
Position 4945:	T=1	G=0	-=0	A=0	C=0	
Position 4946:	T=1	G=0	-=0	A=0	C=0	
Position 4947:	T=1	G=0	-=0	A=0	C=0	
Position 4948:	T=1	G=0	-=0	A=0	C=0	
Position 4949:	A=1	N=0	C=0	-=0	G=12	T=0	
Position 4950:	T=0	G=1	-=0	A=0	C=0	
Position 4951:	T=0	G=0	-=0	A=0	C=1	
Position 4952:	T=0	G=0	-=0	A=0	C=1	
Position 4953:	T=0	G=0	-=0	A=1	C=0	
Position 4954:	T=0	G=0	-=0	A=0	C=1	
Position 4955:	T=0	G=0	-=0	A=1	C=0	
Position 4956:	T=0	G=0	-=0	A=1	C=0	
Position 4957:	T=0	G=0	-=0	A=1	C=0	
Position 4958:	T=0	G=0	-=0	A=0	C=1	
Position 4959:	T=1	G=0	-=0	A=0	C=0	
Position 4960:	T=1	G=0	-=0	A=0	C=0	
Position 4961:	T=1	G=0	-=0	A=0	C=0	
Position 4962:	T=1	G=0	-=0	A=0	C=0	
Position 4963:	T=0	G=0	-=0	A=1	C=0	
Position 4964:	T=0	G=0	-=0	A=0	C=1	
Position 4965:	T=1	G=0	-=0	A=0	C=0	
Position 4966:	T=0	G=0	-=0	A=1	C=0	
Position 4967:	T=0	G=0	-=0	A=1	C=0	
Position 4968:	T=0	G=0	-=0	A=1	C=0	
Position 4969:	T=1	G=0	-=0	A=0	C=0	
Position 4970:	T=1	G=0	-=0	A=0	C=0	
Position 4971:	T=0	G=1	-=0	A=0	C=0	
Position 4972:	T=1	G=0	-=0	A=0	C=0	
Position 4973:	T=0	G=0	-=0	A=0	C=1	
Position 4974:	T=0	G=0	-=0	A=0	C=1	
Position 4975:	T=0	G=0	-=0	A=0	C=1	
Position 4976:	T=0	G=0	-=0	A=1	C=0	
Position 4977:	T=1	G=0	-=0	A=0	C=0	
Position 4978:	T=0	G=0	-=0	A=1	C=0	
Position 4979:	T=0	G=0	-=0	A=0	C=1	
Position 4980:	T=0	G=0	-=0	A=1	C=0	
Position 4981:	T=0	G=0	-=0	A=1	C=0	
Position 4982:	T=0	G=0	-=0	A=1	C=0	
Position 4983:	T=1	G=0	-=0	A=0	C=0	
Position 4984:	T=0	G=0	-=0	A=0	C=1	
Position 4985:	T=0	G=0	-=0	A=0	C=1	
Position 4986:	T=1	G=0	-=0	A=0	C=0	
Position 4987:	T=0	G=0	-=0	A=1	C=0	
Position 4988:	T=0	G=0	-=0	A=1	C=0	
Position 4989:	T=0	G=0	-=0	A=1	C=0	
Position 4990:	T=1	G=0	-=0	A=0	C=0	
Position 4991:	T=0	G=0	-=0	A=0	C=1	
Position 4992:	T=0	G=0	-=0	A=0	C=1	
Position 4993:	T=0	G=0	-=0	A=6	C=0	
Position 4994:	T=0	G=0	-=0	A=6	C=0	
Position 4995:	T=0	G=0	-=0	A=0	C=6	
Position 4996:	A=0	N=0	C=5	-=0	G=0	T=0	
Position 4997:	T=0	G=0	-=0	A=4	C=0	
Position 4998:	T=0	G=0	-=0	A=0	C=4	
Position 4999:	T=0	G=10	-=0	A=2	C=0	
Position 5000:	T=4	G=0	-=0	A=0	C=0	
Position 5001:	T=4	G=0	-=0	A=0	C=0	
Position 5002:	T=3	G=0	-=0	A=0	C=0	
Position 5003:	T=0	G=0	-=0	A=2	C=0	
Position 5004:	T=2	G=0	-=0	A=0	C=0	
Position 5005:	T=0	G=2	-=0	A=0	C=0	
Position 5006:	T=2	G=0	-=0	A=0	C=0	
Position 5007:	T=0	G=0	-=0	A=2	C=0	
Position 5008:	A=1	N=0	C=0	-=0	G=2	T=0	
Position 5009:	T=0	G=0	-=0	A=0	C=1	
Position 5010:	T=1	G=0	-=0	A=0	C=0	
Position 5011:	T=1	G=0	-=0	A=0	C=0	
Position 5012:	T=0	G=0	-=0	A=1	C=0	
Position 5013:	T=0	G=0	-=0	A=1	C=0	
Position 5014:	T=1	G=0	-=0	A=0	C=0	
Position 5015:	T=0	G=0	-=0	A=1	C=0	
Position 5016:	T=0	G=1	-=0	A=0	C=0	
Position 5017:	T=3	G=0	-=0	A=0	C=0	
Position 5018:	T=0	G=0	-=0	A=3	C=0	
Position 5019:	T=0	G=0	-=0	A=3	C=0	
Position 5020:	T=0	G=0	-=0	A=3	C=0	
Position 5021:	T=0	G=1	-=0	A=0	C=0	
Position 5022:	T=0	G=0	-=0	A=0	C=1	
Position 5023:	T=0	G=0	-=0	A=1	C=0	
Position 5024:	T=0	G=0	-=0	A=1	C=0	
Position 5025:	T=0	G=1	-=0	A=0	C=0	
Position 5026:	T=0	G=1	-=0	A=0	C=0	
Position 5027:	T=0	G=0	-=0	A=0	C=1	
Position 5028:	T=0	G=0	-=0	A=1	C=0	
Position 5029:	T=0	G=0	-=0	A=0	C=1	
Position 5030:	T=1	G=0	-=0	A=0	C=0	
Position 5031:	T=0	G=1	-=0	A=0	C=0	
Position 5032:	T=0	G=0	-=0	A=1	C=0	
Position 5033:	T=0	G=0	-=0	A=1	C=0	
Position 5034:	T=0	G=0	-=0	A=1	C=0	
Position 5035:	T=0	G=0	-=0	A=1	C=0	
Position 5036:	T=1	G=0	-=0	A=0	C=0	
Position 5037:	T=0	G=1	-=0	A=0	C=0	
Position 5038:	T=0	G=0	-=0	A=0	C=1	
Position 5039:	T=0	G=0	-=0	A=0	C=1	
Position 5040:	T=1	G=0	-=0	A=0	C=0	
Position 5041:	T=0	G=0	-=0	A=1	C=0	
Position 5042:	T=0	G=1	-=0	A=0	C=0	
Position 5043:	T=0	G=0	-=0	A=1	C=0	
Position 5044:	T=0	G=0	-=0	A=0	C=1	
Position 5045:	T=0	G=1	-=0	A=0	C=0	
Position 5046:	T=0	G=0	-=0	A=1	C=0	
Position 5047:	T=0	G=1	-=0	A=0	C=0	
Position 5048:	T=1	G=0	-=0	A=0	C=0	
Position 5049:	T=1	G=0	-=0	A=0	C=0	
Position 5050:	T=0	G=0	-=0	A=1	C=0	
Position 5051:	T=1	G=0	-=0	A=0	C=0	
Position 5052:	T=0	G=0	-=0	A=1	C=0	
Position 5053:	T=1	G=0	-=0	A=0	C=0	
Position 5054:	T=0	G=0	-=0	A=1	C=0	
Position 5055:	T=0	G=0	-=0	A=1	C=0	
Position 5056:	T=1	G=0	-=0	A=0	C=0	
Position 5057:	T=1	G=0	-=0	A=0	C=0	
Position 5058:	T=0	G=0	-=0	A=0	C=1	
Position 5059:	T=0	G=0	-=0	A=0	C=1	
Position 5060:	T=0	G=0	-=0	A=1	C=0	
Position 5061:	T=1	G=0	-=0	A=0	C=0	
Position 5062:	T=0	G=0	-=0	A=1	C=0	
Position 5063:	T=0	G=0	-=0	A=1	C=0	
Position 5064:	T=0	G=0	-=0	A=1	C=0	
Position 5065:	T=0	G=0	-=0	A=0	C=1	
Position 5066:	T=0	G=0	-=0	A=1	C=0	
Position 5067:	T=1	G=0	-=0	A=0	C=0	
Position 5068:	T=0	G=0	-=0	A=1	C=0	
Position 5069:	T=0	G=0	-=0	A=1	C=0	
Position 5070:	T=0	G=0	-=0	A=1	C=0	
Position 5071:	T=0	G=1	-=0	A=0	C=0	
Position 5072:	T=0	G=1	-=0	A=0	C=0	
Position 5073:	T=1	G=0	-=0	A=0	C=0	
Position 5074:	T=1	G=0	-=0	A=0	C=0	
Position 5075:	T=1	G=0	-=0	A=0	C=0	
Position 5076:	T=0	G=1	-=0	A=0	C=0	
Position 5077:	T=0	G=1	-=0	A=0	C=0	
Position 5078:	T=1	G=0	-=0	A=0	C=0	
Position 5079:	T=0	G=0	-=0	A=0	C=1	
Position 5080:	T=0	G=0	-=0	A=0	C=1	
Position 5081:	T=1	G=0	-=0	A=0	C=0	
Position 5082:	T=0	G=0	-=0	A=1	C=0	
Position 5083:	T=0	G=1	-=0	A=0	C=0	
Position 5084:	T=0	G=0	-=0	A=0	C=1	
Position 5085:	T=0	G=0	-=0	A=0	C=1	
Position 5086:	T=1	G=0	-=0	A=0	C=0	
Position 5087:	T=5	G=0	-=0	A=0	C=0	
Position 5088:	T=0	G=0	-=0	A=0	C=5	
Position 5089:	T=0	G=0	-=0	A=0	C=4	
Position 5090:	T=0	G=0	-=0	A=0	C=4	
Position 5091:	T=0	G=0	-=0	A=4	C=0	
Position 5092:	T=4	G=0	-=0	A=0	C=0	
Position 5093:	T=4	G=0	-=0	A=0	C=0	
Position 5094:	T=0	G=0	-=0	A=3	C=0	
Position 5095:	T=0	G=3	-=0	A=0	C=0	
Position 5096:	T=0	G=0	-=0	A=0	C=3	
Position 5097:	T=3	G=0	-=0	A=0	C=0	
Position 5098:	T=0	G=0	-=0	A=3	C=0	
Position 5099:	T=0	G=0	-=0	A=0	C=3	
Position 5100:	T=2	G=0	-=0	A=0	C=0	
Position 5101:	T=0	G=0	-=0	A=2	C=0	
Position 5102:	T=0	G=0	-=0	A=2	C=0	
Position 5103:	T=0	G=0	-=0	A=0	C=1	
Position 5104:	T=0	G=0	-=0	A=3	C=0	
Position 5105:	T=0	G=0	-=0	A=3	C=0	
Position 5106:	T=0	G=3	-=0	A=0	C=0	
Position 5107:	T=0	G=0	-=0	A=3	C=0	
Position 5108:	T=3	G=0	-=0	A=0	C=0	
Position 5109:	T=3	G=0	-=0	A=0	C=0	
Position 5110:	T=0	G=0	-=0	A=2	C=0	
Position 5111:	T=0	G=0	-=0	A=0	C=2	
Position 5112:	T=0	G=0	-=0	A=2	C=0	
Position 5113:	T=0	G=0	-=0	A=0	C=2	
Position 5114:	T=0	G=0	-=0	A=2	C=0	
Position 5115:	T=2	G=0	-=0	A=0	C=0	
Position 5116:	T=0	G=2	-=0	A=0	C=0	
Position 5117:	T=2	G=0	-=0	A=0	C=0	
Position 5118:	T=2	G=0	-=0	A=0	C=0	
Position 5119:	T=0	G=0	-=0	A=2	C=0	
Position 5120:	T=0	G=2	-=0	A=0	C=0	
Position 5121:	T=2	G=0	-=0	A=0	C=0	
Position 5122:	T=0	G=0	-=0	A=0	C=2	
Position 5123:	T=2	G=0	-=0	A=0	C=0	
Position 5124:	T=0	G=0	-=0	A=0	C=2	
Position 5125:	T=0	G=0	-=0	A=0	C=2	
Position 5126:	T=0	G=2	-=0	A=0	C=0	
Position 5127:	T=0	G=0	-=0	A=0	C=2	
Position 5128:	T=0	G=2	-=0	A=0	C=0	
Position 5129:	T=0	G=0	-=0	A=0	C=2	
Position 5130:	T=2	G=0	-=0	A=0	C=0	
Position 5131:	T=0	G=0	-=0	A=0	C=2	
Position 5132:	T=0	G=0	-=0	A=0	C=4	
Position 5133:	T=0	G=0	-=0	A=4	C=0	
Position 5134:	T=0	G=2	-=0	A=0	C=0	
Position 5135:	T=2	G=0	-=0	A=0	C=0	
Position 5136:	T=0	G=1	-=0	A=0	C=0	
Position 5137:	T=0	G=0	-=0	A=1	C=0	
Position 5138:	T=0	G=0	-=0	A=1	C=0	
Position 5139:	T=0	G=0	-=0	A=20	C=0	
Position 5140:	T=0	G=0	-=0	A=20	C=0	
Position 5141:	T=20	G=0	-=0	A=0	C=0	
Position 5142:	T=0	G=21	-=0	A=0	C=0	
Position 5143:	T=3	G=0	-=0	A=0	C=18	
Position 5144:	T=1	G=0	-=0	A=0	C=20	
Position 5145:	T=1	G=0	-=0	A=0	C=20	
Position 5146:	T=21	G=0	-=0	A=0	C=0	
Position 5147:	T=21	G=0	-=0	A=0	C=0	
Position 5148:	T=21	G=0	-=0	A=0	C=0	
Position 5149:	T=0	G=21	-=0	A=0	C=0	
Position 5150:	T=0	G=20	-=0	A=0	C=0	
Position 5151:	T=0	G=0	-=0	A=20	C=0	
Position 5152:	T=0	G=0	-=0	A=0	C=20	
Position 5153:	T=0	G=0	-=0	A=0	C=20	
Position 5154:	T=20	G=0	-=0	A=0	C=0	
Position 5155:	T=20	G=0	-=0	A=0	C=0	
Position 5156:	T=0	G=0	-=0	A=20	C=0	
Position 5157:	T=0	G=0	-=0	A=20	C=0	
Position 5158:	T=0	G=0	-=0	A=20	C=0	
Position 5159:	T=0	G=19	-=0	A=0	C=0	
Position 5160:	T=0	G=0	-=0	A=0	C=19	
Position 5161:	T=0	G=18	-=0	A=0	C=0	
Position 5162:	T=0	G=0	-=0	A=18	C=0	
Position 5163:	T=18	G=0	-=0	A=0	C=0	
Position 5164:	T=0	G=0	-=0	A=0	C=18	
Position 5165:	T=18	G=0	-=0	A=0	C=0	
Position 5166:	T=0	G=16	-=0	A=2	C=0	
Position 5167:	T=0	G=0	-=0	A=16	C=0	
Position 5168:	T=0	G=0	-=0	A=15	C=0	
Position 5169:	T=0	G=11	-=0	A=1	C=0	
Position 5170:	T=0	G=9	-=0	A=2	C=0	
Position 5171:	T=0	G=0	-=0	A=10	C=0	
Position 5172:	T=0	G=6	-=0	A=2	C=0	
Position 5173:	T=0	G=0	-=0	A=0	C=7	
Position 5174:	T=0	G=5	-=0	A=0	C=0	
Position 5175:	T=0	G=5	-=0	A=2	C=0	
Position 5176:	T=0	G=3	-=0	A=1	C=0	
Position 5177:	T=0	G=0	-=0	A=0	C=4	
Position 5178:	T=0	G=0	-=0	A=4	C=0	
Position 5179:	T=3	G=0	-=0	A=0	C=0	
Position 5180:	T=0	G=0	-=0	A=0	C=2	
Position 5181:	T=0	G=0	-=0	A=2	C=0	
Position 5182:	T=0	G=0	-=0	A=5	C=0	
Position 5183:	T=0	G=5	-=0	A=0	C=1	
Position 5184:	T=0	G=0	-=0	A=0	C=5	
Position 5185:	T=0	G=0	-=0	A=4	C=0	
Position 5186:	T=0	G=0	-=0	A=0	C=4	
Position 5187:	T=0	G=0	-=0	A=4	C=0	
Position 5188:	T=0	G=0	-=0	A=0	C=4	
Position 5189:	T=0	G=0	-=0	A=0	C=4	
Position 5190:	T=4	G=0	-=0	A=0	C=0	
Position 5191:	T=0	G=0	-=0	A=0	C=4	
Position 5192:	T=3	G=0	-=0	A=0	C=0	
Position 5193:	T=0	G=0	-=0	A=0	C=3	
Position 5194:	T=0	G=0	-=0	A=0	C=3	
Position 5195:	T=0	G=0	-=0	A=0	C=3	
Position 5196:	T=0	G=0	-=0	A=0	C=3	
Position 5197:	T=0	G=2	-=0	A=1	C=0	
Position 5198:	A=1	N=0	C=0	-=0	G=24	T=0	
Position 5199:	T=1	G=0	-=0	A=0	C=0	
Position 5200:	T=0	G=0	-=0	A=1	C=0	
Position 5201:	T=0	G=1	-=0	A=0	C=0	
Position 5202:	T=0	G=0	-=0	A=0	C=1	
Position 5203:	T=1	G=0	-=0	A=0	C=0	
Position 5204:	T=1	G=0	-=0	A=0	C=0	
Position 5205:	T=0	G=0	-=0	A=1	C=0	
Position 5206:	T=1	G=0	-=0	A=0	C=0	
Position 5207:	T=0	G=0	-=0	A=1	C=0	
Position 5208:	T=0	G=0	-=0	A=1	C=0	
Position 5209:	T=0	G=0	-=0	A=0	C=1	
Position 5210:	T=0	G=1	-=0	A=0	C=0	
Position 5211:	T=0	G=0	-=0	A=0	C=1	
Position 5212:	T=0	G=0	-=0	A=0	C=1	
Position 5213:	T=1	G=0	-=0	A=0	C=0	
Position 5214:	T=1	G=0	-=0	A=0	C=0	
Position 5215:	T=0	G=1	-=0	A=0	C=0	
Position 5216:	T=0	G=0	-=0	A=0	C=1	
Position 5217:	T=1	G=0	-=0	A=0	C=0	
Position 5218:	T=1	G=0	-=0	A=0	C=0	
Position 5219:	T=0	G=0	-=0	A=1	C=0	
Position 5220:	T=0	G=1	-=0	A=0	C=0	
Position 5221:	T=0	G=0	-=0	A=0	C=1	
Position 5222:	T=0	G=0	-=0	A=0	C=1	
Position 5223:	T=0	G=0	-=0	A=1	C=0	
Position 5224:	T=0	G=0	-=0	A=0	C=1	
Position 5225:	T=0	G=1	-=0	A=0	C=0	
Position 5226:	A=0	N=0	C=1	-=0	G=0	T=0	
Position 5227:	T=0	G=0	-=0	A=0	C=1	
Position 5228:	A=0	N=0	C=1	-=0	G=0	T=0	
Position 5229:	A=0	N=0	C=1	-=0	G=0	T=0	
Position 5230:	A=0	N=0	C=1	-=0	G=0	T=0	
Position 5231:	T=0	G=0	-=0	A=1	C=0	
Position 5232:	T=0	G=0	-=0	A=0	C=1	
Position 5233:	T=0	G=10	-=0	A=2	C=0	
Position 5234:	T=0	G=10	-=0	A=1	C=0	
Position 5235:	T=0	G=9	-=0	A=0	C=0	
Position 5236:	T=0	G=0	-=0	A=8	C=0	
Position 5237:	T=8	G=0	-=0	A=0	C=0	
Position 5238:	T=0	G=0	-=0	A=8	C=0	
Position 5239:	T=0	G=0	-=0	A=0	C=6	
Position 5240:	T=0	G=0	-=0	A=6	C=0	
Position 5241:	T=0	G=5	-=0	A=1	C=0	
Position 5242:	T=0	G=0	-=0	A=0	C=5	
Position 5243:	T=0	G=0	-=0	A=5	C=0	
Position 5244:	T=0	G=4	-=0	A=0	C=0	
Position 5245:	T=4	G=0	-=0	A=0	C=0	
Position 5246:	T=0	G=3	-=0	A=1	C=0	
Position 5247:	T=0	G=0	-=0	A=4	C=0	
Position 5248:	T=4	G=0	-=0	A=0	C=0	
Position 5249:	T=0	G=0	-=0	A=4	C=0	
Position 5250:	T=0	G=0	-=0	A=3	C=0	
Position 5251:	T=0	G=0	-=0	A=2	C=0	
Position 5252:	T=0	G=0	-=0	A=2	C=0	
Position 5253:	T=0	G=0	-=0	A=2	C=0	
Position 5254:	T=2	G=0	-=0	A=0	C=0	
Position 5255:	T=2	G=0	-=0	A=0	C=0	
Position 5256:	T=0	G=0	-=0	A=1	C=0	
Position 5257:	T=0	G=0	-=0	A=3	C=0	
Position 5258:	T=0	G=3	-=0	A=0	C=0	
Position 5259:	T=0	G=0	-=0	A=0	C=2	
Position 5260:	T=0	G=0	-=0	A=0	C=2	
Position 5261:	T=0	G=0	-=0	A=2	C=0	
Position 5262:	T=2	G=0	-=0	A=0	C=0	
Position 5263:	T=0	G=2	-=0	A=0	C=0	
Position 5264:	T=0	G=0	-=0	A=2	C=0	
Position 5265:	T=0	G=0	-=0	A=2	C=0	
Position 5266:	T=0	G=0	-=0	A=0	C=2	
Position 5267:	T=0	G=2	-=0	A=0	C=0	
Position 5268:	T=0	G=0	-=0	A=2	C=0	
Position 5269:	T=0	G=0	-=0	A=2	C=0	
Position 5270:	T=0	G=0	-=0	A=2	C=0	
Position 5271:	T=0	G=2	-=0	A=0	C=0	
Position 5272:	T=2	G=0	-=0	A=0	C=0	
Position 5273:	T=2	G=0	-=0	A=0	C=0	
Position 5274:	T=0	G=0	-=0	A=0	C=2	
Position 5275:	T=0	G=2	-=0	A=0	C=0	
Position 5276:	T=0	G=0	-=0	A=2	C=0	
Position 5277:	T=0	G=0	-=0	A=0	C=2	
Position 5278:	T=2	G=0	-=0	A=0	C=0	
Position 5279:	T=0	G=0	-=0	A=2	C=0	
Position 5280:	T=0	G=0	-=0	A=2	C=0	
Position 5281:	T=0	G=1	-=0	A=0	C=0	
Position 5282:	T=0	G=0	-=0	A=0	C=1	
Position 5283:	T=1	G=0	-=0	A=0	C=0	
Position 5284:	T=0	G=0	-=0	A=1	C=0	
Position 5285:	T=1	G=0	-=0	A=0	C=0	
Position 5286:	T=0	G=1	-=0	A=0	C=0	
Position 5287:	T=1	G=0	-=0	A=0	C=0	
Position 5288:	T=1	G=0	-=0	A=0	C=0	
Position 5289:	T=0	G=1	-=0	A=0	C=0	
Position 5290:	T=0	G=0	-=0	A=1	C=0	
Position 5291:	T=1	G=0	-=0	A=0	C=0	
Position 5292:	T=1	G=0	-=0	A=0	C=0	
Position 5293:	T=0	G=0	-=0	A=1	C=0	
Position 5294:	T=0	G=0	-=0	A=1	C=0	
Position 5295:	T=0	G=1	-=0	A=0	C=0	
Position 5296:	T=0	G=2	-=0	A=1	C=0	
Position 5297:	T=0	G=1	-=0	A=0	C=0	
Position 5298:	T=1	G=0	-=0	A=0	C=0	
Position 5299:	T=1	G=0	-=0	A=0	C=0	
Position 5300:	T=0	G=2	-=0	A=1	C=0	
Position 5301:	T=0	G=1	-=0	A=0	C=0	
Position 5302:	T=1	G=0	-=0	A=0	C=0	
Position 5303:	T=1	G=0	-=0	A=0	C=0	
Position 5304:	T=0	G=0	-=0	A=1	C=0	
Position 5305:	T=0	G=0	-=0	A=1	C=0	
Position 5306:	T=1	G=0	-=0	A=0	C=0	
Position 5307:	T=1	G=0	-=0	A=0	C=0	
Position 5308:	T=1	G=0	-=0	A=0	C=0	
Position 5309:	T=0	G=0	-=0	A=0	C=1	
Position 5310:	T=0	G=1	-=0	A=0	C=0	
Position 5311:	T=1	G=0	-=0	A=0	C=0	
Position 5312:	T=0	G=1	-=0	A=0	C=0	
Position 5313:	T=0	G=0	-=0	A=0	C=1	
Position 5314:	T=0	G=0	-=0	A=0	C=1	
Position 5315:	T=0	G=0	-=0	A=1	C=0	
Position 5316:	T=0	G=1	-=0	A=0	C=0	
Position 5317:	T=0	G=0	-=0	A=0	C=1	
Position 5318:	T=0	G=0	-=0	A=0	C=1	
Position 5319:	T=0	G=0	-=0	A=1	C=0	
Position 5320:	T=0	G=0	-=0	A=0	C=1	
Position 5321:	T=0	G=0	-=0	A=0	C=1	
Position 5322:	T=0	G=1	-=0	A=0	C=0	
Position 5323:	T=0	G=0	-=0	A=0	C=1	
Position 5324:	T=0	G=1	-=0	A=0	C=0	
Position 5325:	T=0	G=1	-=0	A=0	C=0	
Position 5326:	T=1	G=0	-=0	A=0	C=0	
Position 5327:	T=1	G=0	-=0	A=0	C=0	
Position 5328:	T=0	G=0	-=0	A=47	C=0	
Position 5329:	T=48	G=0	-=0	A=0	C=0	
Position 5330:	T=0	G=0	-=0	A=48	C=0	
Position 5331:	T=0	G=0	-=0	A=0	C=46	
Position 5332:	T=0	G=45	-=0	A=1	C=0	
Position 5333:	T=0	G=0	-=0	A=45	C=0	
Position 5334:	T=45	G=0	-=0	A=0	C=0	
Position 5335:	T=45	G=0	-=0	A=0	C=0	
Position 5336:	T=0	G=45	-=0	A=0	C=0	
Position 5337:	T=0	G=0	-=0	A=45	C=0	
Position 5338:	T=0	G=0	-=0	A=0	C=44	
Position 5339:	T=0	G=0	-=0	A=0	C=44	
Position 5340:	T=1	G=0	-=0	A=0	C=43	
Position 5341:	T=0	G=44	-=0	A=0	C=0	
Position 5342:	T=0	G=0	-=0	A=43	C=0	
Position 5343:	T=0	G=41	-=0	A=1	C=0	
Position 5344:	T=42	G=0	-=0	A=0	C=0	
Position 5345:	T=40	G=0	-=0	A=0	C=0	
Position 5346:	T=0	G=0	-=0	A=38	C=0	
Position 5347:	T=0	G=0	-=0	A=36	C=0	
Position 5348:	T=36	G=0	-=0	A=0	C=0	
Position 5349:	T=0	G=0	-=0	A=35	C=0	
Position 5350:	T=0	G=29	-=0	A=4	C=0	
Position 5351:	T=0	G=29	-=0	A=0	C=0	
Position 5352:	T=0	G=0	-=0	A=0	C=27	
Position 5353:	T=0	G=0	-=0	A=0	C=27	
Position 5354:	T=0	G=0	-=0	A=0	C=27	
Position 5355:	T=0	G=0	-=0	A=26	C=0	
Position 5356:	T=0	G=0	-=0	A=0	C=26	
Position 5357:	T=0	G=26	-=0	A=0	C=0	
Position 5358:	T=0	G=26	-=0	A=0	C=0	
Position 5359:	T=0	G=0	-=0	A=0	C=26	
Position 5360:	T=0	G=22	-=0	A=4	C=0	
Position 5361:	T=25	G=0	-=0	A=0	C=0	
Position 5362:	T=0	G=0	-=0	A=22	C=0	
Position 5363:	T=0	G=0	-=0	A=18	C=0	
Position 5364:	T=0	G=0	-=0	A=18	C=0	
Position 5365:	T=0	G=16	-=0	A=0	C=0	
Position 5366:	T=0	G=0	-=0	A=0	C=15	
Position 5367:	T=0	G=13	-=0	A=2	C=0	
Position 5368:	T=15	G=0	-=0	A=0	C=0	
Position 5369:	T=0	G=11	-=0	A=1	C=0	
Position 5370:	T=11	G=0	-=0	A=0	C=0	
Position 5371:	T=0	G=8	-=0	A=1	C=0	
Position 5372:	T=0	G=0	-=0	A=8	C=0	
Position 5373:	T=0	G=0	-=0	A=8	C=0	
Position 5374:	T=0	G=0	-=0	A=8	C=0	
Position 5375:	T=0	G=8	-=0	A=0	C=0	
Position 5376:	T=0	G=0	-=0	A=7	C=0	
Position 5377:	T=0	G=6	-=0	A=1	C=0	
Position 5378:	T=0	G=0	-=0	A=6	C=0	
Position 5379:	T=0	G=0	-=0	A=5	C=0	
Position 5380:	T=0	G=0	-=0	A=5	C=0	
Position 5381:	T=4	G=0	-=0	A=0	C=0	
Position 5382:	T=3	G=0	-=0	A=0	C=0	
Position 5383:	T=0	G=0	-=0	A=0	C=3	
Position 5384:	T=2	G=0	-=0	A=0	C=0	
Position 5385:	T=0	G=0	-=0	A=0	C=2	
Position 5386:	T=0	G=0	-=0	A=0	C=1	
Position 5387:	T=0	G=0	-=0	A=0	C=1	
Position 5388:	T=1	G=0	-=0	A=0	C=0	
Position 5389:	T=0	G=0	-=0	A=1	C=0	
Position 5390:	T=0	G=0	-=0	A=0	C=1	
Position 5391:	T=3	G=0	-=0	A=0	C=0	
Position 5392:	T=0	G=0	-=0	A=3	C=0	
Position 5393:	T=0	G=0	-=0	A=3	C=0	
Position 5394:	T=0	G=0	-=0	A=3	C=0	
Position 5395:	T=0	G=3	-=0	A=0	C=0	
Position 5396:	T=3	G=0	-=0	A=0	C=0	
Position 5397:	T=3	G=0	-=0	A=0	C=0	
Position 5398:	T=0	G=0	-=0	A=3	C=0	
Position 5399:	T=0	G=0	-=0	A=3	C=0	
Position 5400:	T=0	G=0	-=0	A=3	C=0	
Position 5401:	T=0	G=3	-=0	A=0	C=0	
Position 5402:	T=3	G=0	-=0	A=0	C=0	
Position 5403:	T=3	G=0	-=0	A=0	C=0	
Position 5404:	T=3	G=0	-=0	A=0	C=0	
Position 5405:	T=0	G=0	-=0	A=2	C=0	
Position 5406:	T=0	G=0	-=0	A=2	C=0	
Position 5407:	T=2	G=0	-=0	A=0	C=0	
Position 5408:	T=0	G=0	-=0	A=0	C=2	
Position 5409:	T=0	G=0	-=0	A=0	C=2	
Position 5410:	T=0	G=0	-=0	A=2	C=0	
Position 5411:	A=2	N=0	C=0	-=0	G=19	T=0	
Position 5412:	T=0	G=0	-=0	A=0	C=2	
Position 5413:	T=1	G=0	-=0	A=0	C=0	
Position 5414:	T=0	G=1	-=0	A=0	C=0	
Position 5415:	T=1	G=0	-=0	A=0	C=0	
Position 5416:	T=0	G=0	-=0	A=1	C=0	
Position 5417:	T=0	G=0	-=0	A=1	C=0	
Position 5418:	T=0	G=0	-=0	A=1	C=0	
Position 5419:	T=0	G=0	-=0	A=1	C=0	
Position 5420:	T=0	G=0	-=0	A=1	C=0	
Position 5421:	T=0	G=1	-=0	A=0	C=0	
Position 5422:	T=0	G=0	-=0	A=0	C=1	
Position 5423:	T=1	G=0	-=0	A=0	C=0	
Position 5424:	T=0	G=0	-=0	A=1	C=0	
Position 5425:	T=12	G=0	-=0	A=0	C=0	
Position 5426:	T=0	G=0	-=0	A=0	C=12	
Position 5427:	T=0	G=0	-=0	A=12	C=0	
Position 5428:	T=0	G=10	-=0	A=1	C=0	
Position 5429:	T=11	G=0	-=0	A=0	C=0	
Position 5430:	T=0	G=0	-=0	A=10	C=0	
Position 5431:	T=0	G=0	-=0	A=7	C=0	
Position 5432:	T=0	G=0	-=0	A=0	C=7	
Position 5433:	T=0	G=0	-=0	A=7	C=0	
Position 5434:	T=0	G=0	-=0	A=0	C=7	
Position 5435:	T=7	G=0	-=0	A=0	C=0	
Position 5436:	T=0	G=0	-=0	A=5	C=0	
Position 5437:	T=0	G=0	-=0	A=4	C=0	
Position 5438:	T=0	G=0	-=0	A=4	C=0	
Position 5439:	T=0	G=0	-=0	A=4	C=0	
Position 5440:	T=4	G=0	-=0	A=0	C=0	
Position 5441:	T=0	G=0	-=0	A=4	C=0	
Position 5442:	T=0	G=0	-=0	A=4	C=0	
Position 5443:	T=0	G=2	-=0	A=1	C=0	
Position 5444:	T=0	G=0	-=0	A=0	C=3	
Position 5445:	T=2	G=0	-=0	A=0	C=0	
Position 5446:	T=0	G=0	-=0	A=2	C=0	
Position 5447:	T=0	G=0	-=0	A=0	C=2	
Position 5448:	T=0	G=2	-=0	A=0	C=0	
Position 5449:	T=0	G=0	-=0	A=1	C=0	
Position 5450:	T=0	G=0	-=0	A=1	C=0	
Position 5451:	T=0	G=0	-=0	A=1	C=0	
Position 5452:	T=0	G=1	-=0	A=0	C=0	
Position 5453:	T=1	G=0	-=0	A=0	C=0	
Position 5454:	T=0	G=1	-=0	A=0	C=0	
Position 5455:	T=0	G=0	-=0	A=1	C=0	
Position 5456:	T=0	G=0	-=0	A=0	C=1	
Position 5457:	T=1	G=0	-=0	A=0	C=0	
Position 5458:	T=1	G=0	-=0	A=0	C=0	
Position 5459:	T=1	G=0	-=0	A=0	C=0	
Position 5460:	T=0	G=0	-=0	A=1	C=0	
Position 5461:	T=0	G=0	-=0	A=1	C=0	
Position 5462:	T=1	G=0	-=0	A=0	C=0	
Position 5463:	T=0	G=4	-=0	A=0	C=0	
Position 5464:	T=0	G=0	-=0	A=0	C=4	
Position 5465:	T=4	G=0	-=0	A=0	C=0	
Position 5466:	T=0	G=0	-=0	A=0	C=2	
Position 5467:	T=2	G=0	-=0	A=0	C=0	
Position 5468:	T=0	G=0	-=0	A=0	C=2	
Position 5469:	T=0	G=0	-=0	A=2	C=0	
Position 5470:	T=0	G=0	-=0	A=2	C=0	
Position 5471:	T=0	G=0	-=0	A=0	C=2	
Position 5472:	T=0	G=0	-=0	A=0	C=2	
Position 5473:	T=0	G=0	-=0	A=2	C=0	
Position 5474:	T=0	G=0	-=0	A=0	C=2	
Position 5475:	T=0	G=0	-=0	A=2	C=0	
Position 5476:	T=0	G=0	-=0	A=0	C=2	
Position 5477:	T=0	G=2	-=0	A=0	C=0	
Position 5478:	T=0	G=0	-=0	A=2	C=0	
Position 5479:	T=2	G=0	-=0	A=0	C=0	
Position 5480:	T=0	G=0	-=0	A=2	C=0	
Position 5481:	T=0	G=2	-=0	A=0	C=0	
Position 5482:	T=0	G=0	-=0	A=0	C=2	
Position 5483:	T=1	G=0	-=0	A=0	C=0	
Position 5484:	T=0	G=0	-=0	A=42	C=0	
Position 5485:	T=0	G=0	-=0	A=42	C=0	
Position 5486:	T=0	G=41	-=0	A=1	C=0	
Position 5487:	T=0	G=0	-=0	A=41	C=0	
Position 5488:	T=41	G=0	-=0	A=0	C=0	
Position 5489:	T=0	G=0	-=0	A=0	C=40	
Position 5490:	A=0	N=0	C=38	-=0	G=0	T=0	
Position 5491:	T=0	G=0	-=0	A=38	C=0	
Position 5492:	T=0	G=0	-=0	A=35	C=0	
Position 5493:	T=0	G=0	-=0	A=33	C=0	
Position 5494:	T=0	G=0	-=0	A=0	C=32	
Position 5495:	T=32	G=0	-=0	A=0	C=0	
Position 5496:	T=0	G=29	-=0	A=2	C=0	
Position 5497:	T=0	G=29	-=0	A=1	C=0	
Position 5498:	T=0	G=28	-=0	A=1	C=0	
Position 5499:	T=0	G=0	-=0	A=29	C=0	
Position 5500:	T=29	G=0	-=0	A=0	C=0	
Position 5501:	T=28	G=0	-=0	A=0	C=0	
Position 5502:	T=0	G=0	-=0	A=25	C=0	
Position 5503:	T=0	G=22	-=0	A=1	C=0	
Position 5504:	T=0	G=0	-=0	A=23	C=0	
Position 5505:	T=23	G=0	-=0	A=0	C=0	
Position 5506:	T=0	G=0	-=0	A=19	C=0	
Position 5507:	T=0	G=0	-=0	A=0	C=18	
Position 5508:	T=0	G=0	-=0	A=0	C=17	
Position 5509:	T=0	G=0	-=0	A=0	C=17	
Position 5510:	T=0	G=0	-=0	A=0	C=17	
Position 5511:	T=0	G=0	-=0	A=16	C=0	
Position 5512:	T=0	G=0	-=0	A=0	C=13	
Position 5513:	T=10	G=0	-=0	A=0	C=0	
Position 5514:	T=0	G=0	-=0	A=10	C=0	
Position 5515:	T=9	G=0	-=0	A=0	C=0	
Position 5516:	T=0	G=8	-=0	A=0	C=0	
Position 5517:	T=0	G=0	-=0	A=0	C=6	
Position 5518:	T=6	G=0	-=0	A=0	C=0	
Position 5519:	T=5	G=0	-=0	A=0	C=0	
Position 5520:	T=0	G=0	-=0	A=5	C=0	
Position 5521:	T=0	G=5	-=0	A=0	C=0	
Position 5522:	T=0	G=0	-=0	A=0	C=5	
Position 5523:	T=0	G=0	-=0	A=0	C=5	
Position 5524:	T=4	G=0	-=0	A=0	C=0	
Position 5525:	T=4	G=0	-=0	A=0	C=0	
Position 5526:	T=0	G=0	-=0	A=4	C=0	
Position 5527:	T=0	G=0	-=0	A=4	C=0	
Position 5528:	T=0	G=0	-=0	A=4	C=0	
Position 5529:	T=0	G=0	-=0	A=0	C=3	
Position 5530:	T=0	G=0	-=0	A=3	C=0	
Position 5531:	T=3	G=0	-=0	A=0	C=0	
Position 5532:	T=0	G=0	-=0	A=3	C=0	
Position 5533:	T=0	G=0	-=0	A=3	C=0	
Position 5534:	T=0	G=0	-=0	A=3	C=0	
Position 5535:	T=3	G=0	-=0	A=0	C=0	
Position 5536:	T=0	G=0	-=0	A=3	C=0	
Position 5537:	T=0	G=0	-=0	A=2	C=0	
Position 5538:	T=1	G=0	-=0	A=0	C=0	
Position 5539:	T=1	G=0	-=0	A=0	C=0	
Position 5540:	T=0	G=0	-=0	A=0	C=30	
Position 5541:	T=0	G=0	-=0	A=30	C=0	
Position 5542:	T=30	G=0	-=0	A=0	C=0	
Position 5543:	T=27	G=0	-=0	A=0	C=0	
Position 5544:	T=0	G=0	-=0	A=27	C=0	
Position 5545:	T=0	G=0	-=0	A=26	C=0	
Position 5546:	T=0	G=0	-=0	A=26	C=0	
Position 5547:	T=0	G=0	-=0	A=0	C=25	
Position 5548:	T=0	G=0	-=0	A=25	C=0	
Position 5549:	T=0	G=0	-=0	A=23	C=0	
Position 5550:	T=0	G=0	-=0	A=22	C=0	
Position 5551:	T=0	G=0	-=0	A=20	C=0	
Position 5552:	T=19	G=0	-=0	A=0	C=0	
Position 5553:	T=19	G=0	-=0	A=0	C=0	
Position 5554:	T=0	G=0	-=0	A=16	C=0	
Position 5555:	T=16	G=0	-=0	A=0	C=0	
Position 5556:	T=14	G=0	-=0	A=0	C=0	
Position 5557:	T=0	G=0	-=0	A=0	C=12	
Position 5558:	T=0	G=8	-=0	A=3	C=0	
Position 5559:	T=0	G=0	-=0	A=0	C=9	
Position 5560:	T=0	G=0	-=0	A=0	C=6	
Position 5561:	T=0	G=0	-=0	A=5	C=0	
Position 5562:	A=2	N=0	C=0	-=0	G=18	T=0	
Position 5563:	T=0	G=0	-=0	A=4	C=0	
Position 5564:	A=2	N=0	C=0	-=0	G=18	T=0	
Position 5565:	T=0	G=0	-=0	A=4	C=0	
Position 5566:	T=0	G=0	-=0	A=3	C=0	
Position 5567:	T=0	G=0	-=0	A=0	C=3	
Position 5568:	T=3	G=0	-=0	A=0	C=0	
Position 5569:	T=0	G=0	-=0	A=2	C=0	
Position 5570:	T=0	G=0	-=0	A=0	C=1	
Position 5571:	T=1	G=0	-=0	A=0	C=0	
Position 5572:	T=0	G=0	-=0	A=16	C=0	
Position 5573:	T=0	G=15	-=0	A=0	C=0	
Position 5574:	T=0	G=0	-=0	A=0	C=13	
Position 5575:	T=0	G=0	-=0	A=12	C=0	
Position 5576:	T=0	G=0	-=0	A=12	C=0	
Position 5577:	T=0	G=0	-=0	A=0	C=12	
Position 5578:	T=0	G=0	-=0	A=12	C=0	
Position 5579:	T=0	G=11	-=0	A=1	C=0	
Position 5580:	T=0	G=0	-=0	A=0	C=12	
Position 5581:	T=12	G=0	-=0	A=0	C=0	
Position 5582:	T=11	G=0	-=0	A=0	C=0	
Position 5583:	T=0	G=0	-=0	A=9	C=0	
Position 5584:	T=0	G=0	-=0	A=9	C=0	
Position 5585:	T=0	G=0	-=0	A=8	C=0	
Position 5586:	T=0	G=0	-=0	A=8	C=0	
Position 5587:	T=0	G=0	-=0	A=0	C=8	
Position 5588:	T=8	G=0	-=0	A=0	C=0	
Position 5589:	T=0	G=0	-=0	A=0	C=8	
Position 5590:	T=0	G=0	-=0	A=7	C=0	
Position 5591:	T=0	G=0	-=0	A=7	C=0	
Position 5592:	T=0	G=0	-=0	A=6	C=0	
Position 5593:	A=2	N=0	C=0	-=0	G=8	T=0	
Position 5594:	T=0	G=4	-=0	A=0	C=0	
Position 5595:	T=0	G=0	-=0	A=3	C=0	
Position 5596:	T=0	G=0	-=0	A=0	C=2	
Position 5597:	T=2	G=0	-=0	A=0	C=0	
Position 5598:	T=2	G=0	-=0	A=0	C=0	
Position 5599:	T=0	G=2	-=0	A=0	C=0	
Position 5600:	A=2	N=0	C=0	-=0	G=9	T=0	
Position 5601:	T=0	G=0	-=0	A=0	C=1	
Position 5602:	T=0	G=1	-=0	A=0	C=0	
Position 5603:	T=0	G=1	-=0	A=0	C=0	
Position 5604:	T=1	G=0	-=0	A=0	C=0	
Position 5605:	T=0	G=1	-=0	A=0	C=0	
Position 5606:	T=0	G=0	-=0	A=0	C=1	
Position 5607:	T=1	G=0	-=0	A=0	C=0	
Position 5608:	T=1	G=0	-=0	A=0	C=0	
Position 5609:	T=1	G=0	-=0	A=0	C=0	
Position 5610:	T=0	G=0	-=0	A=1	C=0	
Position 5611:	T=0	G=0	-=0	A=1	C=0	
Position 5612:	T=0	G=0	-=0	A=1	C=0	
Position 5613:	T=0	G=0	-=0	A=0	C=1	
Position 5614:	T=0	G=0	-=0	A=0	C=1	
Position 5615:	T=0	G=0	-=0	A=0	C=1	
Position 5616:	T=1	G=0	-=0	A=0	C=0	
Position 5617:	T=0	G=0	-=0	A=0	C=1	
Position 5618:	T=0	G=0	-=0	A=0	C=1	
Position 5619:	T=1	G=0	-=0	A=0	C=0	
Position 5620:	T=0	G=0	-=0	A=1	C=0	
Position 5621:	T=0	G=1	-=0	A=0	C=0	
Position 5622:	T=0	G=0	-=0	A=1	C=0	
Position 5623:	T=0	G=1	-=0	A=0	C=0	
Position 5624:	T=0	G=1	-=0	A=0	C=0	
Position 5625:	T=0	G=0	-=0	A=1	C=0	
Position 5626:	T=0	G=1	-=0	A=0	C=0	
Position 5627:	T=0	G=0	-=0	A=0	C=1	
Position 5628:	T=0	G=0	-=0	A=0	C=1	
Position 5629:	T=1	G=0	-=0	A=0	C=0	
Position 5630:	T=0	G=1	-=0	A=0	C=0	
Position 5631:	T=1	G=0	-=0	A=0	C=0	
Position 5632:	T=1	G=0	-=0	A=0	C=0	
Position 5633:	T=0	G=0	-=0	A=0	C=1	
Position 5634:	T=1	G=0	-=0	A=0	C=0	
Position 5635:	T=0	G=1	-=0	A=0	C=0	
Position 5636:	T=1	G=0	-=0	A=0	C=0	
Position 5637:	T=0	G=0	-=0	A=1	C=0	
Position 5638:	T=0	G=0	-=0	A=1	C=0	
Position 5639:	T=1	G=0	-=0	A=0	C=0	
Position 5640:	T=3	G=0	-=0	A=0	C=29	
Position 5641:	T=0	G=33	-=0	A=0	C=0	
Position 5642:	T=0	G=0	-=0	A=32	C=0	
Position 5643:	T=34	G=0	-=0	A=0	C=0	
Position 5644:	T=0	G=0	-=0	A=35	C=0	
Position 5645:	T=0	G=0	-=0	A=37	C=0	
Position 5646:	T=0	G=0	-=0	A=39	C=0	
Position 5647:	T=0	G=0	-=0	A=0	C=40	
Position 5648:	T=1	G=0	-=0	A=0	C=38	
Position 5649:	T=2	G=0	-=0	A=0	C=37	
Position 5650:	T=1	G=0	-=0	A=0	C=38	
Position 5651:	T=0	G=38	-=0	A=1	C=0	
Position 5652:	T=0	G=0	-=0	A=40	C=0	
Position 5653:	T=40	G=0	-=0	A=0	C=0	
Position 5654:	T=0	G=0	-=0	A=38	C=0	
Position 5655:	T=0	G=36	-=0	A=0	C=0	
Position 5656:	T=0	G=0	-=0	A=37	C=0	
Position 5657:	T=2	G=0	-=0	A=0	C=36	
Position 5658:	T=0	G=0	-=0	A=0	C=37	
Position 5659:	T=35	G=0	-=0	A=0	C=0	
Position 5660:	T=2	G=0	-=0	A=0	C=33	
Position 5661:	T=0	G=0	-=0	A=34	C=0	
Position 5662:	T=1	G=0	-=0	A=0	C=33	
Position 5663:	T=0	G=0	-=0	A=0	C=35	
Position 5664:	T=0	G=0	-=0	A=35	C=0	
Position 5665:	T=0	G=0	-=0	A=0	C=35	
Position 5666:	T=1	G=0	-=0	A=0	C=35	
Position 5667:	T=33	G=0	-=0	A=0	C=0	
Position 5668:	T=0	G=0	-=0	A=0	C=33	
Position 5669:	T=33	G=0	-=0	A=0	C=0	
Position 5670:	T=33	G=0	-=0	A=0	C=0	
Position 5671:	T=0	G=31	-=0	A=3	C=0	
Position 5672:	T=0	G=0	-=0	A=0	C=34	
Position 5673:	T=35	G=0	-=0	A=0	C=0	
Position 5674:	T=0	G=0	-=0	A=34	C=0	
Position 5675:	T=0	G=0	-=0	A=32	C=0	
Position 5676:	T=29	G=0	-=0	A=0	C=0	
Position 5677:	T=25	G=0	-=0	A=0	C=0	
Position 5678:	T=0	G=0	-=0	A=0	C=24	
Position 5679:	T=0	G=0	-=0	A=23	C=0	
Position 5680:	T=0	G=22	-=0	A=1	C=0	
Position 5681:	T=23	G=0	-=0	A=0	C=0	
Position 5682:	T=0	G=0	-=0	A=0	C=23	
Position 5683:	T=22	G=0	-=0	A=0	C=0	
Position 5684:	T=0	G=0	-=0	A=22	C=0	
Position 5685:	T=21	G=0	-=0	A=0	C=0	
Position 5686:	T=0	G=0	-=0	A=20	C=0	
Position 5687:	T=20	G=0	-=0	A=0	C=0	
Position 5688:	T=0	G=0	-=0	A=19	C=0	
Position 5689:	T=0	G=0	-=0	A=0	C=16	
Position 5690:	T=0	G=0	-=0	A=0	C=16	
Position 5691:	T=0	G=15	-=0	A=0	C=0	
Position 5692:	T=0	G=0	-=0	A=0	C=15	
Position 5693:	T=0	G=0	-=0	A=0	C=13	
Position 5694:	T=0	G=0	-=0	A=12	C=0	
Position 5695:	T=12	G=0	-=0	A=0	C=0	
Position 5696:	T=0	G=0	-=0	A=0	C=12	
Position 5697:	T=11	G=0	-=0	A=0	C=0	
Position 5698:	T=10	G=0	-=0	A=0	C=0	
Position 5699:	T=0	G=0	-=0	A=0	C=10	
Position 5700:	T=0	G=0	-=0	A=9	C=0	
Position 5701:	T=0	G=5	-=0	A=2	C=0	
Position 5702:	T=0	G=0	-=0	A=0	C=5	
Position 5703:	T=0	G=0	-=0	A=5	C=0	
Position 5704:	T=0	G=0	-=0	A=4	C=0	
Position 5705:	T=0	G=0	-=0	A=3	C=0	
Position 5706:	T=0	G=0	-=0	A=0	C=3	
Position 5707:	T=0	G=0	-=0	A=0	C=2	
Position 5708:	T=0	G=0	-=0	A=0	C=1	
Position 5709:	T=19	G=0	-=0	A=0	C=0	
Position 5710:	T=16	G=0	-=0	A=0	C=0	
Position 5711:	T=0	G=0	-=0	A=16	C=0	
Position 5712:	T=0	G=0	-=0	A=16	C=0	
Position 5713:	T=0	G=0	-=0	A=14	C=0	
Position 5714:	T=0	G=0	-=0	A=14	C=0	
Position 5715:	T=0	G=13	-=0	A=0	C=0	
Position 5716:	T=0	G=12	-=0	A=1	C=0	
Position 5717:	T=0	G=0	-=0	A=11	C=0	
Position 5718:	T=0	G=0	-=0	A=11	C=0	
Position 5719:	T=0	G=0	-=0	A=0	C=11	
Position 5720:	T=0	G=0	-=0	A=9	C=0	
Position 5721:	T=0	G=0	-=0	A=9	C=0	
Position 5722:	T=0	G=7	-=0	A=2	C=0	
Position 5723:	T=0	G=0	-=0	A=7	C=0	
Position 5724:	T=0	G=6	-=0	A=0	C=0	
Position 5725:	T=5	G=0	-=0	A=0	C=0	
Position 5726:	T=0	G=0	-=0	A=5	C=0	
Position 5727:	T=0	G=0	-=0	A=5	C=0	
Position 5728:	T=0	G=4	-=0	A=1	C=0	
Position 5729:	T=0	G=0	-=0	A=0	C=5	
Position 5730:	T=0	G=0	-=0	A=5	C=0	
Position 5731:	T=0	G=0	-=0	A=0	C=4	
Position 5732:	T=0	G=0	-=0	A=4	C=0	
Position 5733:	T=0	G=0	-=0	A=3	C=0	
Position 5734:	T=3	G=0	-=0	A=0	C=0	
Position 5735:	T=0	G=0	-=0	A=0	C=3	
Position 5736:	T=0	G=0	-=0	A=3	C=0	
Position 5737:	T=3	G=0	-=0	A=0	C=0	
Position 5738:	T=0	G=0	-=0	A=0	C=3	
Position 5739:	T=26	G=0	-=0	A=0	C=0	
Position 5740:	T=25	G=0	-=0	A=0	C=0	
Position 5741:	T=0	G=19	-=0	A=5	C=0	
Position 5742:	T=0	G=0	-=0	A=0	C=22	
Position 5743:	T=0	G=0	-=0	A=21	C=0	
Position 5744:	T=19	G=0	-=0	A=0	C=0	
Position 5745:	T=0	G=0	-=0	A=18	C=0	
Position 5746:	T=0	G=0	-=0	A=17	C=0	
Position 5747:	T=0	G=0	-=0	A=16	C=0	
Position 5748:	T=0	G=0	-=0	A=15	C=0	
Position 5749:	T=0	G=0	-=0	A=12	C=0	
Position 5750:	T=0	G=0	-=0	A=10	C=0	
Position 5751:	T=0	G=9	-=0	A=0	C=0	
Position 5752:	T=8	G=0	-=0	A=0	C=0	
Position 5753:	T=8	G=0	-=0	A=0	C=0	
Position 5754:	T=0	G=0	-=0	A=6	C=0	
Position 5755:	T=0	G=6	-=0	A=0	C=0	
Position 5756:	T=0	G=6	-=0	A=0	C=0	
Position 5757:	T=6	G=0	-=0	A=0	C=0	
Position 5758:	T=0	G=0	-=0	A=0	C=6	
Position 5759:	T=0	G=0	-=0	A=6	C=0	
Position 5760:	T=0	G=0	-=0	A=5	C=0	
Position 5761:	T=0	G=4	-=0	A=1	C=0	
Position 5762:	T=0	G=3	-=0	A=1	C=0	
Position 5763:	T=3	G=0	-=0	A=0	C=0	
Position 5764:	T=0	G=2	-=0	A=1	C=0	
Position 5765:	T=3	G=0	-=0	A=0	C=0	
Position 5766:	T=0	G=0	-=0	A=3	C=0	
Position 5767:	T=0	G=0	-=0	A=2	C=0	
Position 5768:	T=0	G=0	-=0	A=0	C=2	
Position 5769:	T=0	G=0	-=0	A=0	C=2	
Position 5770:	T=0	G=0	-=0	A=0	C=2	
Position 5771:	T=0	G=0	-=0	A=2	C=0	
Position 5772:	T=2	G=0	-=0	A=0	C=0	
Position 5773:	T=0	G=2	-=0	A=0	C=0	
Position 5774:	T=0	G=2	-=0	A=0	C=0	
Position 5775:	T=0	G=0	-=0	A=2	C=0	
Position 5776:	A=1	N=0	C=0	-=0	G=3	T=0	
Position 5777:	T=2	G=0	-=0	A=0	C=0	
Position 5778:	T=0	G=2	-=0	A=0	C=0	
Position 5779:	T=0	G=2	-=0	A=0	C=0	
Position 5780:	A=1	N=0	C=0	-=0	G=2	T=0	
Position 5781:	T=0	G=0	-=0	A=4	C=0	
Position 5782:	T=0	G=0	-=0	A=2	C=0	
Position 5783:	A=1	N=0	C=0	-=0	G=2	T=0	
Position 5784:	T=0	G=0	-=0	A=2	C=0	
Position 5785:	T=0	G=0	-=0	A=1	C=0	
Position 5786:	T=0	G=0	-=0	A=1	C=0	
Position 5787:	T=1	G=0	-=0	A=0	C=0	
Position 5788:	T=0	G=1	-=0	A=0	C=0	
Position 5789:	T=0	G=1	-=0	A=0	C=0	
Position 5790:	T=0	G=1	-=0	A=0	C=0	
Position 5791:	T=0	G=0	-=0	A=0	C=1	
Position 5792:	T=1	G=0	-=0	A=0	C=0	
Position 5793:	T=0	G=0	-=0	A=1	C=0	
Position 5794:	T=0	G=0	-=0	A=0	C=1	
Position 5795:	T=0	G=0	-=0	A=1	C=0	
Position 5796:	T=1	G=0	-=0	A=0	C=0	
Position 5797:	T=1	G=0	-=0	A=0	C=0	
Position 5798:	T=1	G=0	-=0	A=0	C=0	
Position 5799:	T=1	G=0	-=0	A=0	C=0	
Position 5800:	T=0	G=0	-=0	A=0	C=1	
Position 5801:	T=1	G=0	-=0	A=0	C=0	
Position 5802:	T=0	G=0	-=0	A=1	C=0	
Position 5803:	T=1	G=0	-=0	A=0	C=0	
Position 5804:	T=1	G=0	-=0	A=0	C=0	
Position 5805:	T=0	G=0	-=0	A=0	C=1	
Position 5806:	T=0	G=0	-=0	A=1	C=0	
Position 5807:	T=0	G=0	-=0	A=1	C=0	
Position 5808:	T=0	G=1	-=0	A=0	C=0	
Position 5809:	T=0	G=0	-=0	A=1	C=0	
Position 5810:	T=0	G=0	-=0	A=1	C=0	
Position 5811:	T=0	G=0	-=0	A=0	C=1	
Position 5812:	T=0	G=0	-=0	A=1	C=0	
Position 5813:	T=0	G=0	-=0	A=1	C=0	
Position 5814:	T=0	G=0	-=0	A=0	C=1	
Position 5815:	T=1	G=0	-=0	A=0	C=0	
Position 5816:	T=1	G=0	-=0	A=0	C=0	
Position 5817:	T=0	G=0	-=0	A=1	C=0	
Position 5818:	T=0	G=0	-=0	A=0	C=1	
Position 5819:	T=0	G=1	-=0	A=0	C=0	
Position 5820:	T=0	G=0	-=0	A=1	C=0	
Position 5821:	T=0	G=0	-=0	A=1	C=0	
Position 5822:	T=0	G=0	-=0	A=1	C=0	
Position 5823:	T=0	G=1	-=0	A=0	C=0	
Position 5824:	T=1	G=0	-=0	A=0	C=0	
Position 5825:	T=1	G=0	-=0	A=0	C=0	
Position 5826:	T=1	G=0	-=0	A=0	C=0	
Position 5827:	T=1	G=0	-=0	A=0	C=0	
Position 5828:	T=1	G=0	-=0	A=0	C=0	
Position 5829:	T=0	G=0	-=0	A=1	C=0	
Position 5830:	T=18	G=0	-=0	A=0	C=0	
Position 5831:	T=0	G=17	-=0	A=1	C=0	
Position 5832:	T=0	G=0	-=0	A=18	C=0	
Position 5833:	T=0	G=0	-=0	A=17	C=0	
Position 5834:	T=0	G=0	-=0	A=17	C=0	
Position 5835:	T=0	G=0	-=0	A=0	C=17	
Position 5836:	T=17	G=0	-=0	A=0	C=0	
Position 5837:	T=0	G=0	-=0	A=17	C=0	
Position 5838:	T=0	G=0	-=0	A=17	C=0	
Position 5839:	T=0	G=0	-=0	A=14	C=0	
Position 5840:	T=0	G=0	-=0	A=12	C=0	
Position 5841:	T=0	G=0	-=0	A=11	C=0	
Position 5842:	T=0	G=0	-=0	A=0	C=11	
Position 5843:	T=10	G=0	-=0	A=0	C=0	
Position 5844:	T=0	G=0	-=0	A=10	C=0	
Position 5845:	T=0	G=0	-=0	A=10	C=0	
Position 5846:	T=0	G=0	-=0	A=8	C=0	
Position 5847:	T=0	G=7	-=0	A=0	C=0	
Position 5848:	T=0	G=4	-=0	A=1	C=0	
Position 5849:	T=4	G=0	-=0	A=0	C=0	
Position 5850:	T=0	G=2	-=0	A=1	C=0	
Position 5851:	T=0	G=2	-=0	A=1	C=0	
Position 5852:	T=0	G=0	-=0	A=3	C=0	
Position 5853:	T=2	G=0	-=0	A=0	C=0	
Position 5854:	T=2	G=0	-=0	A=0	C=0	
Position 5855:	T=2	G=0	-=0	A=0	C=0	
Position 5856:	T=0	G=0	-=0	A=1	C=0	
Position 5857:	T=0	G=1	-=0	A=0	C=0	
Position 5858:	T=1	G=0	-=0	A=0	C=0	
Position 5859:	T=0	G=0	-=0	A=1	C=0	
Position 5860:	T=0	G=1	-=0	A=0	C=0	
Position 5861:	T=1	G=0	-=0	A=0	C=0	
Position 5862:	T=0	G=0	-=0	A=1	C=0	
Position 5863:	T=0	G=0	-=0	A=1	C=0	
Position 5864:	T=0	G=0	-=0	A=1	C=0	
Position 5865:	T=1	G=0	-=0	A=0	C=0	
Position 5866:	T=0	G=0	-=0	A=0	C=1	
Position 5867:	T=0	G=0	-=0	A=1	C=0	
Position 5868:	T=0	G=0	-=0	A=1	C=0	
Position 5869:	T=0	G=1	-=0	A=0	C=0	
Position 5870:	T=0	G=0	-=0	A=1	C=0	
Position 5871:	T=0	G=0	-=0	A=1	C=0	
Position 5872:	T=1	G=0	-=0	A=0	C=0	
Position 5873:	T=0	G=0	-=0	A=1	C=0	
Position 5874:	T=0	G=1	-=0	A=0	C=0	
Position 5875:	T=0	G=0	-=0	A=1	C=0	
Position 5876:	T=0	G=1	-=0	A=0	C=0	
Position 5877:	T=0	G=0	-=0	A=1	C=0	
Position 5878:	T=0	G=1	-=0	A=0	C=0	
Position 5879:	T=0	G=0	-=0	A=0	C=1	
Position 5880:	T=1	G=0	-=0	A=0	C=0	
Position 5881:	T=1	G=0	-=0	A=0	C=0	
Position 5882:	T=0	G=1	-=0	A=0	C=0	
Position 5883:	T=0	G=0	-=0	A=1	C=0	
Position 5884:	T=1	G=0	-=0	A=0	C=0	
Position 5885:	T=1	G=0	-=0	A=0	C=0	
Position 5886:	T=0	G=1	-=0	A=0	C=0	
Position 5887:	T=0	G=0	-=0	A=1	C=0	
Position 5888:	T=0	G=0	-=0	A=1	C=0	
Position 5889:	T=1	G=0	-=0	A=0	C=0	
Position 5890:	T=0	G=0	-=0	A=1	C=0	
Position 5891:	T=0	G=0	-=0	A=1	C=0	
Position 5892:	T=0	G=23	-=0	A=0	C=0	
Position 5893:	T=0	G=23	-=0	A=0	C=0	
Position 5894:	T=1	G=0	-=0	A=0	C=21	
Position 5895:	T=0	G=0	-=0	A=21	C=0	
Position 5896:	T=0	G=0	-=0	A=21	C=0	
Position 5897:	T=20	G=0	-=0	A=0	C=0	
Position 5898:	T=0	G=19	-=0	A=1	C=0	
Position 5899:	T=0	G=0	-=0	A=20	C=0	
Position 5900:	T=0	G=0	-=0	A=19	C=0	
Position 5901:	T=0	G=19	-=0	A=0	C=0	
Position 5902:	T=0	G=0	-=0	A=0	C=19	
Position 5903:	T=0	G=0	-=0	A=18	C=0	
Position 5904:	T=18	G=0	-=0	A=0	C=0	
Position 5905:	T=0	G=17	-=0	A=1	C=0	
Position 5906:	T=0	G=0	-=0	A=0	C=17	
Position 5907:	T=0	G=0	-=0	A=17	C=0	
Position 5908:	T=0	G=0	-=0	A=0	C=16	
Position 5909:	T=0	G=0	-=0	A=15	C=0	
Position 5910:	T=0	G=0	-=0	A=0	C=15	
Position 5911:	T=0	G=0	-=0	A=14	C=0	
Position 5912:	T=0	G=0	-=0	A=0	C=14	
Position 5913:	T=0	G=0	-=0	A=0	C=14	
Position 5914:	T=0	G=14	-=0	A=0	C=0	
Position 5915:	T=0	G=0	-=0	A=0	C=14	
Position 5916:	T=0	G=0	-=0	A=0	C=14	
Position 5917:	T=0	G=0	-=0	A=0	C=14	
Position 5918:	T=0	G=13	-=0	A=0	C=0	
Position 5919:	T=13	G=0	-=0	A=0	C=0	
Position 5920:	T=0	G=0	-=0	A=0	C=13	
Position 5921:	T=0	G=0	-=0	A=12	C=0	
Position 5922:	T=0	G=0	-=0	A=0	C=11	
Position 5923:	T=0	G=0	-=0	A=0	C=11	
Position 5924:	T=0	G=0	-=0	A=0	C=11	
Position 5925:	T=10	G=0	-=0	A=0	C=0	
Position 5926:	T=0	G=0	-=0	A=0	C=10	
Position 5927:	T=0	G=0	-=0	A=0	C=10	
Position 5928:	T=10	G=0	-=0	A=0	C=0	
Position 5929:	T=0	G=0	-=0	A=0	C=10	
Position 5930:	T=0	G=0	-=0	A=10	C=0	
Position 5931:	T=0	G=0	-=0	A=10	C=0	
Position 5932:	T=0	G=8	-=0	A=1	C=0	
Position 5933:	T=7	G=0	-=0	A=0	C=0	
Position 5934:	T=0	G=4	-=0	A=2	C=0	
Position 5935:	T=0	G=5	-=0	A=0	C=0	
Position 5936:	T=0	G=0	-=0	A=0	C=5	
Position 5937:	T=0	G=0	-=0	A=3	C=0	
Position 5938:	T=0	G=0	-=0	A=0	C=3	
Position 5939:	T=0	G=0	-=0	A=3	C=0	
Position 5940:	T=0	G=0	-=0	A=2	C=0	
Position 5941:	T=0	G=2	-=0	A=0	C=0	
Position 5942:	T=0	G=0	-=0	A=0	C=2	
Position 5943:	T=0	G=0	-=0	A=0	C=2	
Position 5944:	T=0	G=0	-=0	A=2	C=0	
Position 5945:	T=0	G=0	-=0	A=1	C=0	
Position 5946:	T=0	G=0	-=0	A=1	C=0	
Position 5947:	T=0	G=0	-=0	A=0	C=1	
Position 5948:	T=0	G=0	-=0	A=15	C=0	
Position 5949:	T=15	G=0	-=0	A=0	C=0	
Position 5950:	T=0	G=0	-=0	A=15	C=0	
Position 5951:	T=0	G=0	-=0	A=15	C=0	
Position 5952:	T=0	G=0	-=0	A=0	C=15	
Position 5953:	T=0	G=0	-=0	A=0	C=15	
Position 5954:	T=14	G=0	-=0	A=0	C=0	
Position 5955:	T=0	G=0	-=0	A=14	C=0	
Position 5956:	T=13	G=0	-=0	A=0	C=0	
Position 5957:	T=13	G=0	-=0	A=0	C=0	
Position 5958:	T=0	G=9	-=0	A=4	C=0	
Position 5959:	T=0	G=0	-=0	A=13	C=0	
Position 5960:	T=0	G=0	-=0	A=10	C=0	
Position 5961:	T=0	G=0	-=0	A=8	C=0	
Position 5962:	T=0	G=0	-=0	A=0	C=8	
Position 5963:	T=0	G=0	-=0	A=0	C=7	
Position 5964:	T=0	G=0	-=0	A=7	C=0	
Position 5965:	T=0	G=0	-=0	A=6	C=0	
Position 5966:	T=0	G=0	-=0	A=6	C=0	
Position 5967:	T=5	G=0	-=0	A=0	C=0	
Position 5968:	T=0	G=0	-=0	A=2	C=0	
Position 5969:	T=0	G=0	-=0	A=1	C=0	
Position 5970:	T=0	G=0	-=0	A=37	C=0	
Position 5971:	T=0	G=0	-=0	A=35	C=0	
Position 5972:	T=0	G=0	-=0	A=0	C=35	
Position 5973:	T=0	G=33	-=0	A=2	C=0	
Position 5974:	T=0	G=0	-=0	A=0	C=35	
Position 5975:	T=0	G=0	-=0	A=31	C=0	
Position 5976:	T=0	G=0	-=0	A=30	C=0	
Position 5977:	T=0	G=27	-=0	A=0	C=0	
Position 5978:	T=0	G=0	-=0	A=26	C=0	
Position 5979:	T=0	G=25	-=0	A=0	C=0	
Position 5980:	T=0	G=23	-=0	A=2	C=0	
Position 5981:	T=0	G=0	-=0	A=25	C=0	
Position 5982:	T=0	G=23	-=0	A=0	C=0	
Position 5983:	T=0	G=20	-=0	A=2	C=0	
Position 5984:	T=0	G=0	-=0	A=0	C=21	
Position 5985:	T=0	G=0	-=0	A=19	C=0	
Position 5986:	T=0	G=0	-=0	A=19	C=0	
Position 5987:	T=0	G=17	-=0	A=0	C=0	
Position 5988:	T=15	G=0	-=0	A=0	C=0	
Position 5989:	T=0	G=0	-=0	A=0	C=13	
Position 5990:	T=0	G=11	-=0	A=0	C=0	
Position 5991:	T=11	G=0	-=0	A=0	C=0	
Position 5992:	T=0	G=0	-=0	A=11	C=0	
Position 5993:	T=0	G=0	-=0	A=11	C=0	
Position 5994:	T=0	G=0	-=0	A=0	C=7	
Position 5995:	T=0	G=0	-=0	A=6	C=0	
Position 5996:	T=0	G=0	-=0	A=6	C=0	
Position 5997:	A=2	N=0	C=0	-=0	G=4	T=0	
Position 5998:	T=0	G=2	-=0	A=1	C=0	
Position 5999:	T=3	G=0	-=0	A=0	C=0	
Position 6000:	T=0	G=0	-=0	A=2	C=0	
Position 6001:	T=0	G=0	-=0	A=2	C=0	
Position 6002:	T=0	G=1	-=0	A=0	C=0	
Position 6003:	T=0	G=0	-=0	A=0	C=1	
Position 6004:	T=0	G=0	-=0	A=1	C=0	
Position 6005:	T=1	G=0	-=0	A=0	C=0	
Position 6006:	T=0	G=0	-=0	A=1	C=0	
Position 6007:	T=0	G=0	-=0	A=0	C=1	
Position 6008:	T=1	G=0	-=0	A=0	C=0	
Position 6009:	T=0	G=1	-=0	A=0	C=0	
Position 6010:	T=0	G=1	-=0	A=0	C=0	
Position 6011:	T=0	G=0	-=0	A=1	C=0	
Position 6012:	T=0	G=0	-=0	A=1	C=0	
Position 6013:	T=0	G=0	-=0	A=1	C=0	
Position 6014:	T=0	G=1	-=0	A=0	C=0	
Position 6015:	T=1	G=0	-=0	A=0	C=0	
Position 6016:	T=0	G=1	-=0	A=0	C=0	
Position 6017:	T=1	G=0	-=0	A=0	C=0	
Position 6018:	T=0	G=1	-=0	A=0	C=0	
Position 6019:	T=0	G=0	-=0	A=0	C=1	
Position 6020:	T=1	G=0	-=0	A=0	C=0	
Position 6021:	T=1	G=0	-=0	A=0	C=0	
Position 6022:	T=0	G=1	-=0	A=0	C=0	
Position 6023:	T=0	G=1	-=0	A=0	C=0	
Position 6024:	T=0	G=0	-=0	A=1	C=0	
Position 6025:	T=1	G=0	-=0	A=0	C=0	
Position 6026:	T=0	G=1	-=0	A=0	C=0	
Position 6027:	T=0	G=1	-=0	A=0	C=0	
Position 6028:	T=0	G=0	-=0	A=1	C=0	
Position 6029:	T=1	G=0	-=0	A=0	C=0	
Position 6030:	T=0	G=0	-=0	A=0	C=1	
Position 6031:	T=0	G=0	-=0	A=29	C=0	
Position 6032:	T=0	G=0	-=0	A=30	C=0	
Position 6033:	T=0	G=0	-=0	A=31	C=0	
Position 6034:	T=0	G=32	-=0	A=0	C=0	
Position 6035:	T=32	G=0	-=0	A=0	C=0	
Position 6036:	T=0	G=33	-=0	A=0	C=0	
Position 6037:	T=33	G=0	-=0	A=0	C=0	
Position 6038:	T=0	G=0	-=0	A=32	C=0	
Position 6039:	T=0	G=33	-=0	A=1	C=0	
Position 6040:	T=1	G=0	-=0	A=0	C=35	
Position 6041:	T=40	G=0	-=0	A=0	C=0	
Position 6042:	T=42	G=0	-=0	A=0	C=0	
Position 6043:	T=0	G=0	-=0	A=43	C=0	
Position 6044:	T=0	G=0	-=0	A=44	C=0	
Position 6045:	T=0	G=0	-=0	A=44	C=0	
Position 6046:	T=3	G=0	-=0	A=0	C=45	
Position 6047:	T=0	G=0	-=0	A=48	C=0	
Position 6048:	T=0	G=0	-=0	A=47	C=0	
Position 6049:	T=0	G=0	-=0	A=47	C=0	
Position 6050:	T=0	G=45	-=0	A=2	C=0	
Position 6051:	T=2	G=0	-=0	A=0	C=45	
Position 6052:	T=0	G=0	-=0	A=47	C=0	
Position 6053:	T=46	G=0	-=0	A=0	C=0	
Position 6054:	T=0	G=0	-=0	A=0	C=45	
Position 6055:	T=44	G=0	-=0	A=0	C=0	
Position 6056:	T=0	G=0	-=0	A=42	C=0	
Position 6057:	T=0	G=41	-=0	A=0	C=0	
Position 6058:	T=0	G=0	-=0	A=0	C=41	
Position 6059:	T=40	G=0	-=0	A=0	C=0	
Position 6060:	T=39	G=0	-=0	A=0	C=0	
Position 6061:	T=0	G=0	-=0	A=36	C=0	
Position 6062:	T=0	G=0	-=0	A=0	C=36	
Position 6063:	T=0	G=0	-=0	A=32	C=0	
Position 6064:	T=1	G=0	-=0	A=0	C=31	
Position 6065:	T=0	G=0	-=0	A=0	C=31	
Position 6066:	T=0	G=0	-=0	A=0	C=31	
Position 6067:	T=0	G=0	-=0	A=29	C=0	
Position 6068:	T=0	G=28	-=0	A=1	C=0	
Position 6069:	T=0	G=0	-=0	A=29	C=0	
Position 6070:	T=0	G=26	-=0	A=1	C=0	
Position 6071:	T=0	G=25	-=0	A=2	C=0	
Position 6072:	T=0	G=0	-=0	A=26	C=0	
Position 6073:	T=26	G=0	-=0	A=0	C=0	
Position 6074:	T=26	G=0	-=0	A=0	C=0	
Position 6075:	T=26	G=0	-=0	A=0	C=0	
Position 6076:	T=0	G=0	-=0	A=0	C=26	
Position 6077:	T=0	G=0	-=0	A=25	C=0	
Position 6078:	T=0	G=0	-=0	A=0	C=25	
Position 6079:	T=0	G=18	-=0	A=4	C=0	
Position 6080:	T=21	G=0	-=0	A=0	C=0	
Position 6081:	T=0	G=0	-=0	A=19	C=0	
Position 6082:	T=17	G=0	-=0	A=0	C=0	
Position 6083:	T=0	G=15	-=0	A=1	C=0	
Position 6084:	T=11	G=0	-=0	A=0	C=0	
Position 6085:	T=0	G=10	-=0	A=1	C=0	
Position 6086:	T=0	G=0	-=0	A=10	C=0	
Position 6087:	T=0	G=0	-=0	A=0	C=10	
Position 6088:	T=0	G=0	-=0	A=0	C=10	
Position 6089:	T=0	G=8	-=0	A=0	C=0	
Position 6090:	T=0	G=0	-=0	A=0	C=8	
Position 6091:	T=8	G=0	-=0	A=0	C=0	
Position 6092:	T=8	G=0	-=0	A=0	C=0	
Position 6093:	T=7	G=0	-=0	A=0	C=0	
Position 6094:	T=0	G=4	-=0	A=0	C=0	
Position 6095:	T=0	G=0	-=0	A=4	C=0	
Position 6096:	T=0	G=0	-=0	A=4	C=0	
Position 6097:	T=0	G=0	-=0	A=0	C=4	
Position 6098:	T=0	G=0	-=0	A=0	C=3	
Position 6099:	T=0	G=0	-=0	A=0	C=3	
Position 6100:	T=0	G=0	-=0	A=3	C=0	
Position 6101:	T=0	G=2	-=0	A=0	C=0	
Position 6102:	T=0	G=0	-=0	A=2	C=0	
Position 6103:	T=0	G=19	-=0	A=2	C=0	
Position 6104:	T=0	G=0	-=0	A=0	C=20	
Position 6105:	T=19	G=0	-=0	A=0	C=0	
Position 6106:	T=0	G=0	-=0	A=18	C=0	
Position 6107:	T=0	G=14	-=0	A=0	C=0	
Position 6108:	T=0	G=0	-=0	A=0	C=14	
Position 6109:	T=0	G=0	-=0	A=0	C=14	
Position 6110:	T=0	G=0	-=0	A=0	C=11	
Position 6111:	T=0	G=0	-=0	A=11	C=0	
Position 6112:	T=0	G=10	-=0	A=1	C=0	
Position 6113:	T=0	G=0	-=0	A=11	C=0	
Position 6114:	T=11	G=0	-=0	A=0	C=0	
Position 6115:	T=0	G=0	-=0	A=8	C=0	
Position 6116:	T=0	G=0	-=0	A=7	C=0	
Position 6117:	T=0	G=0	-=0	A=0	C=7	
Position 6118:	T=0	G=0	-=0	A=6	C=0	
Position 6119:	T=0	G=0	-=0	A=6	C=0	
Position 6120:	T=0	G=0	-=0	A=0	C=5	
Position 6121:	T=4	G=0	-=0	A=0	C=0	
Position 6122:	T=0	G=0	-=0	A=3	C=0	
Position 6123:	T=0	G=0	-=0	A=3	C=0	
Position 6124:	T=0	G=0	-=0	A=0	C=3	
Position 6125:	T=0	G=0	-=0	A=0	C=1	
Position 6126:	T=0	G=0	-=0	A=1	C=0	
Position 6127:	T=0	G=0	-=0	A=1	C=0	
Position 6128:	T=0	G=0	-=0	A=1	C=0	
Position 6129:	T=0	G=0	-=0	A=0	C=1	
Position 6130:	T=1	G=0	-=0	A=0	C=0	
Position 6131:	T=0	G=0	-=0	A=1	C=0	
Position 6132:	T=0	G=0	-=0	A=0	C=1	
Position 6133:	T=0	G=0	-=0	A=0	C=1	
Position 6134:	T=0	G=0	-=0	A=1	C=0	
Position 6135:	T=1	G=0	-=0	A=0	C=0	
Position 6136:	T=0	G=0	-=0	A=1	C=0	
Position 6137:	T=0	G=1	-=0	A=0	C=0	
Position 6138:	T=0	G=0	-=0	A=1	C=0	
Position 6139:	T=1	G=0	-=0	A=0	C=0	
Position 6140:	T=0	G=0	-=0	A=0	C=1	
Position 6141:	T=0	G=0	-=0	A=1	C=0	
Position 6142:	T=0	G=0	-=0	A=1	C=0	
Position 6143:	T=1	G=0	-=0	A=0	C=0	
Position 6144:	T=1	G=0	-=0	A=0	C=0	
Position 6145:	T=0	G=0	-=0	A=1	C=0	
Position 6146:	T=0	G=0	-=0	A=1	C=0	
Position 6147:	T=0	G=0	-=0	A=1	C=0	
Position 6148:	T=4	G=0	-=0	A=0	C=0	
Position 6149:	T=0	G=0	-=0	A=3	C=0	
Position 6150:	T=0	G=0	-=0	A=3	C=0	
Position 6151:	T=0	G=0	-=0	A=3	C=0	
Position 6152:	T=0	G=0	-=0	A=3	C=0	
Position 6153:	T=0	G=0	-=0	A=0	C=3	
Position 6154:	T=0	G=0	-=0	A=1	C=0	
Position 6155:	T=6	G=0	-=0	A=0	C=0	
Position 6156:	T=6	G=0	-=0	A=0	C=0	
Position 6157:	T=0	G=0	-=0	A=0	C=5	
Position 6158:	T=0	G=0	-=0	A=4	C=0	
Position 6159:	T=0	G=0	-=0	A=4	C=0	
Position 6160:	T=0	G=0	-=0	A=0	C=4	
Position 6161:	T=0	G=0	-=0	A=4	C=0	
Position 6162:	T=0	G=3	-=0	A=1	C=0	
Position 6163:	T=3	G=0	-=0	A=0	C=0	
Position 6164:	T=0	G=0	-=0	A=3	C=0	
Position 6165:	T=0	G=0	-=0	A=0	C=3	
Position 6166:	T=0	G=0	-=0	A=2	C=0	
Position 6167:	T=0	G=0	-=0	A=1	C=0	
Position 6168:	T=1	G=0	-=0	A=0	C=0	
Position 6169:	T=1	G=0	-=0	A=0	C=0	
Position 6170:	T=0	G=0	-=0	A=1	C=0	
Position 6171:	T=0	G=0	-=0	A=1	C=0	
Position 6172:	T=0	G=0	-=0	A=1	C=0	
Position 6173:	T=0	G=1	-=0	A=0	C=0	
Position 6174:	T=1	G=0	-=0	A=0	C=0	
Position 6175:	T=0	G=0	-=0	A=1	C=0	
Position 6176:	T=1	G=0	-=0	A=0	C=0	
Position 6177:	T=0	G=0	-=0	A=1	C=0	
Position 6178:	T=0	G=1	-=0	A=0	C=0	
Position 6179:	T=0	G=1	-=0	A=0	C=0	
Position 6180:	T=0	G=0	-=0	A=1	C=0	
Position 6181:	T=0	G=1	-=0	A=0	C=0	
Position 6182:	T=0	G=0	-=0	A=13	C=0	
Position 6183:	T=13	G=0	-=0	A=0	C=0	
Position 6184:	T=0	G=0	-=0	A=13	C=0	
Position 6185:	T=0	G=12	-=0	A=1	C=0	
Position 6186:	T=0	G=0	-=0	A=13	C=0	
Position 6187:	T=0	G=0	-=0	A=13	C=0	
Position 6188:	T=0	G=0	-=0	A=13	C=0	
Position 6189:	T=13	G=0	-=0	A=0	C=0	
Position 6190:	T=13	G=0	-=0	A=0	C=0	
Position 6191:	T=0	G=0	-=0	A=0	C=12	
Position 6192:	T=12	G=0	-=0	A=0	C=0	
Position 6193:	T=12	G=0	-=0	A=0	C=0	
Position 6194:	T=12	G=0	-=0	A=0	C=0	
Position 6195:	T=11	G=0	-=0	A=0	C=0	
Position 6196:	T=0	G=0	-=0	A=10	C=0	
Position 6197:	T=0	G=0	-=0	A=9	C=0	
Position 6198:	T=7	G=0	-=0	A=0	C=0	
Position 6199:	T=0	G=0	-=0	A=0	C=5	
Position 6200:	T=0	G=4	-=0	A=0	C=0	
Position 6201:	T=0	G=4	-=0	A=0	C=0	
Position 6202:	T=0	G=0	-=0	A=4	C=0	
Position 6203:	T=0	G=3	-=0	A=1	C=0	
Position 6204:	T=0	G=0	-=0	A=0	C=3	
Position 6205:	T=3	G=0	-=0	A=0	C=0	
Position 6206:	T=0	G=0	-=0	A=3	C=0	
Position 6207:	T=3	G=0	-=0	A=0	C=0	
Position 6208:	T=0	G=0	-=0	A=3	C=0	
Position 6209:	T=0	G=3	-=0	A=0	C=0	
Position 6210:	T=0	G=0	-=0	A=3	C=0	
Position 6211:	T=0	G=2	-=0	A=1	C=0	
Position 6212:	T=0	G=0	-=0	A=3	C=0	
Position 6213:	T=0	G=2	-=0	A=0	C=0	
Position 6214:	T=0	G=0	-=0	A=2	C=0	
Position 6215:	T=0	G=2	-=0	A=0	C=0	
Position 6216:	T=2	G=0	-=0	A=0	C=0	
Position 6217:	T=0	G=0	-=0	A=2	C=0	
Position 6218:	T=0	G=0	-=0	A=0	C=2	
Position 6219:	T=0	G=0	-=0	A=0	C=2	
Position 6220:	T=0	G=2	-=0	A=0	C=0	
Position 6221:	T=0	G=0	-=0	A=0	C=2	
Position 6222:	T=0	G=0	-=0	A=2	C=0	
Position 6223:	T=0	G=0	-=0	A=2	C=0	
Position 6224:	T=0	G=2	-=0	A=0	C=0	
Position 6225:	T=0	G=2	-=0	A=0	C=0	
Position 6226:	T=0	G=2	-=0	A=0	C=0	
Position 6227:	T=0	G=0	-=0	A=2	C=0	
Position 6228:	T=0	G=0	-=0	A=2	C=0	
Position 6229:	T=2	G=0	-=0	A=0	C=0	
Position 6230:	T=0	G=2	-=0	A=0	C=0	
Position 6231:	T=0	G=0	-=0	A=2	C=0	
Position 6232:	T=2	G=0	-=0	A=0	C=0	
Position 6233:	T=0	G=2	-=0	A=0	C=0	
Position 6234:	T=0	G=0	-=0	A=2	C=0	
Position 6235:	T=0	G=0	-=0	A=2	C=0	
Position 6236:	T=0	G=0	-=0	A=2	C=0	
Position 6237:	T=0	G=2	-=0	A=0	C=0	
Position 6238:	T=0	G=0	-=0	A=2	C=0	
Position 6239:	T=2	G=0	-=0	A=0	C=0	
Position 6240:	T=2	G=0	-=0	A=0	C=0	
Position 6241:	T=0	G=0	-=0	A=2	C=0	
Position 6242:	T=0	G=0	-=0	A=0	C=2	
Position 6243:	T=2	G=0	-=0	A=0	C=0	
Position 6244:	T=2	G=0	-=0	A=0	C=0	
Position 6245:	T=0	G=0	-=0	A=2	C=0	
Position 6246:	T=0	G=0	-=0	A=1	C=0	
Position 6247:	T=0	G=0	-=0	A=1	C=0	
Position 6248:	T=0	G=4	-=0	A=1	C=0	
Position 6249:	T=5	G=0	-=0	A=0	C=0	
Position 6250:	T=0	G=0	-=0	A=5	C=0	
Position 6251:	T=0	G=0	-=0	A=4	C=0	
Position 6252:	T=0	G=0	-=0	A=0	C=3	
Position 6253:	T=0	G=0	-=0	A=21	C=0	
Position 6254:	T=0	G=0	-=0	A=21	C=0	
Position 6255:	T=0	G=0	-=0	A=21	C=0	
Position 6256:	T=0	G=0	-=0	A=0	C=20	
Position 6257:	T=0	G=0	-=0	A=19	C=0	
Position 6258:	T=0	G=19	-=0	A=0	C=0	
Position 6259:	T=0	G=0	-=0	A=0	C=19	
Position 6260:	T=0	G=0	-=0	A=19	C=0	
Position 6261:	T=0	G=0	-=0	A=19	C=0	
Position 6262:	T=0	G=0	-=0	A=19	C=0	
Position 6263:	T=0	G=19	-=0	A=0	C=0	
Position 6264:	T=0	G=0	-=0	A=19	C=0	
Position 6265:	T=19	G=0	-=0	A=0	C=0	
Position 6266:	T=19	G=0	-=0	A=0	C=0	
Position 6267:	T=0	G=0	-=0	A=19	C=0	
Position 6268:	T=0	G=0	-=0	A=0	C=19	
Position 6269:	T=0	G=0	-=0	A=0	C=18	
Position 6270:	T=0	G=0	-=0	A=0	C=13	
Position 6271:	T=0	G=0	-=0	A=0	C=11	
Position 6272:	T=12	G=0	-=0	A=0	C=0	
Position 6273:	T=1	G=0	-=0	A=0	C=12	
Position 6274:	T=1	G=0	-=0	A=0	C=12	
Position 6275:	T=12	G=0	-=0	A=0	C=0	
Position 6276:	T=0	G=0	-=0	A=12	C=0	
Position 6277:	T=1	G=0	-=0	A=0	C=10	
Position 6278:	T=0	G=0	-=0	A=0	C=11	
Position 6279:	T=11	G=0	-=0	A=0	C=0	
Position 6280:	T=10	G=0	-=0	A=0	C=0	
Position 6281:	T=10	G=0	-=0	A=0	C=0	
Position 6282:	T=11	G=0	-=0	A=0	C=0	
Position 6283:	T=0	G=11	-=0	A=0	C=0	
Position 6284:	T=1	G=0	-=0	A=0	C=10	
Position 6285:	T=0	G=0	-=0	A=11	C=0	
Position 6286:	T=11	G=0	-=0	A=0	C=0	
Position 6287:	T=0	G=0	-=0	A=11	C=0	
Position 6288:	T=0	G=0	-=0	A=11	C=0	
Position 6289:	T=12	G=0	-=0	A=0	C=0	
Position 6290:	T=0	G=13	-=0	A=0	C=0	
Position 6291:	T=0	G=0	-=0	A=13	C=0	
Position 6292:	T=0	G=13	-=0	A=0	C=0	
Position 6293:	T=12	G=0	-=0	A=0	C=0	
Position 6294:	T=13	G=0	-=0	A=0	C=0	
Position 6295:	T=0	G=0	-=0	A=14	C=0	
Position 6296:	T=0	G=14	-=0	A=0	C=0	
Position 6297:	T=1	G=0	-=0	A=0	C=13	
Position 6298:	T=2	G=0	-=0	A=0	C=14	
Position 6299:	T=0	G=0	-=0	A=18	C=0	
Position 6300:	T=0	G=18	-=0	A=0	C=0	
Position 6301:	T=0	G=0	-=0	A=18	C=0	
Position 6302:	T=0	G=0	-=0	A=20	C=0	
Position 6303:	T=0	G=0	-=0	A=20	C=0	
Position 6304:	T=20	G=0	-=0	A=0	C=0	
Position 6305:	T=0	G=0	-=0	A=21	C=0	
Position 6306:	T=0	G=22	-=0	A=0	C=0	
Position 6307:	T=2	G=0	-=0	A=0	C=20	
Position 6308:	T=1	G=0	-=0	A=0	C=21	
Position 6309:	T=22	G=0	-=0	A=0	C=0	
Position 6310:	T=0	G=0	-=0	A=21	C=0	
Position 6311:	T=0	G=0	-=0	A=21	C=0	
Position 6312:	T=0	G=0	-=0	A=0	C=21	
Position 6313:	T=0	G=0	-=0	A=20	C=0	
Position 6314:	T=0	G=0	-=0	A=20	C=0	
Position 6315:	T=0	G=0	-=0	A=20	C=0	
Position 6316:	T=0	G=20	-=0	A=0	C=0	
Position 6317:	T=0	G=0	-=0	A=20	C=0	
Position 6318:	T=0	G=20	-=0	A=0	C=0	
Position 6319:	T=0	G=0	-=0	A=20	C=0	
Position 6320:	T=0	G=0	-=0	A=20	C=0	
Position 6321:	T=0	G=0	-=0	A=0	C=20	
Position 6322:	T=20	G=0	-=0	A=0	C=0	
Position 6323:	T=20	G=0	-=0	A=0	C=0	
Position 6324:	T=0	G=0	-=0	A=20	C=0	
Position 6325:	T=0	G=0	-=0	A=20	C=0	
Position 6326:	T=0	G=20	-=0	A=0	C=0	
Position 6327:	T=0	G=0	-=0	A=0	C=20	
Position 6328:	T=20	G=0	-=0	A=0	C=0	
Position 6329:	T=0	G=0	-=0	A=20	C=0	
Position 6330:	T=0	G=20	-=0	A=0	C=0	
Position 6331:	T=0	G=20	-=0	A=0	C=0	
Position 6332:	T=20	G=0	-=0	A=0	C=0	
Position 6333:	T=0	G=0	-=0	A=0	C=20	
Position 6334:	T=0	G=0	-=0	A=0	C=20	
Position 6335:	T=0	G=0	-=0	A=0	C=20	
Position 6336:	T=0	G=0	-=0	A=0	C=18	
Position 6337:	T=0	G=0	-=0	A=0	C=17	
Position 6338:	T=0	G=17	-=0	A=0	C=0	
Position 6339:	T=0	G=0	-=0	A=14	C=0	
Position 6340:	T=0	G=0	-=0	A=13	C=0	
Position 6341:	T=0	G=0	-=0	A=12	C=0	
Position 6342:	T=0	G=0	-=0	A=0	C=10	
Position 6343:	T=0	G=0	-=0	A=0	C=10	
Position 6344:	T=0	G=0	-=0	A=9	C=0	
Position 6345:	T=0	G=7	-=0	A=1	C=0	
Position 6346:	T=0	G=0	-=0	A=6	C=0	
Position 6347:	T=0	G=0	-=0	A=0	C=6	
Position 6348:	T=0	G=4	-=0	A=1	C=0	
Position 6349:	T=0	G=0	-=0	A=5	C=0	
Position 6350:	T=0	G=4	-=0	A=1	C=0	
Position 6351:	T=0	G=0	-=0	A=0	C=4	
Position 6352:	T=4	G=0	-=0	A=0	C=0	
Position 6353:	T=0	G=0	-=0	A=4	C=0	
Position 6354:	T=0	G=0	-=0	A=0	C=3	
Position 6355:	T=0	G=0	-=0	A=0	C=3	
Position 6356:	T=1	G=0	-=0	A=0	C=0	
Position 6357:	T=0	G=0	-=0	A=20	C=0	
Position 6358:	T=19	G=0	-=0	A=0	C=0	
Position 6359:	T=0	G=18	-=0	A=1	C=0	
Position 6360:	T=0	G=0	-=0	A=19	C=0	
Position 6361:	T=0	G=0	-=0	A=16	C=0	
Position 6362:	T=1	G=0	-=0	A=0	C=15	
Position 6363:	T=0	G=0	-=0	A=16	C=0	
Position 6364:	T=0	G=0	-=0	A=15	C=0	
Position 6365:	T=14	G=0	-=0	A=0	C=0	
Position 6366:	T=0	G=0	-=0	A=0	C=13	
Position 6367:	T=0	G=0	-=0	A=0	C=12	
Position 6368:	T=0	G=0	-=0	A=11	C=0	
Position 6369:	T=2	G=0	-=0	A=0	C=12	
Position 6370:	T=11	G=0	-=0	A=0	C=0	
Position 6371:	T=0	G=10	-=0	A=0	C=0	
Position 6372:	T=0	G=9	-=0	A=0	C=0	
Position 6373:	T=0	G=9	-=0	A=0	C=0	
Position 6374:	T=0	G=0	-=0	A=9	C=0	
Position 6375:	T=8	G=0	-=0	A=0	C=0	
Position 6376:	T=0	G=7	-=0	A=0	C=0	
Position 6377:	T=0	G=0	-=0	A=7	C=0	
Position 6378:	T=0	G=0	-=0	A=7	C=0	
Position 6379:	T=0	G=0	-=0	A=0	C=7	
Position 6380:	T=6	G=0	-=0	A=0	C=0	
Position 6381:	T=0	G=0	-=0	A=0	C=5	
Position 6382:	T=0	G=0	-=0	A=5	C=0	
Position 6383:	T=5	G=0	-=0	A=0	C=0	
Position 6384:	T=0	G=0	-=0	A=0	C=5	
Position 6385:	T=5	G=0	-=0	A=0	C=0	
Position 6386:	T=0	G=0	-=0	A=5	C=0	
Position 6387:	T=5	G=0	-=0	A=0	C=0	
Position 6388:	A=2	N=0	C=0	-=0	G=11	T=0	
Position 6389:	T=5	G=0	-=0	A=0	C=0	
Position 6390:	T=0	G=0	-=0	A=0	C=5	
Position 6391:	T=0	G=4	-=0	A=1	C=0	
Position 6392:	T=0	G=0	-=0	A=0	C=5	
Position 6393:	T=0	G=0	-=0	A=2	C=0	
Position 6394:	T=0	G=0	-=0	A=1	C=0	
Position 6395:	T=0	G=0	-=0	A=1	C=0	
Position 6396:	T=0	G=0	-=0	A=42	C=0	
Position 6397:	T=43	G=0	-=0	A=0	C=0	
Position 6398:	T=0	G=0	-=0	A=44	C=0	
Position 6399:	T=0	G=41	-=0	A=1	C=0	
Position 6400:	T=43	G=0	-=0	A=0	C=0	
Position 6401:	T=0	G=43	-=0	A=1	C=0	
Position 6402:	T=0	G=0	-=0	A=46	C=0	
Position 6403:	T=0	G=45	-=0	A=1	C=0	
Position 6404:	T=0	G=0	-=0	A=46	C=0	
Position 6405:	T=0	G=0	-=0	A=45	C=0	
Position 6406:	T=0	G=48	-=0	A=1	C=0	
Position 6407:	T=0	G=0	-=0	A=50	C=0	
Position 6408:	T=50	G=0	-=0	A=0	C=0	
Position 6409:	T=50	G=0	-=0	A=0	C=0	
Position 6410:	T=49	G=0	-=0	A=0	C=0	
Position 6411:	T=0	G=0	-=0	A=48	C=0	
Position 6412:	T=47	G=0	-=0	A=0	C=0	
Position 6413:	T=0	G=0	-=0	A=45	C=1	
Position 6414:	T=0	G=46	-=0	A=0	C=0	
Position 6415:	T=0	G=43	-=0	A=2	C=0	
Position 6416:	T=41	G=0	-=0	A=0	C=0	
Position 6417:	T=0	G=0	-=0	A=38	C=0	
Position 6418:	T=0	G=37	-=0	A=0	C=0	
Position 6419:	T=0	G=0	-=0	A=37	C=0	
Position 6420:	T=0	G=35	-=0	A=0	C=0	
Position 6421:	T=0	G=33	-=0	A=2	C=0	
Position 6422:	T=34	G=0	-=0	A=0	C=0	
Position 6423:	T=0	G=32	-=0	A=1	C=0	
Position 6424:	T=0	G=0	-=0	A=33	C=0	
Position 6425:	T=0	G=0	-=0	A=33	C=0	
Position 6426:	T=0	G=0	-=0	A=32	C=0	
Position 6427:	T=0	G=0	-=0	A=32	C=0	
Position 6428:	T=0	G=29	-=0	A=3	C=0	
Position 6429:	T=0	G=0	-=0	A=0	C=30	
Position 6430:	T=0	G=0	-=0	A=0	C=29	
Position 6431:	T=28	G=0	-=0	A=0	C=0	
Position 6432:	T=0	G=0	-=0	A=28	C=0	
Position 6433:	T=0	G=0	-=0	A=27	C=0	
Position 6434:	T=0	G=0	-=0	A=0	C=27	
Position 6435:	T=0	G=24	-=0	A=2	C=0	
Position 6436:	T=0	G=0	-=0	A=26	C=0	
Position 6437:	T=0	G=21	-=0	A=3	C=0	
Position 6438:	T=0	G=0	-=0	A=0	C=23	
Position 6439:	T=0	G=0	-=0	A=0	C=22	
Position 6440:	T=21	G=0	-=0	A=0	C=0	
Position 6441:	T=0	G=17	-=0	A=1	C=0	
Position 6442:	T=0	G=13	-=0	A=3	C=0	
Position 6443:	T=15	G=0	-=0	A=0	C=0	
Position 6444:	T=0	G=15	-=0	A=0	C=0	
Position 6445:	T=0	G=0	-=0	A=14	C=0	
Position 6446:	T=14	G=0	-=0	A=0	C=0	
Position 6447:	T=0	G=0	-=0	A=13	C=0	
Position 6448:	T=0	G=11	-=0	A=2	C=0	
Position 6449:	T=0	G=0	-=0	A=0	C=10	
Position 6450:	T=9	G=0	-=0	A=0	C=0	
Position 6451:	T=0	G=9	-=0	A=0	C=0	
Position 6452:	T=0	G=8	-=0	A=0	C=0	
Position 6453:	T=7	G=0	-=0	A=0	C=0	
Position 6454:	T=7	G=0	-=0	A=0	C=0	
Position 6455:	T=0	G=6	-=0	A=1	C=0	
Position 6456:	T=0	G=0	-=0	A=0	C=6	
Position 6457:	T=0	G=0	-=0	A=0	C=5	
Position 6458:	T=0	G=0	-=0	A=0	C=4	
Position 6459:	T=0	G=0	-=0	A=4	C=0	
Position 6460:	T=0	G=4	-=0	A=0	C=0	
Position 6461:	T=0	G=0	-=0	A=4	C=0	
Position 6462:	T=0	G=0	-=0	A=4	C=0	
Position 6463:	T=4	G=0	-=0	A=0	C=0	
Position 6464:	T=0	G=0	-=0	A=4	C=0	
Position 6465:	T=0	G=4	-=0	A=0	C=0	
Position 6466:	T=0	G=0	-=0	A=4	C=0	
Position 6467:	T=0	G=0	-=0	A=3	C=0	
Position 6468:	T=3	G=0	-=0	A=0	C=0	
Position 6469:	T=3	G=0	-=0	A=0	C=0	
Position 6470:	T=3	G=0	-=0	A=0	C=0	
Position 6471:	T=3	G=0	-=0	A=0	C=0	
Position 6472:	T=0	G=0	-=0	A=3	C=0	
Position 6473:	T=0	G=3	-=0	A=0	C=0	
Position 6474:	T=3	G=0	-=0	A=0	C=0	
Position 6475:	T=3	G=0	-=0	A=0	C=0	
Position 6476:	T=0	G=0	-=0	A=0	C=3	
Position 6477:	T=0	G=0	-=0	A=2	C=0	
Position 6478:	T=0	G=0	-=0	A=2	C=0	
Position 6479:	T=0	G=0	-=0	A=0	C=2	
Position 6480:	T=1	G=0	-=0	A=0	C=0	
Position 6481:	T=1	G=0	-=0	A=0	C=0	
Position 6482:	T=46	G=0	-=0	A=0	C=0	
Position 6483:	T=0	G=0	-=0	A=47	C=0	
Position 6484:	T=0	G=0	-=0	A=48	C=0	
Position 6485:	T=0	G=0	-=0	A=51	C=0	
Position 6486:	T=1	G=0	-=0	A=0	C=51	
Position 6487:	T=53	G=0	-=0	A=0	C=0	
Position 6488:	T=56	G=0	-=0	A=0	C=0	
Position 6489:	T=0	G=57	-=0	A=0	C=0	
Position 6490:	T=2	G=0	-=0	A=0	C=58	
Position 6491:	T=3	G=0	-=0	A=0	C=60	
Position 6492:	T=65	G=0	-=0	A=0	C=0	
Position 6493:	T=0	G=0	-=0	A=65	C=0	
Position 6494:	T=2	G=0	-=0	A=0	C=63	
Position 6495:	T=0	G=0	-=0	A=69	C=0	
Position 6496:	T=0	G=0	-=0	A=69	C=0	
Position 6497:	T=0	G=0	-=0	A=72	C=0	
Position 6498:	T=0	G=0	-=0	A=73	C=0	
Position 6499:	T=1	G=0	-=0	A=0	C=70	
Position 6500:	T=69	G=0	-=0	A=0	C=0	
Position 6501:	T=69	G=0	-=0	A=0	C=0	
Position 6502:	T=0	G=0	-=0	A=71	C=0	
Position 6503:	T=0	G=0	-=0	A=70	C=0	
Position 6504:	T=0	G=0	-=0	A=69	C=0	
Position 6505:	T=0	G=0	-=0	A=67	C=0	
Position 6506:	T=0	G=0	-=0	A=64	C=0	
Position 6507:	T=63	G=0	-=0	A=0	C=0	
Position 6508:	T=61	G=0	-=0	A=0	C=0	
Position 6509:	T=0	G=0	-=0	A=0	C=60	
Position 6510:	T=57	G=0	-=0	A=0	C=0	
Position 6511:	T=0	G=0	-=0	A=57	C=0	
Position 6512:	T=0	G=0	-=0	A=56	C=0	
Position 6513:	T=55	G=0	-=0	A=0	C=0	
Position 6514:	T=0	G=52	-=0	A=3	C=0	
Position 6515:	T=0	G=0	-=0	A=0	C=54	
Position 6516:	T=0	G=0	-=0	A=52	C=0	
Position 6517:	T=0	G=0	-=0	A=49	C=0	
Position 6518:	T=0	G=46	-=0	A=1	C=0	
Position 6519:	T=45	G=0	-=0	A=0	C=0	
Position 6520:	T=45	G=0	-=0	A=0	C=0	
Position 6521:	T=44	G=0	-=0	A=0	C=0	
Position 6522:	T=0	G=0	-=0	A=43	C=0	
Position 6523:	T=0	G=0	-=0	A=43	C=0	
Position 6524:	T=0	G=0	-=0	A=43	C=0	
Position 6525:	T=0	G=0	-=0	A=41	C=0	
Position 6526:	T=40	G=0	-=0	A=0	C=0	
Position 6527:	T=0	G=0	-=0	A=38	C=0	
Position 6528:	T=37	G=0	-=0	A=0	C=0	
Position 6529:	T=0	G=0	-=0	A=35	C=0	
Position 6530:	T=32	G=0	-=0	A=0	C=0	
Position 6531:	T=29	G=0	-=0	A=0	C=0	
Position 6532:	T=0	G=0	-=0	A=0	C=28	
Position 6533:	T=26	G=0	-=0	A=0	C=0	
Position 6534:	T=0	G=0	-=0	A=23	C=0	
Position 6535:	T=0	G=0	-=0	A=22	C=0	
Position 6536:	T=0	G=0	-=0	A=22	C=0	
Position 6537:	T=0	G=0	-=0	A=21	C=0	
Position 6538:	T=0	G=0	-=0	A=20	C=0	
Position 6539:	T=0	G=17	-=0	A=1	C=0	
Position 6540:	T=0	G=17	-=0	A=1	C=0	
Position 6541:	T=16	G=0	-=0	A=0	C=0	
Position 6542:	T=0	G=0	-=0	A=15	C=0	
Position 6543:	T=0	G=0	-=0	A=0	C=14	
Position 6544:	T=0	G=0	-=0	A=14	C=0	
Position 6545:	T=0	G=11	-=0	A=1	C=0	
Position 6546:	T=0	G=0	-=0	A=0	C=11	
Position 6547:	T=10	G=0	-=0	A=0	C=0	
Position 6548:	T=10	G=0	-=0	A=0	C=0	
Position 6549:	T=9	G=0	-=0	A=0	C=0	
Position 6550:	T=8	G=0	-=0	A=0	C=0	
Position 6551:	T=7	G=0	-=0	A=0	C=0	
Position 6552:	T=0	G=0	-=0	A=6	C=0	
Position 6553:	T=0	G=4	-=0	A=1	C=0	
Position 6554:	T=0	G=0	-=0	A=4	C=0	
Position 6555:	T=0	G=0	-=0	A=3	C=0	
Position 6556:	T=3	G=0	-=0	A=0	C=0	
Position 6557:	T=0	G=0	-=0	A=0	C=2	
Position 6558:	T=0	G=0	-=0	A=2	C=0	
Position 6559:	T=0	G=0	-=0	A=2	C=0	
Position 6560:	T=0	G=2	-=0	A=0	C=0	
Position 6561:	T=0	G=2	-=0	A=0	C=0	
Position 6562:	T=0	G=0	-=0	A=1	C=0	
Position 6563:	T=1	G=0	-=0	A=0	C=0	
Position 6564:	T=0	G=0	-=0	A=1	C=0	
Position 6565:	T=0	G=0	-=0	A=0	C=1	
Position 6566:	T=0	G=0	-=0	A=1	C=0	
Position 6567:	T=0	G=0	-=0	A=1	C=0	
Position 6568:	T=0	G=0	-=0	A=0	C=1	
Position 6569:	T=0	G=0	-=0	A=0	C=1	
Position 6570:	T=1	G=0	-=0	A=0	C=0	
Position 6571:	T=1	G=0	-=0	A=0	C=0	
Position 6572:	T=0	G=0	-=0	A=1	C=0	
Position 6573:	T=0	G=0	-=0	A=0	C=3	
Position 6574:	T=3	G=0	-=0	A=0	C=0	
Position 6575:	T=3	G=0	-=0	A=0	C=0	
Position 6576:	T=0	G=0	-=0	A=3	C=0	
Position 6577:	T=0	G=3	-=0	A=0	C=0	
Position 6578:	T=0	G=0	-=0	A=3	C=0	
Position 6579:	T=0	G=3	-=0	A=0	C=0	
Position 6580:	T=0	G=0	-=0	A=3	C=0	
Position 6581:	T=0	G=2	-=0	A=0	C=0	
Position 6582:	T=2	G=0	-=0	A=0	C=0	
Position 6583:	T=0	G=0	-=0	A=2	C=0	
Position 6584:	T=0	G=0	-=0	A=2	C=0	
Position 6585:	T=0	G=0	-=0	A=2	C=0	
Position 6586:	T=2	G=0	-=0	A=0	C=0	
Position 6587:	T=0	G=0	-=0	A=2	C=0	
Position 6588:	T=0	G=0	-=0	A=0	C=2	
Position 6589:	T=2	G=0	-=0	A=0	C=0	
Position 6590:	A=1	N=0	C=0	-=0	G=45	T=0	
Position 6591:	T=0	G=0	-=0	A=2	C=0	
Position 6592:	T=2	G=0	-=0	A=0	C=0	
Position 6593:	T=2	G=0	-=0	A=0	C=0	
Position 6594:	T=0	G=0	-=0	A=2	C=0	
Position 6595:	T=0	G=0	-=0	A=1	C=0	
Position 6596:	T=0	G=0	-=0	A=38	C=0	
Position 6597:	T=38	G=0	-=0	A=0	C=0	
Position 6598:	T=0	G=0	-=0	A=0	C=36	
Position 6599:	T=0	G=0	-=0	A=36	C=0	
Position 6600:	T=36	G=0	-=0	A=0	C=0	
Position 6601:	T=0	G=0	-=0	A=35	C=0	
Position 6602:	T=0	G=33	-=0	A=0	C=0	
Position 6603:	T=32	G=0	-=0	A=0	C=0	
Position 6604:	T=0	G=0	-=0	A=32	C=0	
Position 6605:	T=0	G=31	-=0	A=1	C=0	
Position 6606:	T=0	G=29	-=0	A=2	C=0	
Position 6607:	T=0	G=0	-=0	A=0	C=28	
Position 6608:	T=0	G=0	-=0	A=0	C=28	
Position 6609:	T=27	G=0	-=0	A=0	C=0	
Position 6610:	T=0	G=0	-=0	A=23	C=0	
Position 6611:	T=0	G=22	-=0	A=1	C=0	
Position 6612:	T=0	G=0	-=0	A=22	C=0	
Position 6613:	T=0	G=0	-=0	A=22	C=0	
Position 6614:	T=0	G=22	-=0	A=0	C=0	
Position 6615:	T=0	G=0	-=0	A=0	C=21	
Position 6616:	T=0	G=0	-=0	A=21	C=0	
Position 6617:	T=0	G=18	-=0	A=3	C=0	
Position 6618:	T=0	G=0	-=0	A=0	C=21	
Position 6619:	T=0	G=0	-=0	A=0	C=19	
Position 6620:	T=0	G=0	-=0	A=17	C=0	
Position 6621:	T=16	G=0	-=0	A=0	C=0	
Position 6622:	T=0	G=0	-=0	A=0	C=14	
Position 6623:	T=0	G=0	-=0	A=14	C=0	
Position 6624:	T=0	G=0	-=0	A=12	C=0	
Position 6625:	T=11	G=0	-=0	A=0	C=0	
Position 6626:	T=10	G=0	-=0	A=0	C=0	
Position 6627:	T=0	G=0	-=0	A=7	C=0	
Position 6628:	T=0	G=0	-=0	A=7	C=0	
Position 6629:	T=0	G=6	-=0	A=1	C=0	
Position 6630:	T=0	G=0	-=0	A=7	C=0	
Position 6631:	T=0	G=0	-=0	A=6	C=0	
Position 6632:	T=0	G=0	-=0	A=6	C=0	
Position 6633:	T=0	G=4	-=0	A=0	C=0	
Position 6634:	T=0	G=0	-=0	A=0	C=4	
Position 6635:	T=0	G=4	-=0	A=0	C=0	
Position 6636:	T=3	G=0	-=0	A=0	C=0	
Position 6637:	T=3	G=0	-=0	A=0	C=0	
Position 6638:	T=3	G=0	-=0	A=0	C=0	
Position 6639:	T=0	G=0	-=0	A=3	C=0	
Position 6640:	T=0	G=0	-=0	A=3	C=0	
Position 6641:	T=0	G=1	-=0	A=1	C=0	
Position 6642:	T=0	G=0	-=0	A=0	C=2	
Position 6643:	T=2	G=0	-=0	A=0	C=0	
Position 6644:	T=0	G=0	-=0	A=0	C=2	
Position 6645:	T=0	G=0	-=0	A=2	C=0	
Position 6646:	T=0	G=0	-=0	A=2	C=0	
Position 6647:	T=1	G=0	-=0	A=0	C=2	
Position 6648:	T=0	G=0	-=0	A=2	C=0	
Position 6649:	T=0	G=0	-=0	A=0	C=1	
Position 6650:	T=0	G=0	-=0	A=0	C=1	
Position 6651:	T=0	G=0	-=0	A=0	C=1	
Position 6652:	T=0	G=0	-=0	A=1	C=0	
Position 6653:	T=1	G=0	-=0	A=0	C=0	
Position 6654:	T=0	G=0	-=0	A=1	C=0	
Position 6655:	T=0	G=0	-=0	A=0	C=1	
Position 6656:	T=0	G=0	-=0	A=0	C=1	
Position 6657:	T=0	G=0	-=0	A=1	C=0	
Position 6658:	T=0	G=0	-=0	A=1	C=0	
Position 6659:	T=0	G=0	-=0	A=0	C=1	
Position 6660:	T=0	G=0	-=0	A=0	C=1	
Position 6661:	T=1	G=0	-=0	A=0	C=0	
Position 6662:	T=0	G=1	-=0	A=0	C=0	
Position 6663:	T=0	G=0	-=0	A=1	C=0	
Position 6664:	T=1	G=0	-=0	A=0	C=0	
Position 6665:	T=0	G=0	-=0	A=1	C=0	
Position 6666:	T=0	G=0	-=0	A=0	C=1	
Position 6667:	T=0	G=0	-=0	A=0	C=1	
Position 6668:	T=0	G=0	-=0	A=1	C=0	
Position 6669:	T=0	G=0	-=0	A=1	C=0	
Position 6670:	T=0	G=0	-=0	A=1	C=0	
Position 6671:	T=0	G=0	-=0	A=1	C=0	
Position 6672:	T=0	G=0	-=0	A=1	C=0	
Position 6673:	T=1	G=0	-=0	A=0	C=0	
Position 6674:	T=0	G=0	-=0	A=1	C=0	
Position 6675:	T=40	G=0	-=0	A=0	C=0	
Position 6676:	T=3	G=0	-=0	A=0	C=36	
Position 6677:	T=0	G=0	-=0	A=0	C=37	
Position 6678:	T=0	G=0	-=0	A=37	C=0	
Position 6679:	T=0	G=0	-=0	A=36	C=0	
Position 6680:	T=37	G=0	-=0	A=0	C=0	
Position 6681:	T=37	G=0	-=0	A=0	C=0	
Position 6682:	T=0	G=0	-=0	A=37	C=0	
Position 6683:	T=0	G=0	-=0	A=36	C=0	
Position 6684:	T=0	G=0	-=0	A=0	C=34	
Position 6685:	T=34	G=0	-=0	A=0	C=0	
Position 6686:	T=0	G=0	-=0	A=0	C=34	
Position 6687:	T=0	G=0	-=0	A=0	C=32	
Position 6688:	T=31	G=0	-=0	A=0	C=0	
Position 6689:	T=0	G=0	-=0	A=31	C=0	
Position 6690:	T=0	G=0	-=0	A=30	C=0	
Position 6691:	T=30	G=0	-=0	A=0	C=0	
Position 6692:	T=0	G=0	-=0	A=29	C=0	
Position 6693:	T=29	G=0	-=0	A=0	C=0	
Position 6694:	T=0	G=0	-=0	A=28	C=0	
Position 6695:	T=0	G=0	-=0	A=28	C=0	
Position 6696:	T=27	G=0	-=0	A=0	C=0	
Position 6697:	T=0	G=0	-=0	A=27	C=0	
Position 6698:	T=0	G=0	-=0	A=25	C=0	
Position 6699:	T=0	G=0	-=0	A=0	C=24	
Position 6700:	T=24	G=0	-=0	A=0	C=0	
Position 6701:	T=0	G=23	-=0	A=1	C=0	
Position 6702:	T=0	G=22	-=0	A=2	C=0	
Position 6703:	T=0	G=22	-=0	A=2	C=0	
Position 6704:	T=0	G=0	-=0	A=0	C=23	
Position 6705:	T=22	G=0	-=0	A=0	C=0	
Position 6706:	T=0	G=0	-=0	A=22	C=0	
Position 6707:	T=0	G=0	-=0	A=21	C=0	
Position 6708:	T=21	G=0	-=0	A=0	C=0	
Position 6709:	T=0	G=0	-=0	A=0	C=21	
Position 6710:	T=20	G=0	-=0	A=0	C=0	
Position 6711:	T=0	G=0	-=0	A=20	C=0	
Position 6712:	T=20	G=0	-=0	A=0	C=0	
Position 6713:	T=20	G=0	-=0	A=0	C=0	
Position 6714:	T=20	G=0	-=0	A=0	C=0	
Position 6715:	T=0	G=0	-=0	A=19	C=0	
Position 6716:	T=0	G=0	-=0	A=18	C=0	
Position 6717:	T=0	G=0	-=0	A=18	C=0	
Position 6718:	T=18	G=0	-=0	A=0	C=0	
Position 6719:	T=0	G=0	-=0	A=17	C=0	
Position 6720:	T=17	G=0	-=0	A=0	C=0	
Position 6721:	T=0	G=0	-=0	A=16	C=0	
Position 6722:	T=0	G=14	-=0	A=1	C=0	
Position 6723:	T=0	G=0	-=0	A=15	C=0	
Position 6724:	T=0	G=0	-=0	A=15	C=0	
Position 6725:	T=0	G=11	-=0	A=2	C=0	
Position 6726:	T=0	G=0	-=0	A=0	C=12	
Position 6727:	T=0	G=0	-=0	A=10	C=0	
Position 6728:	T=0	G=0	-=0	A=7	C=0	
Position 6729:	T=0	G=0	-=0	A=0	C=7	
Position 6730:	T=0	G=0	-=0	A=7	C=0	
Position 6731:	T=0	G=0	-=0	A=7	C=0	
Position 6732:	T=7	G=0	-=0	A=0	C=0	
Position 6733:	T=0	G=5	-=0	A=0	C=0	
Position 6734:	T=0	G=0	-=0	A=0	C=5	
Position 6735:	T=5	G=0	-=0	A=0	C=0	
Position 6736:	T=0	G=0	-=0	A=4	C=0	
Position 6737:	T=0	G=0	-=0	A=3	C=0	
Position 6738:	T=3	G=0	-=0	A=0	C=0	
Position 6739:	T=0	G=0	-=0	A=3	C=0	
Position 6740:	T=3	G=0	-=0	A=0	C=0	
Position 6741:	T=0	G=3	-=0	A=0	C=0	
Position 6742:	T=0	G=0	-=0	A=3	C=0	
Position 6743:	T=0	G=3	-=0	A=0	C=0	
Position 6744:	T=3	G=0	-=0	A=0	C=0	
Position 6745:	T=0	G=0	-=0	A=3	C=0	
Position 6746:	T=0	G=0	-=0	A=3	C=0	
Position 6747:	T=0	G=0	-=0	A=0	C=3	
Position 6748:	T=0	G=3	-=0	A=0	C=0	
Position 6749:	T=0	G=0	-=0	A=3	C=0	
Position 6750:	T=0	G=2	-=0	A=1	C=0	
Position 6751:	T=0	G=0	-=0	A=3	C=0	
Position 6752:	T=0	G=0	-=0	A=3	C=0	
Position 6753:	T=0	G=2	-=0	A=1	C=0	
Position 6754:	T=2	G=0	-=0	A=0	C=0	
Position 6755:	T=0	G=0	-=0	A=2	C=0	
Position 6756:	T=0	G=0	-=0	A=0	C=2	
Position 6757:	T=2	G=0	-=0	A=0	C=0	
Position 6758:	T=2	G=0	-=0	A=0	C=0	
Position 6759:	T=1	G=0	-=0	A=0	C=2	
Position 6760:	T=2	G=0	-=0	A=0	C=0	
Position 6761:	T=0	G=0	-=0	A=0	C=10	
Position 6762:	T=0	G=0	-=0	A=0	C=10	
Position 6763:	T=0	G=0	-=0	A=10	C=0	
Position 6764:	T=0	G=0	-=0	A=10	C=0	
Position 6765:	T=0	G=0	-=0	A=0	C=9	
Position 6766:	T=0	G=9	-=0	A=0	C=0	
Position 6767:	A=0	N=0	C=9	-=0	G=0	T=0	
Position 6768:	T=0	G=0	-=0	A=9	C=0	
Position 6769:	T=9	G=0	-=0	A=0	C=0	
Position 6770:	T=0	G=0	-=0	A=9	C=0	
Position 6771:	T=0	G=0	-=0	A=9	C=0	
Position 6772:	T=0	G=7	-=0	A=1	C=0	
Position 6773:	T=0	G=0	-=0	A=0	C=8	
Position 6774:	T=7	G=0	-=0	A=0	C=0	
Position 6775:	T=7	G=0	-=0	A=0	C=0	
Position 6776:	T=0	G=0	-=0	A=7	C=0	
Position 6777:	T=6	G=0	-=0	A=0	C=0	
Position 6778:	T=0	G=0	-=0	A=4	C=0	
Position 6779:	T=0	G=0	-=0	A=4	C=0	
Position 6780:	T=0	G=0	-=0	A=0	C=3	
Position 6781:	T=0	G=0	-=0	A=3	C=0	
Position 6782:	T=0	G=3	-=0	A=0	C=0	
Position 6783:	T=0	G=0	-=0	A=0	C=3	
Position 6784:	T=0	G=0	-=0	A=3	C=0	
Position 6785:	T=0	G=0	-=0	A=2	C=0	
Position 6786:	T=0	G=0	-=0	A=0	C=2	
Position 6787:	A=1	N=0	C=0	-=0	G=2	T=0	
Position 6788:	A=1	N=0	C=0	-=0	G=2	T=0	
Position 6789:	T=0	G=0	-=0	A=2	C=0	
Position 6790:	T=2	G=0	-=0	A=0	C=0	
Position 6791:	T=0	G=0	-=0	A=2	C=0	
Position 6792:	T=0	G=0	-=0	A=1	C=0	
Position 6793:	T=0	G=0	-=0	A=0	C=1	
Position 6794:	T=0	G=0	-=0	A=0	C=1	
Position 6795:	T=0	G=0	-=0	A=1	C=0	
Position 6796:	T=0	G=0	-=0	A=0	C=1	
Position 6797:	T=1	G=0	-=0	A=0	C=0	
Position 6798:	T=0	G=1	-=0	A=0	C=0	
Position 6799:	T=0	G=0	-=0	A=1	C=0	
Position 6800:	T=1	G=0	-=0	A=0	C=0	
Position 6801:	T=0	G=0	-=0	A=1	C=0	
Position 6802:	T=0	G=1	-=0	A=0	C=0	
Position 6803:	T=1	G=0	-=0	A=0	C=0	
Position 6804:	T=1	G=0	-=0	A=0	C=0	
Position 6805:	T=0	G=0	-=0	A=1	C=0	
Position 6806:	T=0	G=0	-=0	A=1	C=0	
Position 6807:	T=0	G=0	-=0	A=0	C=1	
Position 6808:	T=0	G=0	-=0	A=1	C=0	
Position 6809:	T=0	G=0	-=0	A=1	C=0	
Position 6810:	T=0	G=0	-=0	A=0	C=1	
Position 6811:	T=0	G=0	-=0	A=1	C=0	
Position 6812:	T=0	G=0	-=0	A=1	C=0	
Position 6813:	T=0	G=0	-=0	A=0	C=3	
Position 6814:	T=0	G=1	-=0	A=0	C=0	
Position 6815:	T=1	G=0	-=0	A=0	C=0	
Position 6816:	T=0	G=0	-=0	A=1	C=0	
Position 6817:	T=0	G=1	-=0	A=0	C=0	
Position 6818:	T=0	G=0	-=0	A=1	C=0	
Position 6819:	T=0	G=0	-=0	A=1	C=0	
Position 6820:	T=0	G=0	-=0	A=1	C=0	
Position 6821:	T=1	G=0	-=0	A=0	C=0	
Position 6822:	T=0	G=0	-=0	A=1	C=0	
Position 6823:	T=0	G=0	-=0	A=1	C=0	
Position 6824:	T=1	G=0	-=0	A=0	C=0	
Position 6825:	T=0	G=0	-=0	A=0	C=1	
Position 6826:	T=0	G=0	-=0	A=0	C=1	
Position 6827:	T=0	G=0	-=0	A=1	C=0	
Position 6828:	T=0	G=0	-=0	A=1	C=0	
Position 6829:	T=0	G=0	-=0	A=0	C=1	
Position 6830:	T=0	G=0	-=0	A=1	C=0	
Position 6831:	T=0	G=0	-=0	A=1	C=0	
Position 6832:	T=1	G=0	-=0	A=0	C=0	
Position 6833:	T=0	G=0	-=0	A=1	C=0	
Position 6834:	T=0	G=0	-=0	A=1	C=0	
Position 6835:	T=0	G=0	-=0	A=1	C=0	
Position 6836:	T=0	G=0	-=0	A=1	C=0	
Position 6837:	T=0	G=0	-=0	A=0	C=1	
Position 6838:	T=0	G=0	-=0	A=1	C=0	
Position 6839:	T=0	G=0	-=0	A=0	C=1	
Position 6840:	T=0	G=0	-=0	A=0	C=1	
Position 6841:	T=17	G=0	-=0	A=0	C=0	
Position 6842:	T=0	G=0	-=0	A=17	C=0	
Position 6843:	T=0	G=0	-=0	A=0	C=17	
Position 6844:	T=0	G=0	-=0	A=0	C=17	
Position 6845:	T=0	G=0	-=0	A=15	C=0	
Position 6846:	T=0	G=0	-=0	A=13	C=0	
Position 6847:	T=0	G=0	-=0	A=10	C=0	
Position 6848:	T=0	G=0	-=0	A=0	C=10	
Position 6849:	T=0	G=0	-=0	A=0	C=10	
Position 6850:	T=0	G=0	-=0	A=10	C=0	
Position 6851:	T=0	G=0	-=0	A=9	C=0	
Position 6852:	T=9	G=0	-=0	A=0	C=0	
Position 6853:	T=9	G=0	-=0	A=0	C=0	
Position 6854:	T=0	G=9	-=0	A=0	C=0	
Position 6855:	T=9	G=0	-=0	A=0	C=0	
Position 6856:	T=8	G=0	-=0	A=0	C=0	
Position 6857:	T=0	G=0	-=0	A=8	C=0	
Position 6858:	T=0	G=0	-=0	A=7	C=0	
Position 6859:	T=7	G=0	-=0	A=0	C=0	
Position 6860:	T=0	G=0	-=0	A=0	C=7	
Position 6861:	T=0	G=0	-=0	A=0	C=7	
Position 6862:	T=0	G=0	-=0	A=6	C=0	
Position 6863:	T=0	G=0	-=0	A=5	C=0	
Position 6864:	T=0	G=0	-=0	A=0	C=5	
Position 6865:	T=0	G=0	-=0	A=5	C=0	
Position 6866:	T=0	G=0	-=0	A=0	C=3	
Position 6867:	T=0	G=0	-=0	A=3	C=0	
Position 6868:	T=0	G=2	-=0	A=1	C=0	
Position 6869:	T=0	G=3	-=0	A=0	C=0	
Position 6870:	T=0	G=0	-=0	A=0	C=3	
Position 6871:	T=0	G=0	-=0	A=3	C=0	
Position 6872:	T=3	G=0	-=0	A=0	C=0	
Position 6873:	T=0	G=1	-=0	A=0	C=0	
Position 6874:	T=0	G=0	-=0	A=0	C=1	
Position 6875:	T=0	G=1	-=0	A=0	C=0	
Position 6876:	T=0	G=0	-=0	A=1	C=0	
Position 6877:	T=0	G=0	-=0	A=0	C=1	
Position 6878:	T=1	G=0	-=0	A=0	C=0	
Position 6879:	T=0	G=0	-=0	A=1	C=0	
Position 6880:	T=0	G=0	-=0	A=1	C=0	
Position 6881:	T=0	G=1	-=0	A=0	C=0	
Position 6882:	T=0	G=1	-=0	A=0	C=0	
Position 6883:	T=0	G=0	-=0	A=1	C=0	
Position 6884:	T=0	G=0	-=0	A=1	C=0	
Position 6885:	T=0	G=0	-=0	A=1	C=0	
Position 6886:	T=0	G=1	-=0	A=0	C=0	
Position 6887:	T=0	G=0	-=0	A=1	C=0	
Position 6888:	T=1	G=0	-=0	A=0	C=0	
Position 6889:	T=1	G=0	-=0	A=0	C=0	
Position 6890:	T=0	G=0	-=0	A=1	C=0	
Position 6891:	T=0	G=0	-=0	A=1	C=0	
Position 6892:	T=0	G=0	-=0	A=1	C=0	
Position 6893:	T=0	G=0	-=0	A=1	C=0	
Position 6894:	T=0	G=1	-=0	A=0	C=0	
Position 6895:	T=0	G=0	-=0	A=1	C=0	
Position 6896:	T=0	G=0	-=0	A=1	C=0	
Position 6897:	T=0	G=1	-=0	A=0	C=0	
Position 6898:	T=1	G=0	-=0	A=0	C=0	
Position 6899:	T=0	G=0	-=0	A=1	C=0	
Position 6900:	T=0	G=0	-=0	A=1	C=0	
Position 6901:	T=0	G=0	-=0	A=1	C=0	
Position 6902:	T=0	G=0	-=0	A=1	C=0	
Position 6903:	T=0	G=1	-=0	A=0	C=0	
Position 6904:	T=0	G=1	-=0	A=0	C=0	
Position 6905:	T=0	G=0	-=0	A=1	C=0	
Position 6906:	T=0	G=0	-=0	A=1	C=0	
Position 6907:	T=0	G=0	-=0	A=0	C=6	
Position 6908:	T=5	G=0	-=0	A=0	C=0	
Position 6909:	T=0	G=0	-=0	A=0	C=5	
Position 6910:	T=0	G=4	-=0	A=1	C=0	
Position 6911:	T=0	G=3	-=0	A=2	C=0	
Position 6912:	T=0	G=0	-=0	A=0	C=3	
Position 6913:	T=0	G=0	-=0	A=3	C=0	
Position 6914:	T=0	G=0	-=0	A=3	C=0	
Position 6915:	T=0	G=0	-=0	A=2	C=0	
Position 6916:	T=0	G=0	-=0	A=0	C=2	
Position 6917:	T=0	G=0	-=0	A=2	C=0	
Position 6918:	T=0	G=0	-=0	A=0	C=2	
Position 6919:	T=0	G=0	-=0	A=2	C=0	
Position 6920:	T=0	G=0	-=0	A=66	C=0	
Position 6921:	T=0	G=0	-=0	A=66	C=0	
Position 6922:	T=0	G=0	-=0	A=0	C=65	
Position 6923:	T=0	G=0	-=0	A=0	C=66	
Position 6924:	T=0	G=0	-=0	A=0	C=63	
Position 6925:	T=1	G=0	-=0	A=0	C=60	
Position 6926:	T=0	G=56	-=0	A=4	C=0	
Position 6927:	T=3	G=0	-=0	A=0	C=56	
Position 6928:	T=1	G=0	-=0	A=0	C=56	
Position 6929:	T=58	G=0	-=0	A=0	C=0	
Position 6930:	T=0	G=57	-=0	A=0	C=0	
Position 6931:	T=57	G=0	-=0	A=0	C=0	
Position 6932:	T=56	G=0	-=0	A=0	C=0	
Position 6933:	T=57	G=0	-=0	A=0	C=0	
Position 6934:	T=0	G=0	-=0	A=57	C=0	
Position 6935:	T=0	G=0	-=0	A=0	C=58	
Position 6936:	T=0	G=0	-=0	A=0	C=53	
Position 6937:	T=0	G=0	-=0	A=53	C=1	
Position 6938:	T=0	G=0	-=0	A=53	C=0	
Position 6939:	T=0	G=0	-=0	A=55	C=0	
Position 6940:	T=0	G=0	-=0	A=55	C=0	
Position 6941:	T=0	G=0	-=0	A=56	C=0	
Position 6942:	T=2	G=0	-=0	A=0	C=53	
Position 6943:	T=0	G=0	-=0	A=55	C=0	
Position 6944:	T=55	G=0	-=0	A=0	C=0	
Position 6945:	T=0	G=0	-=0	A=0	C=56	
Position 6946:	T=0	G=0	-=0	A=58	C=0	
Position 6947:	T=3	G=0	-=0	A=0	C=54	
Position 6948:	T=2	G=0	-=0	A=0	C=53	
Position 6949:	T=56	G=0	-=0	A=0	C=0	
Position 6950:	T=0	G=0	-=0	A=0	C=57	
Position 6951:	T=0	G=0	-=0	A=0	C=55	
Position 6952:	T=0	G=0	-=0	A=55	C=0	
Position 6953:	T=0	G=55	-=0	A=2	C=0	
Position 6954:	T=0	G=0	-=0	A=0	C=58	
Position 6955:	T=0	G=0	-=0	A=61	C=0	
Position 6956:	T=61	G=0	-=0	A=0	C=0	
Position 6957:	T=61	G=0	-=0	A=0	C=0	
Position 6958:	T=0	G=0	-=0	A=0	C=59	
Position 6959:	T=2	G=0	-=0	A=0	C=54	
Position 6960:	T=2	G=0	-=0	A=0	C=53	
Position 6961:	T=0	G=0	-=0	A=54	C=0	
Position 6962:	T=0	G=53	-=0	A=1	C=0	
Position 6963:	T=55	G=0	-=0	A=0	C=0	
Position 6964:	T=0	G=0	-=0	A=54	C=0	
Position 6965:	T=53	G=0	-=0	A=0	C=0	
Position 6966:	T=51	G=0	-=0	A=0	C=0	
Position 6967:	T=0	G=49	-=0	A=0	C=0	
Position 6968:	T=0	G=46	-=0	A=0	C=0	
Position 6969:	T=0	G=0	-=0	A=45	C=0	
Position 6970:	T=0	G=42	-=0	A=2	C=0	
Position 6971:	T=0	G=42	-=0	A=2	C=0	
Position 6972:	T=0	G=0	-=0	A=0	C=46	
Position 6973:	T=0	G=0	-=0	A=46	C=0	
Position 6974:	T=2	G=0	-=0	A=0	C=43	
Position 6975:	T=44	G=0	-=0	A=0	C=0	
Position 6976:	T=0	G=41	-=0	A=3	C=0	
Position 6977:	T=2	G=0	-=0	A=0	C=41	
Position 6978:	T=0	G=0	-=0	A=0	C=41	
Position 6979:	T=42	G=0	-=0	A=0	C=0	
Position 6980:	T=0	G=40	-=0	A=1	C=0	
Position 6981:	T=3	G=0	-=0	A=0	C=39	
Position 6982:	T=1	G=0	-=0	A=0	C=40	
Position 6983:	T=1	G=0	-=0	A=0	C=39	
Position 6984:	T=0	G=38	-=0	A=3	C=0	
Position 6985:	T=0	G=38	-=0	A=1	C=0	
Position 6986:	T=37	G=0	-=0	A=0	C=0	
Position 6987:	T=0	G=35	-=0	A=2	C=0	
Position 6988:	T=0	G=0	-=0	A=35	C=0	
Position 6989:	T=0	G=0	-=0	A=0	C=34	
Position 6990:	T=0	G=0	-=0	A=32	C=0	
Position 6991:	T=32	G=0	-=0	A=0	C=0	
Position 6992:	T=0	G=0	-=0	A=0	C=33	
Position 6993:	T=0	G=0	-=0	A=30	C=0	
Position 6994:	T=0	G=28	-=0	A=1	C=0	
Position 6995:	T=29	G=0	-=0	A=0	C=0	
Position 6996:	T=28	G=0	-=0	A=0	C=0	
Position 6997:	T=0	G=0	-=0	A=28	C=0	
Position 6998:	T=0	G=0	-=0	A=28	C=0	
Position 6999:	T=0	G=0	-=0	A=27	C=0	
Position 7000:	T=1	G=0	-=0	A=0	C=26	
Position 7001:	T=0	G=25	-=0	A=2	C=0	
Position 7002:	T=0	G=26	-=0	A=0	C=0	
Position 7003:	T=0	G=0	-=0	A=0	C=26	
Position 7004:	T=0	G=0	-=0	A=0	C=26	
Position 7005:	T=0	G=26	-=0	A=0	C=0	
Position 7006:	T=0	G=0	-=0	A=0	C=26	
Position 7007:	T=0	G=26	-=0	A=0	C=0	
Position 7008:	T=0	G=26	-=0	A=0	C=0	
Position 7009:	T=26	G=0	-=0	A=0	C=0	
Position 7010:	T=0	G=0	-=0	A=26	C=0	
Position 7011:	T=25	G=0	-=0	A=0	C=0	
Position 7012:	T=23	G=0	-=0	A=0	C=0	
Position 7013:	T=0	G=0	-=0	A=0	C=22	
Position 7014:	T=20	G=0	-=0	A=0	C=0	
Position 7015:	T=0	G=16	-=0	A=1	C=0	
Position 7016:	T=0	G=0	-=0	A=15	C=0	
Position 7017:	A=0	N=0	C=14	-=0	G=0	T=0	
Position 7018:	A=0	N=0	C=12	-=0	G=0	T=0	
Position 7019:	T=0	G=10	-=0	A=2	C=0	
Position 7020:	T=12	G=0	-=0	A=0	C=0	
Position 7021:	T=0	G=8	-=0	A=2	C=0	
Position 7022:	T=0	G=0	-=0	A=0	C=10	
Position 7023:	T=0	G=0	-=0	A=9	C=0	
Position 7024:	T=0	G=0	-=0	A=7	C=0	
Position 7025:	T=0	G=0	-=0	A=7	C=0	
Position 7026:	T=0	G=4	-=0	A=0	C=0	
Position 7027:	T=0	G=7	-=0	A=2	C=0	
Position 7028:	T=7	G=0	-=0	A=0	C=0	
Position 7029:	T=0	G=0	-=0	A=7	C=0	
Position 7030:	T=0	G=7	-=0	A=0	C=0	
Position 7031:	T=0	G=0	-=0	A=0	C=7	
Position 7032:	T=0	G=0	-=0	A=7	C=0	
Position 7033:	T=7	G=0	-=0	A=0	C=0	
Position 7034:	T=0	G=0	-=0	A=7	C=0	
Position 7035:	T=0	G=0	-=0	A=8	C=0	
Position 7036:	T=8	G=0	-=0	A=0	C=0	
Position 7037:	T=1	G=0	-=0	A=0	C=7	
Position 7038:	T=0	G=0	-=0	A=8	C=0	
Position 7039:	T=8	G=0	-=0	A=0	C=0	
Position 7040:	T=9	G=0	-=0	A=0	C=0	
Position 7041:	T=9	G=0	-=0	A=0	C=0	
Position 7042:	T=0	G=9	-=0	A=0	C=0	
Position 7043:	T=11	G=0	-=0	A=0	C=0	
Position 7044:	T=12	G=0	-=0	A=0	C=0	
Position 7045:	T=1	G=0	-=0	A=0	C=12	
Position 7046:	T=13	G=0	-=0	A=0	C=0	
Position 7047:	T=0	G=0	-=0	A=0	C=13	
Position 7048:	T=13	G=0	-=0	A=0	C=0	
Position 7049:	T=0	G=0	-=0	A=13	C=0	
Position 7050:	T=0	G=0	-=0	A=13	C=0	
Position 7051:	T=0	G=0	-=0	A=14	C=0	
Position 7052:	T=15	G=0	-=0	A=0	C=0	
Position 7053:	T=0	G=0	-=0	A=16	C=0	
Position 7054:	T=0	G=0	-=0	A=18	C=0	
Position 7055:	T=0	G=17	-=0	A=1	C=0	
Position 7056:	T=0	G=18	-=0	A=0	C=0	
Position 7057:	T=0	G=0	-=0	A=18	C=0	
Position 7058:	T=1	G=0	-=0	A=0	C=17	
Position 7059:	T=18	G=0	-=0	A=0	C=0	
Position 7060:	T=18	G=0	-=0	A=0	C=0	
Position 7061:	T=0	G=18	-=0	A=0	C=0	
Position 7062:	T=18	G=0	-=0	A=0	C=0	
Position 7063:	T=0	G=0	-=0	A=18	C=0	
Position 7064:	T=18	G=0	-=0	A=0	C=0	
Position 7065:	T=0	G=18	-=0	A=0	C=0	
Position 7066:	T=0	G=0	-=0	A=18	C=0	
Position 7067:	T=0	G=0	-=0	A=18	C=0	
Position 7068:	T=0	G=0	-=0	A=18	C=0	
Position 7069:	T=0	G=18	-=0	A=0	C=0	
Position 7070:	T=0	G=18	-=0	A=0	C=0	
Position 7071:	T=0	G=0	-=0	A=0	C=18	
Position 7072:	T=0	G=0	-=0	A=0	C=18	
Position 7073:	T=0	G=0	-=0	A=18	C=0	
Position 7074:	T=0	G=0	-=0	A=0	C=18	
Position 7075:	T=0	G=0	-=0	A=18	C=0	
Position 7076:	T=0	G=0	-=0	A=0	C=18	
Position 7077:	T=0	G=16	-=0	A=2	C=0	
Position 7078:	T=0	G=0	-=0	A=18	C=0	
Position 7079:	T=0	G=13	-=0	A=2	C=0	
Position 7080:	T=0	G=15	-=0	A=0	C=0	
Position 7081:	T=0	G=13	-=0	A=2	C=0	
Position 7082:	T=14	G=0	-=0	A=0	C=0	
Position 7083:	T=13	G=0	-=0	A=0	C=0	
Position 7084:	T=13	G=0	-=0	A=0	C=0	
Position 7085:	T=0	G=0	-=0	A=11	C=0	
Position 7086:	T=0	G=0	-=0	A=10	C=0	
Position 7087:	T=0	G=0	-=0	A=0	C=9	
Position 7088:	T=8	G=0	-=0	A=0	C=0	
Position 7089:	T=0	G=5	-=0	A=2	C=0	
Position 7090:	T=6	G=0	-=0	A=0	C=0	
Position 7091:	T=0	G=0	-=0	A=0	C=4	
Position 7092:	T=3	G=0	-=0	A=0	C=0	
Position 7093:	T=0	G=0	-=0	A=0	C=2	
Position 7094:	T=2	G=0	-=0	A=0	C=0	
Position 7095:	T=2	G=0	-=0	A=0	C=0	
Position 7096:	T=0	G=0	-=0	A=2	C=0	
Position 7097:	T=2	G=0	-=0	A=0	C=42	
Position 7098:	T=43	G=0	-=0	A=0	C=0	
Position 7099:	T=41	G=0	-=0	A=0	C=0	
Position 7100:	T=2	G=0	-=0	A=0	C=40	
Position 7101:	T=2	G=0	-=0	A=0	C=41	
Position 7102:	T=0	G=0	-=0	A=41	C=0	
Position 7103:	T=0	G=0	-=0	A=41	C=0	
Position 7104:	T=41	G=0	-=0	A=0	C=0	
Position 7105:	T=1	G=0	-=0	A=0	C=38	
Position 7106:	T=0	G=0	-=0	A=38	C=0	
Position 7107:	T=0	G=36	-=0	A=1	C=0	
Position 7108:	T=37	G=0	-=0	A=0	C=0	
Position 7109:	T=0	G=37	-=0	A=0	C=0	
Position 7110:	T=0	G=0	-=0	A=36	C=0	
Position 7111:	T=0	G=0	-=0	A=34	C=0	
Position 7112:	T=0	G=0	-=0	A=34	C=0	
Position 7113:	T=34	G=0	-=0	A=0	C=0	
Position 7114:	T=32	G=0	-=0	A=0	C=0	
Position 7115:	T=0	G=32	-=0	A=0	C=0	
Position 7116:	T=0	G=0	-=0	A=32	C=0	
Position 7117:	T=0	G=0	-=0	A=0	C=32	
Position 7118:	T=1	G=0	-=0	A=0	C=31	
Position 7119:	T=32	G=0	-=0	A=0	C=0	
Position 7120:	T=29	G=0	-=0	A=0	C=0	
Position 7121:	T=0	G=0	-=0	A=0	C=28	
Position 7122:	T=0	G=0	-=0	A=0	C=28	
Position 7123:	T=0	G=0	-=0	A=0	C=27	
Position 7124:	T=0	G=25	-=0	A=1	C=0	
Position 7125:	T=26	G=0	-=0	A=0	C=0	
Position 7126:	T=0	G=26	-=0	A=0	C=0	
Position 7127:	T=0	G=0	-=0	A=26	C=0	
Position 7128:	T=0	G=0	-=0	A=22	C=0	
Position 7129:	T=0	G=21	-=0	A=1	C=0	
Position 7130:	T=0	G=0	-=0	A=21	C=0	
Position 7131:	T=0	G=20	-=0	A=1	C=0	
Position 7132:	T=0	G=20	-=0	A=0	C=0	
Position 7133:	T=0	G=0	-=0	A=0	C=20	
Position 7134:	T=0	G=18	-=0	A=0	C=0	
Position 7135:	T=0	G=16	-=0	A=1	C=0	
Position 7136:	T=0	G=17	-=0	A=0	C=0	
Position 7137:	T=0	G=0	-=0	A=17	C=0	
Position 7138:	T=0	G=0	-=0	A=15	C=0	
Position 7139:	T=15	G=0	-=0	A=0	C=0	
Position 7140:	T=0	G=0	-=0	A=15	C=0	
Position 7141:	T=0	G=0	-=0	A=15	C=0	
Position 7142:	T=0	G=0	-=0	A=13	C=0	
Position 7143:	T=0	G=0	-=0	A=13	C=0	
Position 7144:	T=12	G=0	-=0	A=0	C=0	
Position 7145:	T=0	G=0	-=0	A=12	C=0	
Position 7146:	T=0	G=0	-=0	A=11	C=0	
Position 7147:	T=11	G=0	-=0	A=0	C=0	
Position 7148:	T=0	G=0	-=0	A=11	C=0	
Position 7149:	T=0	G=0	-=0	A=11	C=0	
Position 7150:	T=0	G=8	-=0	A=2	C=0	
Position 7151:	T=0	G=0	-=0	A=8	C=0	
Position 7152:	T=0	G=0	-=0	A=0	C=8	
Position 7153:	T=0	G=8	-=0	A=0	C=0	
Position 7154:	T=0	G=0	-=0	A=8	C=0	
Position 7155:	T=0	G=6	-=0	A=2	C=0	
Position 7156:	T=0	G=0	-=0	A=7	C=0	
Position 7157:	T=0	G=0	-=0	A=7	C=0	
Position 7158:	T=0	G=3	-=0	A=1	C=0	
Position 7159:	T=0	G=0	-=0	A=3	C=0	
Position 7160:	T=0	G=0	-=0	A=0	C=2	
Position 7161:	T=0	G=0	-=0	A=0	C=2	
Position 7162:	T=0	G=0	-=0	A=0	C=2	
Position 7163:	T=2	G=0	-=0	A=0	C=0	
Position 7164:	T=0	G=0	-=0	A=2	C=0	
Position 7165:	T=2	G=0	-=0	A=0	C=0	
Position 7166:	T=0	G=1	-=0	A=0	C=0	
Position 7167:	T=0	G=1	-=0	A=0	C=0	
Position 7168:	T=0	G=0	-=0	A=1	C=0	
Position 7169:	T=0	G=1	-=0	A=0	C=0	
Position 7170:	T=1	G=0	-=0	A=0	C=35	
Position 7171:	T=38	G=0	-=0	A=0	C=0	
Position 7172:	T=39	G=0	-=0	A=0	C=0	
Position 7173:	T=0	G=0	-=0	A=0	C=40	
Position 7174:	T=0	G=0	-=0	A=42	C=0	
Position 7175:	T=0	G=0	-=0	A=43	C=0	
Position 7176:	T=45	G=0	-=0	A=0	C=0	
Position 7177:	T=48	G=0	-=0	A=0	C=0	
Position 7178:	T=0	G=0	-=0	A=47	C=0	
Position 7179:	T=0	G=0	-=0	A=50	C=0	
Position 7180:	T=51	G=0	-=0	A=0	C=0	
Position 7181:	T=53	G=0	-=0	A=0	C=0	
Position 7182:	T=0	G=0	-=0	A=55	C=0	
Position 7183:	T=0	G=57	-=0	A=0	C=0	
Position 7184:	T=3	G=0	-=0	A=0	C=55	
Position 7185:	T=60	G=0	-=0	A=0	C=0	
Position 7186:	T=1	G=0	-=0	A=0	C=61	
Position 7187:	T=0	G=0	-=0	A=64	C=0	
Position 7188:	T=0	G=0	-=0	A=67	C=0	
Position 7189:	T=0	G=0	-=0	A=69	C=0	
Position 7190:	T=0	G=0	-=0	A=69	C=0	
Position 7191:	T=0	G=64	-=0	A=2	C=0	
Position 7192:	T=0	G=64	-=0	A=0	C=0	
Position 7193:	T=0	G=0	-=0	A=63	C=0	
Position 7194:	T=63	G=0	-=0	A=0	C=0	
Position 7195:	T=63	G=0	-=0	A=0	C=0	
Position 7196:	T=62	G=0	-=0	A=0	C=0	
Position 7197:	T=0	G=0	-=0	A=62	C=0	
Position 7198:	T=60	G=0	-=0	A=0	C=0	
Position 7199:	T=58	G=0	-=0	A=0	C=0	
Position 7200:	T=57	G=0	-=0	A=0	C=0	
Position 7201:	T=0	G=0	-=0	A=55	C=0	
Position 7202:	T=0	G=0	-=0	A=0	C=54	
Position 7203:	T=0	G=0	-=0	A=0	C=53	
Position 7204:	T=0	G=0	-=0	A=53	C=0	
Position 7205:	T=0	G=50	-=0	A=3	C=0	
Position 7206:	T=0	G=0	-=0	A=53	C=0	
Position 7207:	T=0	G=0	-=0	A=0	C=51	
Position 7208:	T=0	G=0	-=0	A=0	C=49	
Position 7209:	T=0	G=0	-=0	A=47	C=0	
Position 7210:	T=0	G=0	-=0	A=45	C=0	
Position 7211:	T=0	G=0	-=0	A=0	C=44	
Position 7212:	T=0	G=0	-=0	A=41	C=0	
Position 7213:	T=0	G=40	-=0	A=1	C=0	
Position 7214:	T=0	G=33	-=0	A=7	C=0	
Position 7215:	T=0	G=0	-=0	A=36	C=0	
Position 7216:	T=0	G=0	-=0	A=35	C=0	
Position 7217:	T=0	G=0	-=0	A=0	C=33	
Position 7218:	T=0	G=0	-=0	A=33	C=0	
Position 7219:	T=0	G=0	-=0	A=31	C=0	
Position 7220:	T=0	G=0	-=0	A=0	C=27	
Position 7221:	T=0	G=0	-=0	A=24	C=0	
Position 7222:	T=22	G=0	-=0	A=0	C=0	
Position 7223:	T=0	G=0	-=0	A=19	C=0	
Position 7224:	T=17	G=0	-=0	A=0	C=0	
Position 7225:	T=17	G=0	-=0	A=0	C=0	
Position 7226:	T=0	G=0	-=0	A=0	C=14	
Position 7227:	T=0	G=0	-=0	A=0	C=13	
Position 7228:	T=13	G=0	-=0	A=0	C=0	
Position 7229:	T=13	G=0	-=0	A=0	C=0	
Position 7230:	T=0	G=0	-=0	A=0	C=11	
Position 7231:	T=0	G=0	-=0	A=0	C=10	
Position 7232:	T=0	G=0	-=0	A=10	C=0	
Position 7233:	T=10	G=0	-=0	A=0	C=0	
Position 7234:	T=0	G=7	-=0	A=2	C=0	
Position 7235:	T=0	G=0	-=0	A=8	C=0	
Position 7236:	T=0	G=7	-=0	A=0	C=0	
Position 7237:	T=0	G=0	-=0	A=0	C=6	
Position 7238:	T=6	G=0	-=0	A=0	C=0	
Position 7239:	T=0	G=0	-=0	A=4	C=0	
Position 7240:	T=0	G=4	-=0	A=0	C=0	
Position 7241:	T=0	G=0	-=0	A=0	C=4	
Position 7242:	T=0	G=0	-=0	A=4	C=0	
Position 7243:	T=0	G=0	-=0	A=4	C=0	
Position 7244:	T=3	G=0	-=0	A=0	C=0	
Position 7245:	T=3	G=0	-=0	A=0	C=0	
Position 7246:	T=3	G=0	-=0	A=0	C=0	
Position 7247:	T=0	G=0	-=0	A=3	C=0	
Position 7248:	T=0	G=3	-=0	A=0	C=0	
Position 7249:	T=0	G=3	-=0	A=0	C=0	
Position 7250:	T=3	G=0	-=0	A=0	C=0	
Position 7251:	T=3	G=0	-=0	A=0	C=0	
Position 7252:	T=0	G=3	-=0	A=0	C=0	
Position 7253:	T=0	G=3	-=0	A=0	C=0	
Position 7254:	T=0	G=3	-=0	A=0	C=0	
Position 7255:	T=0	G=3	-=0	A=0	C=0	
Position 7256:	T=0	G=0	-=0	A=0	C=3	
Position 7257:	T=0	G=3	-=0	A=0	C=0	
Position 7258:	T=0	G=0	-=0	A=3	C=0	
Position 7259:	T=0	G=0	-=0	A=0	C=3	
Position 7260:	T=0	G=0	-=0	A=0	C=3	
Position 7261:	T=1	G=0	-=0	A=0	C=0	
Position 7262:	T=0	G=0	-=0	A=0	C=1	
Position 7263:	T=0	G=2	-=0	A=2	C=0	
Position 7264:	T=0	G=2	-=0	A=1	C=0	
Position 7265:	T=0	G=0	-=0	A=3	C=0	
Position 7266:	T=0	G=2	-=0	A=0	C=0	
Position 7267:	T=2	G=0	-=0	A=0	C=0	
Position 7268:	T=0	G=0	-=0	A=2	C=0	
Position 7269:	T=0	G=0	-=0	A=0	C=2	
Position 7270:	T=0	G=0	-=0	A=2	C=0	
Position 7271:	T=0	G=0	-=0	A=2	C=0	
Position 7272:	T=0	G=0	-=0	A=2	C=0	
Position 7273:	T=0	G=0	-=0	A=2	C=0	
Position 7274:	T=2	G=0	-=0	A=0	C=0	
Position 7275:	T=0	G=0	-=0	A=2	C=0	
Position 7276:	T=0	G=0	-=0	A=2	C=0	
Position 7277:	T=0	G=0	-=0	A=0	C=2	
Position 7278:	T=0	G=0	-=0	A=0	C=1	
Position 7279:	T=1	G=0	-=0	A=0	C=0	
Position 7280:	T=0	G=0	-=0	A=0	C=1	
Position 7281:	T=0	G=0	-=0	A=0	C=1	
Position 7282:	T=0	G=1	-=0	A=0	C=0	
Position 7283:	T=0	G=0	-=0	A=1	C=0	
Position 7284:	T=0	G=1	-=0	A=0	C=0	
Position 7285:	T=1	G=0	-=0	A=0	C=0	
Position 7286:	T=0	G=1	-=0	A=0	C=0	
Position 7287:	T=0	G=0	-=0	A=1	C=0	
Position 7288:	T=1	G=0	-=0	A=0	C=0	
Position 7289:	T=0	G=0	-=0	A=1	C=0	
Position 7290:	T=1	G=0	-=0	A=0	C=0	
Position 7291:	T=1	G=0	-=0	A=0	C=0	
Position 7292:	T=0	G=0	-=0	A=1	C=0	
Position 7293:	T=0	G=0	-=0	A=1	C=0	
Position 7294:	T=1	G=0	-=0	A=0	C=0	
Position 7295:	T=0	G=0	-=0	A=0	C=1	
Position 7296:	T=1	G=0	-=0	A=0	C=0	
Position 7297:	T=0	G=0	-=0	A=1	C=0	
Position 7298:	T=0	G=1	-=0	A=0	C=0	
Position 7299:	T=0	G=0	-=0	A=1	C=0	
Position 7300:	T=0	G=0	-=0	A=0	C=1	
Position 7301:	T=0	G=1	-=0	A=0	C=0	
Position 7302:	T=1	G=0	-=0	A=0	C=0	
Position 7303:	T=0	G=0	-=0	A=1	C=0	
Position 7304:	T=0	G=0	-=0	A=0	C=1	
Position 7305:	T=0	G=0	-=0	A=0	C=1	
Position 7306:	T=1	G=0	-=0	A=0	C=0	
Position 7307:	A=1	N=0	C=0	-=0	G=22	T=0	
Position 7308:	T=1	G=0	-=0	A=0	C=0	
Position 7309:	T=0	G=0	-=0	A=0	C=1	
Position 7310:	T=0	G=0	-=0	A=1	C=0	
Position 7311:	T=0	G=0	-=0	A=1	C=0	
Position 7312:	T=0	G=0	-=0	A=1	C=0	
Position 7313:	T=0	G=0	-=0	A=1	C=0	
Position 7314:	T=1	G=0	-=0	A=0	C=0	
Position 7315:	T=0	G=1	-=0	A=0	C=0	
Position 7316:	T=0	G=0	-=0	A=0	C=1	
Position 7317:	T=1	G=0	-=0	A=0	C=0	
Position 7318:	T=0	G=0	-=0	A=0	C=1	
Position 7319:	T=0	G=0	-=0	A=1	C=0	
Position 7320:	T=0	G=0	-=0	A=0	C=1	
Position 7321:	T=1	G=0	-=0	A=0	C=0	
Position 7322:	T=1	G=0	-=0	A=0	C=0	
Position 7323:	T=0	G=0	-=0	A=1	C=0	
Position 7324:	T=0	G=0	-=0	A=0	C=1	
Position 7325:	T=1	G=0	-=0	A=0	C=0	
Position 7326:	T=1	G=0	-=0	A=0	C=0	
Position 7327:	T=0	G=0	-=0	A=1	C=0	
Position 7328:	T=1	G=0	-=0	A=0	C=0	
Position 7329:	T=1	G=0	-=0	A=0	C=0	
Position 7330:	T=0	G=1	-=0	A=0	C=0	
Position 7331:	T=0	G=0	-=0	A=1	C=0	
Position 7332:	T=1	G=0	-=0	A=0	C=0	
Position 7333:	T=0	G=0	-=0	A=0	C=1	
Position 7334:	T=0	G=0	-=0	A=0	C=1	
Position 7335:	T=0	G=0	-=0	A=1	C=0	
Position 7336:	T=0	G=0	-=0	A=1	C=0	
Position 7337:	T=0	G=0	-=0	A=1	C=0	
Position 7338:	T=0	G=0	-=0	A=1	C=0	
Position 7339:	T=0	G=0	-=0	A=0	C=1	
Position 7340:	T=1	G=0	-=0	A=0	C=0	
Position 7341:	T=1	G=0	-=0	A=0	C=0	
Position 7342:	T=0	G=0	-=0	A=0	C=1	
Position 7343:	T=1	G=0	-=0	A=0	C=0	
Position 7344:	T=1	G=0	-=0	A=0	C=0	
Position 7345:	T=1	G=0	-=0	A=0	C=0	
Position 7346:	T=0	G=1	-=0	A=0	C=0	
Position 7347:	T=0	G=0	-=0	A=1	C=0	
Position 7348:	T=1	G=0	-=0	A=0	C=0	
Position 7349:	T=0	G=0	-=0	A=0	C=1	
Position 7350:	T=0	G=0	-=0	A=1	C=0	
Position 7351:	T=0	G=0	-=0	A=1	C=0	
Position 7352:	T=0	G=0	-=0	A=0	C=1	
Position 7353:	T=0	G=1	-=0	A=0	C=0	
Position 7354:	T=0	G=1	-=0	A=0	C=0	
Position 7355:	T=0	G=0	-=0	A=1	C=0	
Position 7356:	T=0	G=0	-=0	A=1	C=0	
Position 7357:	T=0	G=0	-=0	A=0	C=1	
Position 7358:	T=0	G=0	-=0	A=1	C=0	
Position 7359:	T=0	G=0	-=0	A=1	C=0	
Position 7360:	T=0	G=1	-=0	A=0	C=0	
Position 7361:	T=1	G=0	-=0	A=0	C=0	
Position 7362:	T=1	G=0	-=0	A=0	C=0	
Position 7363:	T=0	G=0	-=0	A=1	C=0	
Position 7364:	T=0	G=0	-=0	A=0	C=1	
Position 7365:	T=0	G=0	-=0	A=0	C=1	
Position 7366:	T=0	G=0	-=0	A=0	C=1	
Position 7367:	T=1	G=0	-=0	A=0	C=0	
Position 7368:	T=0	G=0	-=0	A=1	C=0	
Position 7369:	T=0	G=45	-=0	A=1	C=0	
Position 7370:	T=0	G=48	-=0	A=1	C=0	
Position 7371:	T=0	G=49	-=0	A=0	C=0	
Position 7372:	T=0	G=0	-=0	A=48	C=0	
Position 7373:	T=50	G=0	-=0	A=0	C=0	
Position 7374:	T=0	G=0	-=0	A=50	C=0	
Position 7375:	T=0	G=0	-=0	A=50	C=0	
Position 7376:	T=1	G=0	-=0	A=0	C=49	
Position 7377:	T=0	G=0	-=0	A=50	C=0	
Position 7378:	T=0	G=53	-=0	A=0	C=0	
Position 7379:	T=1	G=0	-=0	A=0	C=54	
Position 7380:	T=0	G=53	-=0	A=1	C=0	
Position 7381:	T=1	G=0	-=0	A=0	C=53	
Position 7382:	T=0	G=0	-=0	A=52	C=0	
Position 7383:	T=0	G=0	-=0	A=52	C=0	
Position 7384:	T=52	G=0	-=0	A=0	C=0	
Position 7385:	T=0	G=0	-=0	A=0	C=51	
Position 7386:	T=1	G=0	-=0	A=0	C=49	
Position 7387:	T=49	G=0	-=0	A=0	C=0	
Position 7388:	T=0	G=47	-=0	A=2	C=0	
Position 7389:	T=46	G=0	-=0	A=0	C=0	
Position 7390:	T=45	G=0	-=0	A=0	C=0	
Position 7391:	T=44	G=0	-=0	A=0	C=0	
Position 7392:	T=0	G=0	-=0	A=43	C=0	
Position 7393:	T=0	G=0	-=0	A=43	C=0	
Position 7394:	T=0	G=36	-=0	A=5	C=0	
Position 7395:	T=0	G=0	-=0	A=39	C=0	
Position 7396:	T=0	G=34	-=0	A=2	C=0	
Position 7397:	T=35	G=0	-=0	A=0	C=0	
Position 7398:	T=0	G=0	-=0	A=0	C=32	
Position 7399:	T=0	G=0	-=0	A=0	C=30	
Position 7400:	T=0	G=0	-=0	A=30	C=0	
Position 7401:	T=30	G=0	-=0	A=0	C=0	
Position 7402:	T=0	G=0	-=0	A=29	C=0	
Position 7403:	T=28	G=0	-=0	A=0	C=0	
Position 7404:	T=0	G=0	-=0	A=0	C=27	
Position 7405:	T=0	G=24	-=0	A=2	C=0	
Position 7406:	T=0	G=0	-=0	A=25	C=0	
Position 7407:	T=0	G=0	-=0	A=0	C=24	
Position 7408:	T=0	G=0	-=0	A=22	C=0	
Position 7409:	T=0	G=0	-=0	A=17	C=0	
Position 7410:	T=17	G=0	-=0	A=0	C=0	
Position 7411:	T=0	G=0	-=0	A=15	C=0	
Position 7412:	T=0	G=14	-=0	A=0	C=0	
Position 7413:	T=0	G=13	-=0	A=0	C=0	
Position 7414:	T=0	G=13	-=0	A=0	C=0	
Position 7415:	T=13	G=0	-=0	A=0	C=0	
Position 7416:	T=13	G=0	-=0	A=0	C=0	
Position 7417:	T=13	G=0	-=0	A=0	C=0	
Position 7418:	T=0	G=0	-=0	A=11	C=0	
Position 7419:	T=0	G=0	-=0	A=0	C=11	
Position 7420:	T=0	G=9	-=0	A=2	C=0	
Position 7421:	T=0	G=0	-=0	A=11	C=0	
Position 7422:	T=0	G=0	-=0	A=0	C=11	
Position 7423:	T=0	G=0	-=0	A=0	C=11	
Position 7424:	T=9	G=0	-=0	A=0	C=0	
Position 7425:	T=0	G=0	-=0	A=0	C=8	
Position 7426:	T=0	G=7	-=0	A=1	C=0	
Position 7427:	T=0	G=0	-=0	A=7	C=0	
Position 7428:	T=7	G=0	-=0	A=0	C=0	
Position 7429:	T=0	G=6	-=0	A=0	C=0	
Position 7430:	T=5	G=0	-=0	A=0	C=0	
Position 7431:	T=4	G=0	-=0	A=0	C=0	
Position 7432:	T=0	G=4	-=0	A=0	C=0	
Position 7433:	T=0	G=4	-=0	A=0	C=0	
Position 7434:	T=0	G=0	-=0	A=4	C=0	
Position 7435:	T=4	G=0	-=0	A=0	C=0	
Position 7436:	T=0	G=0	-=0	A=0	C=4	
Position 7437:	T=0	G=0	-=0	A=4	C=0	
Position 7438:	T=0	G=4	-=0	A=0	C=0	
Position 7439:	T=0	G=4	-=0	A=0	C=0	
Position 7440:	T=0	G=0	-=0	A=4	C=0	
Position 7441:	T=0	G=0	-=0	A=0	C=4	
Position 7442:	T=0	G=0	-=0	A=4	C=0	
Position 7443:	T=4	G=0	-=0	A=0	C=0	
Position 7444:	T=0	G=0	-=0	A=0	C=4	
Position 7445:	T=0	G=0	-=0	A=0	C=4	
Position 7446:	T=4	G=0	-=0	A=0	C=0	
Position 7447:	T=0	G=0	-=0	A=3	C=0	
Position 7448:	T=0	G=0	-=0	A=3	C=0	
Position 7449:	T=3	G=0	-=0	A=0	C=0	
Position 7450:	T=0	G=2	-=0	A=0	C=0	
Position 7451:	T=0	G=2	-=0	A=0	C=0	
Position 7452:	T=2	G=0	-=0	A=0	C=0	
Position 7453:	T=0	G=2	-=0	A=0	C=0	
Position 7454:	T=0	G=0	-=0	A=0	C=2	
Position 7455:	T=0	G=0	-=0	A=2	C=0	
Position 7456:	T=0	G=2	-=0	A=0	C=0	
Position 7457:	T=0	G=0	-=0	A=0	C=2	
Position 7458:	T=0	G=0	-=0	A=2	C=0	
Position 7459:	T=0	G=2	-=0	A=0	C=0	
Position 7460:	T=0	G=0	-=0	A=0	C=2	
Position 7461:	T=1	G=0	-=0	A=0	C=0	
Position 7462:	T=0	G=0	-=0	A=1	C=0	
Position 7463:	T=1	G=0	-=0	A=0	C=0	
Position 7464:	T=1	G=0	-=0	A=0	C=0	
Position 7465:	T=0	G=0	-=0	A=1	C=0	
Position 7466:	T=0	G=0	-=0	A=1	C=0	
Position 7467:	T=0	G=1	-=0	A=0	C=0	
Position 7468:	T=0	G=1	-=0	A=0	C=0	
Position 7469:	T=0	G=1	-=0	A=0	C=0	
Position 7470:	T=1	G=0	-=0	A=0	C=0	
Position 7471:	T=1	G=0	-=0	A=0	C=0	
Position 7472:	T=0	G=0	-=0	A=0	C=1	
Position 7473:	T=0	G=1	-=0	A=0	C=0	
Position 7474:	T=1	G=0	-=0	A=0	C=0	
Position 7475:	T=1	G=0	-=0	A=0	C=0	
Position 7476:	T=1	G=0	-=0	A=0	C=0	
Position 7477:	T=0	G=1	-=0	A=0	C=0	
Position 7478:	T=1	G=0	-=0	A=0	C=0	
Position 7479:	T=1	G=0	-=0	A=0	C=0	
Position 7480:	T=0	G=0	-=0	A=0	C=2	
Position 7481:	T=0	G=0	-=0	A=2	C=0	
Position 7482:	T=0	G=0	-=0	A=2	C=0	
Position 7483:	T=0	G=0	-=0	A=0	C=2	
Position 7484:	T=0	G=2	-=0	A=0	C=0	
Position 7485:	T=0	G=0	-=0	A=4	C=0	
Position 7486:	T=6	G=0	-=0	A=0	C=0	
Position 7487:	T=6	G=0	-=0	A=0	C=0	
Position 7488:	T=0	G=0	-=0	A=6	C=0	
Position 7489:	T=0	G=0	-=0	A=6	C=0	
Position 7490:	T=0	G=0	-=0	A=6	C=0	
Position 7491:	T=0	G=6	-=0	A=0	C=0	
Position 7492:	T=7	G=0	-=0	A=0	C=0	
Position 7493:	T=0	G=0	-=0	A=0	C=8	
Position 7494:	T=1	G=0	-=0	A=0	C=8	
Position 7495:	T=10	G=0	-=0	A=0	C=0	
Position 7496:	T=0	G=0	-=0	A=12	C=0	
Position 7497:	T=2	G=0	-=0	A=0	C=11	
Position 7498:	T=0	G=13	-=0	A=0	C=0	
Position 7499:	T=13	G=0	-=0	A=0	C=0	
Position 7500:	T=0	G=15	-=0	A=0	C=0	
Position 7501:	T=0	G=0	-=0	A=15	C=0	
Position 7502:	T=15	G=0	-=0	A=0	C=0	
Position 7503:	T=2	G=0	-=0	A=0	C=16	
Position 7504:	T=18	G=0	-=0	A=0	C=0	
Position 7505:	T=0	G=19	-=0	A=0	C=0	
Position 7506:	T=0	G=0	-=0	A=20	C=0	
Position 7507:	T=0	G=20	-=0	A=0	C=0	
Position 7508:	T=20	G=0	-=0	A=0	C=0	
Position 7509:	T=20	G=0	-=0	A=0	C=0	
Position 7510:	T=1	G=0	-=0	A=0	C=20	
Position 7511:	T=0	G=0	-=0	A=22	C=0	
Position 7512:	T=0	G=22	-=0	A=0	C=0	
Position 7513:	T=0	G=0	-=0	A=22	C=0	
Position 7514:	T=0	G=0	-=0	A=0	C=24	
Position 7515:	T=4	G=0	-=0	A=0	C=20	
Position 7516:	T=0	G=24	-=0	A=0	C=0	
Position 7517:	T=0	G=24	-=0	A=0	C=0	
Position 7518:	T=0	G=0	-=0	A=24	C=0	
Position 7519:	T=0	G=24	-=0	A=0	C=0	
Position 7520:	T=0	G=0	-=0	A=0	C=25	
Position 7521:	T=0	G=0	-=0	A=25	C=0	
Position 7522:	T=0	G=0	-=0	A=26	C=0	
Position 7523:	T=26	G=0	-=0	A=0	C=0	
Position 7524:	T=0	G=0	-=0	A=0	C=26	
Position 7525:	T=1	G=0	-=0	A=0	C=25	
Position 7526:	T=0	G=0	-=0	A=26	C=0	
Position 7527:	T=0	G=25	-=0	A=1	C=0	
Position 7528:	T=0	G=26	-=0	A=0	C=0	
Position 7529:	T=27	G=0	-=0	A=0	C=0	
Position 7530:	T=0	G=0	-=0	A=0	C=27	
Position 7531:	T=0	G=26	-=0	A=1	C=0	
Position 7532:	T=0	G=24	-=0	A=2	C=0	
Position 7533:	T=24	G=0	-=0	A=0	C=0	
Position 7534:	T=24	G=0	-=0	A=0	C=0	
Position 7535:	T=22	G=0	-=0	A=0	C=0	
Position 7536:	T=0	G=0	-=0	A=0	C=22	
Position 7537:	T=23	G=0	-=0	A=0	C=0	
Position 7538:	T=0	G=0	-=0	A=21	C=0	
Position 7539:	T=20	G=0	-=0	A=0	C=0	
Position 7540:	T=0	G=0	-=0	A=0	C=19	
Position 7541:	T=16	G=0	-=0	A=0	C=0	
Position 7542:	T=0	G=0	-=0	A=15	C=0	
Position 7543:	T=16	G=0	-=0	A=0	C=0	
Position 7544:	T=17	G=0	-=0	A=0	C=0	
Position 7545:	T=16	G=0	-=0	A=0	C=0	
Position 7546:	T=0	G=0	-=0	A=16	C=0	
Position 7547:	T=0	G=0	-=0	A=15	C=0	
Position 7548:	T=0	G=0	-=0	A=14	C=0	
Position 7549:	T=13	G=0	-=0	A=0	C=0	
Position 7550:	T=0	G=13	-=0	A=1	C=0	
Position 7551:	T=0	G=0	-=0	A=13	C=0	
Position 7552:	T=2	G=0	-=0	A=0	C=13	
Position 7553:	T=2	G=0	-=0	A=0	C=14	
Position 7554:	T=15	G=0	-=0	A=0	C=0	
Position 7555:	T=1	G=0	-=0	A=0	C=15	
Position 7556:	T=17	G=0	-=0	A=0	C=0	
Position 7557:	T=1	G=0	-=0	A=0	C=19	
Position 7558:	T=2	G=0	-=0	A=0	C=19	
Position 7559:	T=2	G=0	-=0	A=0	C=20	
Position 7560:	T=0	G=0	-=0	A=23	C=0	
Position 7561:	T=0	G=23	-=0	A=0	C=0	
Position 7562:	T=23	G=0	-=0	A=0	C=0	
Position 7563:	T=0	G=0	-=0	A=23	C=0	
Position 7564:	T=1	G=0	-=0	A=0	C=22	
Position 7565:	T=0	G=23	-=0	A=0	C=0	
Position 7566:	T=0	G=0	-=0	A=23	C=0	
Position 7567:	T=0	G=0	-=0	A=25	C=0	
Position 7568:	T=0	G=0	-=0	A=25	C=0	
Position 7569:	T=0	G=24	-=0	A=1	C=0	
Position 7570:	T=0	G=25	-=0	A=0	C=0	
Position 7571:	T=0	G=0	-=0	A=25	C=0	
Position 7572:	T=0	G=0	-=0	A=0	C=25	
Position 7573:	T=0	G=0	-=0	A=25	C=0	
Position 7574:	T=0	G=0	-=0	A=24	C=0	
Position 7575:	T=0	G=24	-=0	A=0	C=0	
Position 7576:	T=0	G=0	-=0	A=24	C=0	
Position 7577:	T=0	G=24	-=0	A=0	C=0	
Position 7578:	T=0	G=0	-=0	A=24	C=0	
Position 7579:	T=0	G=0	-=0	A=24	C=0	
Position 7580:	T=0	G=24	-=0	A=0	C=0	
Position 7581:	T=24	G=0	-=0	A=0	C=0	
Position 7582:	T=0	G=0	-=0	A=23	C=0	
Position 7583:	T=0	G=0	-=0	A=23	C=0	
Position 7584:	T=0	G=23	-=0	A=0	C=0	
Position 7585:	T=0	G=23	-=0	A=0	C=0	
Position 7586:	T=0	G=0	-=0	A=0	C=22	
Position 7587:	T=0	G=0	-=0	A=0	C=21	
Position 7588:	T=20	G=0	-=0	A=0	C=0	
Position 7589:	T=0	G=0	-=0	A=0	C=20	
Position 7590:	T=0	G=0	-=0	A=0	C=20	
Position 7591:	T=0	G=0	-=0	A=0	C=20	
Position 7592:	T=20	G=0	-=0	A=0	C=0	
Position 7593:	T=0	G=0	-=0	A=0	C=17	
Position 7594:	T=0	G=15	-=0	A=1	C=0	
Position 7595:	T=0	G=0	-=0	A=0	C=15	
Position 7596:	T=0	G=0	-=0	A=0	C=15	
Position 7597:	T=0	G=0	-=0	A=12	C=0	
Position 7598:	T=0	G=0	-=0	A=11	C=0	
Position 7599:	T=0	G=0	-=0	A=11	C=0	
Position 7600:	T=0	G=10	-=0	A=1	C=0	
Position 7601:	T=1	G=0	-=0	A=0	C=8	
Position 7602:	T=0	G=8	-=0	A=1	C=0	
Position 7603:	T=0	G=0	-=0	A=0	C=9	
Position 7604:	T=0	G=0	-=0	A=0	C=9	
Position 7605:	T=8	G=0	-=0	A=0	C=0	
Position 7606:	T=8	G=0	-=0	A=0	C=0	
Position 7607:	T=0	G=0	-=0	A=7	C=0	
Position 7608:	T=0	G=0	-=0	A=6	C=0	
Position 7609:	T=0	G=6	-=0	A=0	C=0	
Position 7610:	T=0	G=0	-=0	A=6	C=0	
Position 7611:	T=0	G=0	-=0	A=0	C=6	
Position 7612:	T=0	G=0	-=0	A=0	C=6	
Position 7613:	T=0	G=0	-=0	A=6	C=0	
Position 7614:	T=0	G=0	-=0	A=6	C=0	
Position 7615:	T=6	G=0	-=0	A=0	C=0	
Position 7616:	T=0	G=0	-=0	A=6	C=0	
Position 7617:	T=0	G=6	-=0	A=0	C=0	
Position 7618:	T=0	G=0	-=0	A=6	C=0	
Position 7619:	T=6	G=0	-=0	A=0	C=0	
Position 7620:	T=0	G=5	-=0	A=1	C=0	
Position 7621:	T=0	G=0	-=0	A=6	C=0	
Position 7622:	T=0	G=0	-=0	A=0	C=5	
Position 7623:	T=5	G=0	-=0	A=0	C=0	
Position 7624:	T=5	G=0	-=0	A=0	C=0	
Position 7625:	T=0	G=0	-=0	A=4	C=0	
Position 7626:	T=0	G=4	-=0	A=0	C=0	
Position 7627:	T=4	G=0	-=0	A=0	C=0	
Position 7628:	T=0	G=0	-=0	A=0	C=4	
Position 7629:	T=4	G=0	-=0	A=0	C=0	
Position 7630:	T=0	G=0	-=0	A=4	C=0	
Position 7631:	T=0	G=0	-=0	A=3	C=0	
Position 7632:	T=0	G=0	-=0	A=3	C=0	
Position 7633:	T=0	G=0	-=0	A=0	C=3	
Position 7634:	T=0	G=0	-=0	A=0	C=3	
Position 7635:	T=3	G=0	-=0	A=0	C=0	
Position 7636:	T=0	G=0	-=0	A=3	C=0	
Position 7637:	T=0	G=3	-=0	A=0	C=0	
Position 7638:	T=3	G=0	-=0	A=0	C=0	
Position 7639:	T=0	G=0	-=0	A=3	C=0	
Position 7640:	T=0	G=0	-=0	A=3	C=0	
Position 7641:	T=0	G=3	-=0	A=0	C=0	
Position 7642:	T=3	G=0	-=0	A=0	C=0	
Position 7643:	T=0	G=0	-=0	A=0	C=2	
Position 7644:	T=2	G=0	-=0	A=0	C=0	
Position 7645:	T=0	G=0	-=0	A=2	C=0	
Position 7646:	T=0	G=0	-=0	A=0	C=2	
Position 7647:	T=0	G=0	-=0	A=0	C=2	
Position 7648:	T=0	G=0	-=0	A=0	C=1	
Position 7649:	T=0	G=0	-=0	A=0	C=1	
Position 7650:	T=0	G=0	-=0	A=0	C=1	
Position 7651:	T=0	G=0	-=0	A=1	C=0	
Position 7652:	T=0	G=0	-=0	A=1	C=0	
Position 7653:	T=0	G=0	-=0	A=0	C=1	
Position 7654:	T=0	G=1	-=0	A=0	C=0	
Position 7655:	T=1	G=0	-=0	A=0	C=0	
Position 7656:	T=1	G=0	-=0	A=0	C=0	
Position 7657:	T=0	G=1	-=0	A=0	C=0	
Position 7658:	T=0	G=0	-=0	A=0	C=1	
Position 7659:	T=0	G=0	-=0	A=0	C=1	
Position 7660:	T=0	G=0	-=0	A=0	C=1	
Position 7661:	T=0	G=0	-=0	A=1	C=0	
Position 7662:	T=0	G=0	-=0	A=1	C=0	
Position 7663:	T=0	G=1	-=0	A=0	C=0	
Position 7664:	T=0	G=0	-=0	A=1	C=0	
Position 7665:	T=0	G=1	-=0	A=0	C=0	
Position 7666:	T=0	G=0	-=0	A=1	C=0	
Position 7667:	T=0	G=0	-=0	A=0	C=8	
Position 7668:	T=0	G=0	-=0	A=8	C=0	
Position 7669:	T=0	G=8	-=0	A=0	C=0	
Position 7670:	T=0	G=7	-=0	A=0	C=0	
Position 7671:	T=0	G=6	-=0	A=0	C=0	
Position 7672:	T=0	G=0	-=0	A=0	C=6	
Position 7673:	T=4	G=0	-=0	A=0	C=0	
Position 7674:	T=2	G=0	-=0	A=0	C=0	
Position 7675:	T=1	G=0	-=0	A=0	C=0	
Position 7676:	T=0	G=1	-=0	A=0	C=0	
Position 7677:	T=1	G=0	-=0	A=0	C=0	
Position 7678:	T=1	G=0	-=0	A=0	C=0	
Position 7679:	T=0	G=0	-=0	A=18	C=0	
Position 7680:	T=0	G=15	-=0	A=2	C=0	
Position 7681:	T=0	G=15	-=0	A=1	C=0	
Position 7682:	T=0	G=15	-=0	A=0	C=0	
Position 7683:	T=14	G=0	-=0	A=0	C=0	
Position 7684:	T=0	G=14	-=0	A=0	C=0	
Position 7685:	T=0	G=13	-=0	A=1	C=0	
Position 7686:	T=0	G=0	-=0	A=0	C=13	
Position 7687:	T=0	G=0	-=0	A=13	C=0	
Position 7688:	T=0	G=13	-=0	A=0	C=0	
Position 7689:	T=0	G=0	-=0	A=12	C=0	
Position 7690:	T=0	G=11	-=0	A=1	C=0	
Position 7691:	T=0	G=0	-=0	A=0	C=12	
Position 7692:	T=0	G=0	-=0	A=0	C=12	
Position 7693:	T=0	G=0	-=0	A=0	C=12	
Position 7694:	T=0	G=12	-=0	A=0	C=0	
Position 7695:	T=0	G=10	-=0	A=1	C=0	
Position 7696:	T=11	G=0	-=0	A=0	C=0	
Position 7697:	T=0	G=10	-=0	A=0	C=0	
Position 7698:	T=0	G=0	-=0	A=10	C=0	
Position 7699:	T=9	G=0	-=0	A=0	C=0	
Position 7700:	T=9	G=0	-=0	A=0	C=0	
Position 7701:	T=0	G=8	-=0	A=1	C=0	
Position 7702:	T=0	G=0	-=0	A=0	C=9	
Position 7703:	T=0	G=0	-=0	A=9	C=0	
Position 7704:	T=8	G=0	-=0	A=0	C=0	
Position 7705:	T=0	G=0	-=0	A=8	C=0	
Position 7706:	T=0	G=0	-=0	A=7	C=0	
Position 7707:	T=0	G=0	-=0	A=5	C=0	
Position 7708:	T=0	G=0	-=0	A=5	C=0	
Position 7709:	T=0	G=0	-=0	A=0	C=5	
Position 7710:	T=5	G=0	-=0	A=0	C=0	
Position 7711:	T=5	G=0	-=0	A=0	C=0	
Position 7712:	T=0	G=0	-=0	A=5	C=0	
Position 7713:	T=0	G=0	-=0	A=5	C=0	
Position 7714:	T=0	G=0	-=0	A=3	C=0	
Position 7715:	T=0	G=0	-=0	A=0	C=3	
Position 7716:	T=0	G=0	-=0	A=0	C=3	
Position 7717:	T=3	G=0	-=0	A=0	C=0	
Position 7718:	T=3	G=0	-=0	A=0	C=0	
Position 7719:	T=3	G=0	-=0	A=0	C=0	
Position 7720:	T=0	G=0	-=0	A=2	C=0	
Position 7721:	T=2	G=0	-=0	A=0	C=0	
Position 7722:	T=0	G=0	-=0	A=2	C=0	
Position 7723:	T=0	G=0	-=0	A=0	C=2	
Position 7724:	T=2	G=0	-=0	A=0	C=0	
Position 7725:	T=0	G=0	-=0	A=0	C=2	
Position 7726:	T=0	G=0	-=0	A=2	C=0	
Position 7727:	T=0	G=2	-=0	A=0	C=0	
Position 7728:	T=0	G=0	-=0	A=1	C=0	
Position 7729:	T=0	G=1	-=0	A=0	C=0	
Position 7730:	T=0	G=1	-=0	A=0	C=0	
Position 7731:	T=1	G=0	-=0	A=0	C=0	
Position 7732:	T=1	G=0	-=0	A=0	C=0	
Position 7733:	T=0	G=0	-=0	A=0	C=1	
Position 7734:	T=0	G=0	-=0	A=1	C=0	
Position 7735:	T=0	G=0	-=0	A=1	C=0	
Position 7736:	T=0	G=0	-=0	A=1	C=0	
Position 7737:	T=1	G=0	-=0	A=0	C=0	
Position 7738:	T=0	G=0	-=0	A=0	C=1	
Position 7739:	T=0	G=0	-=0	A=0	C=1	
Position 7740:	T=1	G=0	-=0	A=0	C=0	
Position 7741:	T=0	G=0	-=0	A=0	C=1	
Position 7742:	T=1	G=0	-=0	A=0	C=0	
Position 7743:	T=0	G=0	-=0	A=0	C=1	
Position 7744:	T=0	G=0	-=0	A=0	C=1	
Position 7745:	T=0	G=0	-=0	A=0	C=1	
Position 7746:	T=1	G=0	-=0	A=0	C=0	
Position 7747:	T=0	G=0	-=0	A=1	C=0	
Position 7748:	T=0	G=0	-=0	A=6	C=0	
Position 7749:	T=0	G=0	-=0	A=0	C=6	
Position 7750:	T=0	G=0	-=0	A=5	C=0	
Position 7751:	T=0	G=0	-=0	A=0	C=5	
Position 7752:	T=5	G=0	-=0	A=0	C=0	
Position 7753:	T=0	G=0	-=0	A=5	C=0	
Position 7754:	T=5	G=0	-=0	A=0	C=0	
Position 7755:	T=0	G=2	-=0	A=1	C=0	
Position 7756:	T=3	G=0	-=0	A=0	C=0	
Position 7757:	T=2	G=0	-=0	A=0	C=0	
Position 7758:	T=1	G=0	-=0	A=0	C=0	
Position 7759:	T=0	G=0	-=0	A=16	C=0	
Position 7760:	T=12	G=0	-=0	A=0	C=0	
Position 7761:	T=0	G=0	-=0	A=12	C=0	
Position 7762:	T=0	G=0	-=0	A=12	C=0	
Position 7763:	T=12	G=0	-=0	A=0	C=0	
Position 7764:	T=10	G=0	-=0	A=0	C=0	
Position 7765:	T=0	G=0	-=0	A=9	C=0	
Position 7766:	T=0	G=0	-=0	A=9	C=0	
Position 7767:	T=0	G=0	-=0	A=0	C=8	
Position 7768:	T=0	G=0	-=0	A=8	C=0	
Position 7769:	T=8	G=0	-=0	A=0	C=0	
Position 7770:	T=8	G=0	-=0	A=0	C=0	
Position 7771:	T=0	G=0	-=0	A=8	C=0	
Position 7772:	T=8	G=0	-=0	A=0	C=0	
Position 7773:	T=0	G=0	-=0	A=0	C=8	
Position 7774:	T=8	G=0	-=0	A=0	C=0	
Position 7775:	T=0	G=0	-=0	A=0	C=8	
Position 7776:	T=0	G=0	-=0	A=8	C=0	
Position 7777:	T=0	G=0	-=0	A=0	C=8	
Position 7778:	T=8	G=0	-=0	A=0	C=0	
Position 7779:	T=0	G=0	-=0	A=7	C=0	
Position 7780:	T=0	G=5	-=0	A=1	C=0	
Position 7781:	T=5	G=0	-=0	A=0	C=0	
Position 7782:	T=0	G=0	-=0	A=0	C=5	
Position 7783:	T=0	G=5	-=0	A=0	C=0	
Position 7784:	T=5	G=0	-=0	A=0	C=0	
Position 7785:	A=2	N=0	C=0	-=0	G=10	T=0	
Position 7786:	T=1	G=0	-=0	A=0	C=4	
Position 7787:	T=0	G=0	-=0	A=0	C=4	
Position 7788:	T=1	G=0	-=0	A=0	C=4	
Position 7789:	T=0	G=0	-=0	A=4	C=0	
Position 7790:	T=3	G=0	-=0	A=0	C=0	
Position 7791:	T=2	G=0	-=0	A=0	C=0	
Position 7792:	T=0	G=0	-=0	A=0	C=2	
Position 7793:	T=2	G=0	-=0	A=0	C=0	
Position 7794:	T=0	G=0	-=0	A=0	C=2	
Position 7795:	T=0	G=0	-=0	A=0	C=2	
Position 7796:	T=1	G=0	-=0	A=0	C=0	
Position 7797:	T=0	G=0	-=0	A=0	C=1	
Position 7798:	T=0	G=1	-=0	A=0	C=0	
Position 7799:	T=0	G=0	-=0	A=0	C=1	
Position 7800:	T=0	G=0	-=0	A=0	C=1	
Position 7801:	T=0	G=1	-=0	A=0	C=0	
Position 7802:	T=1	G=0	-=0	A=0	C=0	
Position 7803:	T=0	G=0	-=0	A=1	C=0	
Position 7804:	T=0	G=1	-=0	A=0	C=0	
Position 7805:	T=0	G=0	-=0	A=0	C=1	
Position 7806:	T=0	G=0	-=0	A=0	C=1	
Position 7807:	T=1	G=0	-=0	A=0	C=0	
Position 7808:	T=1	G=0	-=0	A=0	C=0	
Position 7809:	T=0	G=0	-=0	A=0	C=1	
Position 7810:	T=1	G=0	-=0	A=0	C=0	
Position 7811:	T=1	G=0	-=0	A=0	C=0	
Position 7812:	T=0	G=0	-=0	A=1	C=0	
Position 7813:	T=0	G=0	-=0	A=1	C=0	
Position 7814:	T=0	G=0	-=0	A=0	C=1	
Position 7815:	T=0	G=0	-=0	A=1	C=0	
Position 7816:	T=0	G=0	-=0	A=0	C=1	
Position 7817:	T=1	G=0	-=0	A=0	C=0	
Position 7818:	T=0	G=0	-=0	A=1	C=0	
Position 7819:	T=0	G=1	-=0	A=0	C=0	
Position 7820:	T=1	G=0	-=0	A=0	C=0	
Position 7821:	T=0	G=1	-=0	A=0	C=0	
Position 7822:	T=0	G=1	-=0	A=0	C=0	
Position 7823:	T=0	G=0	-=0	A=1	C=0	
Position 7824:	T=0	G=1	-=0	A=0	C=0	
Position 7825:	T=0	G=0	-=0	A=0	C=1	
Position 7826:	T=0	G=1	-=0	A=0	C=0	
Position 7827:	T=0	G=0	-=0	A=1	C=0	
Position 7828:	T=0	G=0	-=0	A=1	C=0	
Position 7829:	T=0	G=0	-=0	A=1	C=0	
Position 7830:	T=0	G=0	-=0	A=1	C=0	
Position 7831:	T=0	G=1	-=0	A=0	C=0	
Position 7832:	T=1	G=0	-=0	A=0	C=0	
Position 7833:	T=0	G=0	-=0	A=1	C=0	
Position 7834:	T=0	G=0	-=0	A=0	C=1	
Position 7835:	T=1	G=0	-=0	A=0	C=0	
Position 7836:	T=0	G=1	-=0	A=0	C=0	
Position 7837:	T=0	G=2	-=0	A=1	C=0	
Position 7838:	T=0	G=2	-=0	A=0	C=0	
Position 7839:	T=0	G=0	-=0	A=0	C=2	
Position 7840:	T=1	G=0	-=0	A=0	C=0	
Position 7841:	T=0	G=0	-=0	A=1	C=0	
Position 7842:	T=1	G=0	-=0	A=0	C=0	
Position 7843:	T=0	G=0	-=0	A=1	C=0	
Position 7844:	T=1	G=0	-=0	A=0	C=0	
Position 7845:	T=0	G=0	-=0	A=1	C=0	
Position 7846:	T=0	G=0	-=0	A=0	C=1	
Position 7847:	T=0	G=0	-=0	A=1	C=0	
Position 7848:	T=0	G=0	-=0	A=1	C=0	
Position 7849:	T=0	G=0	-=0	A=0	C=1	
Position 7850:	T=1	G=0	-=0	A=0	C=0	
Position 7851:	T=6	G=0	-=0	A=0	C=0	
Position 7852:	T=0	G=0	-=0	A=0	C=6	
Position 7853:	T=0	G=6	-=0	A=0	C=0	
Position 7854:	T=6	G=0	-=0	A=0	C=0	
Position 7855:	T=0	G=0	-=0	A=6	C=0	
Position 7856:	T=0	G=0	-=0	A=6	C=0	
Position 7857:	T=0	G=0	-=0	A=6	C=0	
Position 7858:	T=0	G=5	-=0	A=0	C=0	
Position 7859:	A=6	N=0	C=0	-=0	G=35	T=0	
Position 7860:	T=0	G=0	-=0	A=4	C=0	
Position 7861:	T=0	G=0	-=0	A=0	C=1	
Position 7862:	T=0	G=0	-=0	A=0	C=1	
Position 7863:	T=0	G=0	-=0	A=1	C=0	
Position 7864:	T=0	G=0	-=0	A=1	C=0	
Position 7865:	T=0	G=0	-=0	A=1	C=0	
Position 7866:	T=0	G=0	-=0	A=0	C=1	
Position 7867:	T=0	G=0	-=0	A=1	C=0	
Position 7868:	T=1	G=0	-=0	A=0	C=0	
Position 7869:	T=1	G=0	-=0	A=0	C=0	
Position 7870:	T=0	G=1	-=0	A=0	C=0	
Position 7871:	T=1	G=0	-=0	A=0	C=0	
Position 7872:	T=0	G=0	-=0	A=1	C=0	
Position 7873:	T=0	G=1	-=0	A=0	C=0	
Position 7874:	T=0	G=1	-=0	A=0	C=0	
Position 7875:	T=0	G=0	-=0	A=1	C=0	
Position 7876:	T=0	G=0	-=0	A=0	C=1	
Position 7877:	T=0	G=0	-=0	A=0	C=1	
Position 7878:	T=0	G=0	-=0	A=0	C=18	
Position 7879:	T=17	G=0	-=0	A=0	C=0	
Position 7880:	T=0	G=0	-=0	A=17	C=0	
Position 7881:	T=17	G=0	-=0	A=0	C=0	
Position 7882:	T=0	G=16	-=0	A=0	C=0	
Position 7883:	T=0	G=15	-=0	A=1	C=0	
Position 7884:	T=16	G=0	-=0	A=0	C=0	
Position 7885:	T=0	G=0	-=0	A=0	C=16	
Position 7886:	T=15	G=0	-=0	A=0	C=0	
Position 7887:	T=0	G=0	-=0	A=0	C=15	
Position 7888:	A=0	N=0	C=12	-=0	G=0	T=0	
Position 7889:	T=12	G=0	-=0	A=0	C=0	
Position 7890:	T=0	G=0	-=0	A=11	C=0	
Position 7891:	T=0	G=0	-=0	A=0	C=11	
Position 7892:	T=0	G=0	-=0	A=11	C=0	
Position 7893:	T=0	G=0	-=0	A=11	C=0	
Position 7894:	T=0	G=0	-=0	A=0	C=11	
Position 7895:	T=0	G=0	-=0	A=0	C=11	
Position 7896:	T=10	G=0	-=0	A=0	C=0	
Position 7897:	T=0	G=0	-=0	A=10	C=0	
Position 7898:	T=10	G=0	-=0	A=0	C=0	
Position 7899:	T=0	G=0	-=0	A=0	C=10	
Position 7900:	T=0	G=9	-=0	A=1	C=0	
Position 7901:	T=0	G=0	-=0	A=0	C=9	
Position 7902:	T=0	G=0	-=0	A=9	C=0	
Position 7903:	T=0	G=9	-=0	A=0	C=0	
Position 7904:	T=0	G=0	-=0	A=9	C=0	
Position 7905:	T=9	G=0	-=0	A=0	C=0	
Position 7906:	T=0	G=9	-=0	A=0	C=0	
Position 7907:	T=0	G=0	-=0	A=0	C=9	
Position 7908:	T=9	G=0	-=0	A=0	C=0	
Position 7909:	T=0	G=0	-=0	A=9	C=0	
Position 7910:	T=0	G=0	-=0	A=0	C=9	
Position 7911:	T=0	G=0	-=0	A=9	C=0	
Position 7912:	T=0	G=0	-=0	A=9	C=0	
Position 7913:	T=0	G=0	-=0	A=9	C=0	
Position 7914:	T=0	G=0	-=0	A=9	C=0	
Position 7915:	T=0	G=0	-=0	A=0	C=9	
Position 7916:	T=9	G=0	-=0	A=0	C=0	
Position 7917:	T=9	G=0	-=0	A=0	C=0	
Position 7918:	T=8	G=0	-=0	A=0	C=0	
Position 7919:	T=8	G=0	-=0	A=0	C=0	
Position 7920:	T=8	G=0	-=0	A=0	C=0	
Position 7921:	T=0	G=0	-=0	A=8	C=0	
Position 7922:	T=0	G=0	-=0	A=0	C=8	
Position 7923:	T=0	G=0	-=0	A=0	C=8	
Position 7924:	T=0	G=0	-=0	A=8	C=0	
Position 7925:	T=0	G=0	-=0	A=7	C=0	
Position 7926:	T=0	G=0	-=0	A=7	C=0	
Position 7927:	T=0	G=5	-=0	A=2	C=0	
Position 7928:	T=0	G=0	-=0	A=6	C=0	
Position 7929:	T=0	G=0	-=0	A=4	C=0	
Position 7930:	T=0	G=0	-=0	A=0	C=4	
Position 7931:	T=0	G=0	-=0	A=0	C=4	
Position 7932:	T=0	G=0	-=0	A=0	C=2	
Position 7933:	T=2	G=0	-=0	A=0	C=0	
Position 7934:	T=1	G=0	-=0	A=0	C=0	
Position 7935:	T=0	G=7	-=0	A=0	C=0	
Position 7936:	T=0	G=0	-=0	A=0	C=7	
Position 7937:	T=0	G=5	-=0	A=0	C=0	
Position 7938:	T=0	G=0	-=0	A=0	C=5	
Position 7939:	T=0	G=0	-=0	A=0	C=4	
Position 7940:	T=0	G=0	-=0	A=0	C=4	
Position 7941:	T=0	G=0	-=0	A=4	C=0	
Position 7942:	T=0	G=0	-=0	A=0	C=4	
Position 7943:	T=4	G=0	-=0	A=0	C=0	
Position 7944:	T=0	G=0	-=0	A=0	C=4	
Position 7945:	T=0	G=0	-=0	A=4	C=0	
Position 7946:	T=0	G=0	-=0	A=0	C=3	
Position 7947:	T=0	G=0	-=0	A=2	C=0	
Position 7948:	T=2	G=0	-=0	A=0	C=0	
Position 7949:	T=0	G=0	-=0	A=0	C=2	
Position 7950:	T=0	G=0	-=0	A=1	C=0	
Position 7951:	T=1	G=0	-=0	A=0	C=0	
Position 7952:	T=0	G=0	-=0	A=0	C=1	
Position 7953:	T=1	G=0	-=0	A=0	C=0	
Position 7954:	T=0	G=0	-=0	A=7	C=0	
Position 7955:	T=0	G=0	-=0	A=0	C=7	
Position 7956:	T=0	G=0	-=0	A=7	C=0	
Position 7957:	T=0	G=0	-=0	A=7	C=0	
Position 7958:	T=0	G=0	-=0	A=0	C=7	
Position 7959:	T=7	G=0	-=0	A=0	C=0	
Position 7960:	T=0	G=0	-=0	A=7	C=0	
Position 7961:	T=7	G=0	-=0	A=0	C=0	
Position 7962:	T=0	G=0	-=0	A=6	C=0	
Position 7963:	T=6	G=0	-=0	A=0	C=0	
Position 7964:	T=6	G=0	-=0	A=0	C=0	
Position 7965:	T=4	G=0	-=0	A=0	C=0	
Position 7966:	T=0	G=0	-=0	A=4	C=0	
Position 7967:	T=4	G=0	-=0	A=0	C=0	
Position 7968:	T=4	G=0	-=0	A=0	C=0	
Position 7969:	T=0	G=0	-=0	A=4	C=0	
Position 7970:	T=4	G=0	-=0	A=0	C=0	
Position 7971:	T=0	G=0	-=0	A=4	C=0	
Position 7972:	T=0	G=3	-=0	A=0	C=0	
Position 7973:	T=0	G=0	-=0	A=0	C=3	
Position 7974:	T=0	G=0	-=0	A=0	C=3	
Position 7975:	T=0	G=0	-=0	A=0	C=3	
Position 7976:	T=0	G=0	-=0	A=0	C=3	
Position 7977:	T=3	G=0	-=0	A=0	C=0	
Position 7978:	T=0	G=0	-=0	A=3	C=0	
Position 7979:	T=3	G=0	-=0	A=0	C=0	
Position 7980:	T=2	G=0	-=0	A=0	C=0	
Position 7981:	T=0	G=0	-=0	A=0	C=2	
Position 7982:	T=1	G=0	-=0	A=0	C=0	
Position 7983:	T=0	G=0	-=0	A=21	C=0	
Position 7984:	T=0	G=20	-=0	A=1	C=0	
Position 7985:	T=1	G=0	-=0	A=0	C=20	
Position 7986:	T=2	G=0	-=0	A=0	C=20	
Position 7987:	T=0	G=0	-=0	A=0	C=22	
Position 7988:	T=23	G=0	-=0	A=0	C=0	
Position 7989:	T=0	G=0	-=0	A=23	C=0	
Position 7990:	T=0	G=0	-=0	A=23	C=0	
Position 7991:	T=0	G=0	-=0	A=0	C=23	
Position 7992:	T=0	G=0	-=0	A=22	C=0	
Position 7993:	T=0	G=0	-=0	A=0	C=22	
Position 7994:	T=25	G=0	-=0	A=0	C=0	
Position 7995:	T=0	G=0	-=0	A=25	C=0	
Position 7996:	T=0	G=24	-=0	A=1	C=0	
Position 7997:	T=2	G=0	-=0	A=0	C=22	
Position 7998:	T=1	G=0	-=0	A=0	C=24	
Position 7999:	T=1	G=0	-=0	A=0	C=25	
Position 8000:	T=26	G=0	-=0	A=0	C=0	
Position 8001:	T=0	G=0	-=0	A=26	C=0	
Position 8002:	T=0	G=0	-=0	A=26	C=0	
Position 8003:	T=0	G=0	-=0	A=0	C=26	
Position 8004:	T=26	G=0	-=0	A=0	C=0	
Position 8005:	T=0	G=0	-=0	A=26	C=0	
Position 8006:	T=26	G=0	-=0	A=0	C=0	
Position 8007:	T=0	G=0	-=0	A=26	C=0	
Position 8008:	T=26	G=0	-=0	A=0	C=0	
Position 8009:	T=0	G=25	-=0	A=1	C=0	
Position 8010:	T=0	G=0	-=0	A=26	C=0	
Position 8011:	T=0	G=25	-=0	A=1	C=0	
Position 8012:	T=24	G=0	-=0	A=0	C=0	
Position 8013:	T=24	G=0	-=0	A=0	C=0	
Position 8014:	T=0	G=0	-=0	A=0	C=24	
Position 8015:	T=0	G=0	-=0	A=0	C=24	
Position 8016:	T=0	G=0	-=0	A=0	C=24	
Position 8017:	T=0	G=0	-=0	A=0	C=24	
Position 8018:	T=23	G=0	-=0	A=0	C=0	
Position 8019:	T=0	G=0	-=0	A=22	C=0	
Position 8020:	T=0	G=0	-=0	A=0	C=21	
Position 8021:	T=0	G=0	-=0	A=0	C=21	
Position 8022:	T=0	G=0	-=0	A=21	C=0	
Position 8023:	T=0	G=0	-=0	A=21	C=0	
Position 8024:	T=20	G=0	-=0	A=0	C=0	
Position 8025:	T=0	G=19	-=0	A=1	C=0	
Position 8026:	T=0	G=0	-=0	A=0	C=19	
Position 8027:	T=0	G=0	-=0	A=0	C=19	
Position 8028:	T=0	G=0	-=0	A=19	C=0	
Position 8029:	T=14	G=0	-=0	A=0	C=0	
Position 8030:	T=0	G=0	-=0	A=13	C=0	
Position 8031:	T=0	G=0	-=0	A=0	C=12	
Position 8032:	T=0	G=0	-=0	A=0	C=11	
Position 8033:	T=0	G=0	-=0	A=0	C=11	
Position 8034:	T=0	G=0	-=0	A=0	C=9	
Position 8035:	T=0	G=0	-=0	A=0	C=9	
Position 8036:	T=9	G=0	-=0	A=0	C=0	
Position 8037:	T=9	G=0	-=0	A=0	C=0	
Position 8038:	T=0	G=7	-=0	A=0	C=0	
Position 8039:	T=7	G=0	-=0	A=0	C=0	
Position 8040:	T=0	G=0	-=0	A=0	C=7	
Position 8041:	T=0	G=0	-=0	A=7	C=0	
Position 8042:	T=0	G=0	-=0	A=7	C=0	
Position 8043:	T=7	G=0	-=0	A=0	C=0	
Position 8044:	T=0	G=0	-=0	A=7	C=0	
Position 8045:	T=7	G=0	-=0	A=0	C=0	
Position 8046:	T=0	G=0	-=0	A=7	C=0	
Position 8047:	T=0	G=0	-=0	A=7	C=0	
Position 8048:	T=0	G=0	-=0	A=6	C=0	
Position 8049:	T=0	G=0	-=0	A=0	C=6	
Position 8050:	T=0	G=0	-=0	A=0	C=6	
Position 8051:	T=5	G=0	-=0	A=0	C=0	
Position 8052:	T=0	G=0	-=0	A=0	C=5	
Position 8053:	T=0	G=5	-=0	A=0	C=0	
Position 8054:	T=0	G=5	-=0	A=0	C=0	
Position 8055:	T=0	G=0	-=0	A=5	C=0	
Position 8056:	T=0	G=5	-=0	A=0	C=0	
Position 8057:	T=4	G=0	-=0	A=0	C=0	
Position 8058:	T=0	G=0	-=0	A=4	C=0	
Position 8059:	T=0	G=0	-=0	A=0	C=4	
Position 8060:	T=4	G=0	-=0	A=0	C=0	
Position 8061:	T=0	G=4	-=0	A=0	C=0	
Position 8062:	T=4	G=0	-=0	A=0	C=0	
Position 8063:	T=4	G=0	-=0	A=0	C=0	
Position 8064:	T=4	G=0	-=0	A=0	C=0	
Position 8065:	T=0	G=0	-=0	A=4	C=0	
Position 8066:	T=4	G=0	-=0	A=0	C=0	
Position 8067:	T=0	G=0	-=0	A=4	C=0	
Position 8068:	T=3	G=0	-=0	A=0	C=0	
Position 8069:	T=3	G=0	-=0	A=0	C=0	
Position 8070:	T=0	G=0	-=0	A=3	C=0	
Position 8071:	T=0	G=3	-=0	A=0	C=0	
Position 8072:	T=0	G=0	-=0	A=0	C=3	
Position 8073:	T=0	G=0	-=0	A=2	C=0	
Position 8074:	T=0	G=0	-=0	A=2	C=0	
Position 8075:	T=2	G=0	-=0	A=0	C=0	
Position 8076:	T=0	G=0	-=0	A=2	C=0	
Position 8077:	T=2	G=0	-=0	A=0	C=0	
Position 8078:	T=0	G=0	-=0	A=0	C=2	
Position 8079:	T=0	G=0	-=0	A=2	C=0	
Position 8080:	T=0	G=0	-=0	A=2	C=0	
Position 8081:	T=0	G=2	-=0	A=0	C=0	
Position 8082:	T=0	G=0	-=0	A=0	C=2	
Position 8083:	T=2	G=0	-=0	A=0	C=0	
Position 8084:	T=2	G=0	-=0	A=0	C=0	
Position 8085:	T=0	G=0	-=0	A=1	C=0	
Position 8086:	T=0	G=1	-=0	A=0	C=0	
Position 8087:	T=0	G=0	-=0	A=0	C=1	
Position 8088:	T=1	G=0	-=0	A=0	C=0	
Position 8089:	T=0	G=1	-=0	A=0	C=0	
Position 8090:	T=1	G=0	-=0	A=0	C=0	
Position 8091:	T=0	G=0	-=0	A=1	C=0	
Position 8092:	T=1	G=0	-=0	A=0	C=0	
Position 8093:	T=0	G=0	-=0	A=1	C=0	
Position 8094:	T=11	G=0	-=0	A=0	C=0	
Position 8095:	T=11	G=0	-=0	A=0	C=0	
Position 8096:	T=0	G=0	-=0	A=0	C=10	
Position 8097:	T=9	G=0	-=0	A=0	C=0	
Position 8098:	T=0	G=0	-=0	A=9	C=0	
Position 8099:	T=9	G=0	-=0	A=0	C=0	
Position 8100:	T=0	G=0	-=0	A=0	C=8	
Position 8101:	T=0	G=0	-=0	A=0	C=8	
Position 8102:	T=7	G=0	-=0	A=0	C=0	
Position 8103:	T=7	G=0	-=0	A=0	C=0	
Position 8104:	T=5	G=0	-=0	A=0	C=0	
Position 8105:	T=0	G=5	-=0	A=0	C=0	
Position 8106:	T=0	G=0	-=0	A=5	C=0	
Position 8107:	T=5	G=0	-=0	A=0	C=0	
Position 8108:	T=0	G=0	-=0	A=0	C=5	
Position 8109:	T=0	G=4	-=0	A=1	C=0	
Position 8110:	T=0	G=5	-=0	A=0	C=0	
Position 8111:	T=0	G=5	-=0	A=0	C=0	
Position 8112:	T=0	G=0	-=0	A=4	C=0	
Position 8113:	T=4	G=0	-=0	A=0	C=0	
Position 8114:	T=0	G=3	-=0	A=0	C=0	
Position 8115:	T=0	G=3	-=0	A=0	C=0	
Position 8116:	T=0	G=3	-=0	A=0	C=0	
Position 8117:	T=0	G=0	-=0	A=0	C=3	
Position 8118:	T=3	G=0	-=0	A=0	C=0	
Position 8119:	T=3	G=0	-=0	A=0	C=0	
Position 8120:	T=0	G=0	-=0	A=0	C=3	
Position 8121:	T=0	G=0	-=0	A=3	C=0	
Position 8122:	T=0	G=0	-=0	A=3	C=0	
Position 8123:	T=0	G=0	-=0	A=2	C=0	
Position 8124:	T=0	G=0	-=0	A=0	C=2	
Position 8125:	T=2	G=0	-=0	A=0	C=0	
Position 8126:	T=0	G=0	-=0	A=0	C=2	
Position 8127:	T=0	G=0	-=0	A=2	C=0	
Position 8128:	T=0	G=0	-=0	A=2	C=0	
Position 8129:	T=0	G=0	-=0	A=2	C=0	
Position 8130:	T=0	G=0	-=0	A=2	C=0	
Position 8131:	T=2	G=0	-=0	A=0	C=0	
Position 8132:	T=0	G=0	-=0	A=2	C=0	
Position 8133:	T=0	G=0	-=0	A=0	C=2	
Position 8134:	T=0	G=2	-=0	A=0	C=0	
Position 8135:	T=0	G=0	-=0	A=0	C=2	
Position 8136:	T=1	G=0	-=0	A=0	C=0	
Position 8137:	T=0	G=0	-=0	A=0	C=1	
Position 8138:	T=1	G=0	-=0	A=0	C=0	
Position 8139:	T=0	G=1	-=0	A=0	C=0	
Position 8140:	T=0	G=0	-=0	A=1	C=0	
Position 8141:	T=1	G=0	-=0	A=0	C=0	
Position 8142:	T=1	G=0	-=0	A=0	C=0	
Position 8143:	T=0	G=1	-=0	A=0	C=0	
Position 8144:	T=0	G=1	-=0	A=0	C=0	
Position 8145:	T=0	G=0	-=0	A=1	C=0	
Position 8146:	T=0	G=2	-=0	A=1	C=0	
Position 8147:	T=0	G=0	-=0	A=0	C=1	
Position 8148:	T=0	G=0	-=0	A=0	C=1	
Position 8149:	T=0	G=0	-=0	A=0	C=1	
Position 8150:	T=1	G=0	-=0	A=0	C=0	
Position 8151:	T=0	G=0	-=0	A=1	C=0	
Position 8152:	T=0	G=0	-=0	A=0	C=1	
Position 8153:	T=0	G=1	-=0	A=0	C=0	
Position 8154:	T=0	G=0	-=0	A=1	C=0	
Position 8155:	T=0	G=1	-=0	A=0	C=0	
Position 8156:	T=0	G=0	-=0	A=0	C=1	
Position 8157:	T=0	G=0	-=0	A=0	C=1	
Position 8158:	T=0	G=1	-=0	A=0	C=0	
Position 8159:	T=1	G=0	-=0	A=0	C=0	
Position 8160:	T=0	G=0	-=0	A=1	C=0	
Position 8161:	T=0	G=1	-=0	A=0	C=0	
Position 8162:	T=0	G=0	-=0	A=0	C=1	
Position 8163:	T=0	G=0	-=0	A=0	C=1	
Position 8164:	T=0	G=0	-=0	A=0	C=1	
Position 8165:	T=0	G=0	-=0	A=1	C=0	
Position 8166:	T=0	G=1	-=0	A=0	C=0	
Position 8167:	T=0	G=0	-=0	A=1	C=0	
Position 8168:	T=0	G=0	-=0	A=0	C=1	
Position 8169:	T=0	G=0	-=0	A=1	C=0	
Position 8170:	T=0	G=0	-=0	A=1	C=0	
Position 8171:	T=1	G=0	-=0	A=0	C=0	
Position 8172:	T=0	G=0	-=0	A=0	C=1	
Position 8173:	T=1	G=0	-=0	A=0	C=0	
Position 8174:	T=0	G=0	-=0	A=0	C=1	
Position 8175:	T=0	G=0	-=0	A=1	C=0	
Position 8176:	T=1	G=0	-=0	A=0	C=0	
Position 8177:	T=0	G=0	-=0	A=1	C=0	
Position 8178:	T=1	G=0	-=0	A=0	C=0	
Position 8179:	T=0	G=1	-=0	A=0	C=0	
Position 8180:	T=0	G=0	-=0	A=1	C=0	
Position 8181:	T=0	G=0	-=0	A=1	C=0	
Position 8182:	T=0	G=1	-=0	A=0	C=0	
Position 8183:	T=1	G=0	-=0	A=0	C=0	
Position 8184:	T=0	G=0	-=0	A=0	C=1	
Position 8185:	T=0	G=0	-=0	A=1	C=0	
Position 8186:	T=0	G=0	-=0	A=0	C=1	
Position 8187:	T=0	G=0	-=0	A=1	C=0	
Position 8188:	T=1	G=0	-=0	A=0	C=0	
Position 8189:	T=1	G=0	-=0	A=0	C=0	
Position 8190:	T=0	G=0	-=0	A=1	C=0	
Position 8191:	T=0	G=1	-=0	A=0	C=0	
Position 8192:	T=0	G=0	-=0	A=0	C=1	
Position 8193:	T=0	G=0	-=0	A=0	C=1	
Position 8194:	T=0	G=0	-=0	A=1	C=0	
Position 8195:	T=15	G=0	-=0	A=0	C=0	
Position 8196:	T=15	G=0	-=0	A=0	C=0	
Position 8197:	T=0	G=0	-=0	A=15	C=0	
Position 8198:	T=15	G=0	-=0	A=0	C=0	
Position 8199:	T=0	G=0	-=0	A=0	C=15	
Position 8200:	T=0	G=0	-=0	A=0	C=15	
Position 8201:	T=15	G=0	-=0	A=0	C=0	
Position 8202:	T=0	G=0	-=0	A=0	C=15	
Position 8203:	T=0	G=0	-=0	A=0	C=14	
Position 8204:	T=13	G=0	-=0	A=0	C=0	
Position 8205:	T=0	G=0	-=0	A=11	C=0	
Position 8206:	T=10	G=0	-=0	A=0	C=0	
Position 8207:	T=0	G=0	-=0	A=0	C=10	
Position 8208:	T=0	G=0	-=0	A=9	C=0	
Position 8209:	T=0	G=8	-=0	A=1	C=0	
Position 8210:	T=8	G=0	-=0	A=0	C=0	
Position 8211:	T=0	G=0	-=0	A=0	C=8	
Position 8212:	T=0	G=0	-=0	A=0	C=8	
Position 8213:	T=8	G=0	-=0	A=0	C=0	
Position 8214:	T=0	G=0	-=0	A=8	C=0	
Position 8215:	T=0	G=0	-=0	A=0	C=8	
Position 8216:	T=8	G=0	-=0	A=0	C=0	
Position 8217:	T=0	G=0	-=0	A=7	C=0	
Position 8218:	T=0	G=0	-=0	A=7	C=0	
Position 8219:	T=7	G=0	-=0	A=0	C=0	
Position 8220:	T=0	G=0	-=0	A=7	C=0	
Position 8221:	T=0	G=0	-=0	A=6	C=0	
Position 8222:	T=0	G=0	-=0	A=5	C=0	
Position 8223:	T=5	G=0	-=0	A=0	C=0	
Position 8224:	T=0	G=2	-=0	A=1	C=0	
Position 8225:	T=0	G=3	-=0	A=0	C=0	
Position 8226:	T=0	G=0	-=0	A=0	C=3	
Position 8227:	T=2	G=0	-=0	A=0	C=0	
Position 8228:	T=0	G=0	-=0	A=0	C=1	
Position 8229:	T=0	G=0	-=0	A=1	C=0	
Position 8230:	T=1	G=0	-=0	A=0	C=0	
Position 8231:	T=1	G=0	-=0	A=0	C=0	
Position 8232:	T=0	G=0	-=0	A=0	C=1	
Position 8233:	T=0	G=0	-=0	A=1	C=0	
Position 8234:	T=0	G=0	-=0	A=0	C=1	
Position 8235:	T=0	G=0	-=0	A=2	C=0	
Position 8236:	T=0	G=0	-=0	A=0	C=2	
Position 8237:	T=2	G=0	-=0	A=0	C=0	
Position 8238:	T=0	G=0	-=0	A=0	C=2	
Position 8239:	T=2	G=0	-=0	A=0	C=0	
Position 8240:	T=0	G=0	-=0	A=0	C=2	
Position 8241:	T=2	G=0	-=0	A=0	C=0	
Position 8242:	T=0	G=0	-=0	A=2	C=0	
Position 8243:	T=0	G=0	-=0	A=0	C=2	
Position 8244:	T=2	G=0	-=0	A=0	C=0	
Position 8245:	T=2	G=0	-=0	A=0	C=0	
Position 8246:	T=2	G=0	-=0	A=0	C=0	
Position 8247:	T=0	G=0	-=0	A=2	C=0	
Position 8248:	T=0	G=0	-=0	A=2	C=0	
Position 8249:	T=2	G=0	-=0	A=0	C=0	
Position 8250:	T=2	G=0	-=0	A=0	C=0	
Position 8251:	T=0	G=0	-=0	A=2	C=0	
Position 8252:	T=0	G=0	-=0	A=0	C=2	
Position 8253:	T=2	G=0	-=0	A=0	C=0	
Position 8254:	T=0	G=0	-=0	A=2	C=0	
Position 8255:	T=0	G=0	-=0	A=0	C=2	
Position 8256:	T=2	G=0	-=0	A=0	C=0	
Position 8257:	T=0	G=0	-=0	A=0	C=2	
Position 8258:	T=0	G=0	-=0	A=2	C=0	
Position 8259:	T=0	G=0	-=0	A=2	C=0	
Position 8260:	T=0	G=2	-=0	A=0	C=0	
Position 8261:	T=0	G=0	-=0	A=2	C=0	
Position 8262:	T=0	G=0	-=0	A=2	C=0	
Position 8263:	T=0	G=0	-=0	A=0	C=2	
Position 8264:	T=0	G=0	-=0	A=2	C=0	
Position 8265:	T=0	G=0	-=0	A=0	C=2	
Position 8266:	T=0	G=0	-=0	A=0	C=2	
Position 8267:	T=2	G=0	-=0	A=0	C=0	
Position 8268:	T=0	G=0	-=0	A=0	C=1	
Position 8269:	T=1	G=0	-=0	A=0	C=0	
Position 8270:	T=0	G=1	-=0	A=0	C=0	
Position 8271:	T=0	G=0	-=0	A=1	C=0	
Position 8272:	T=0	G=0	-=0	A=0	C=1	
Position 8273:	T=1	G=0	-=0	A=0	C=0	
Position 8274:	T=0	G=0	-=0	A=1	C=0	
Position 8275:	T=0	G=0	-=0	A=1	C=0	
Position 8276:	T=1	G=0	-=0	A=0	C=0	
Position 8277:	T=1	G=0	-=0	A=0	C=0	
Position 8278:	T=1	G=0	-=0	A=0	C=0	
Position 8279:	T=9	G=0	-=0	A=0	C=0	
Position 8280:	T=0	G=0	-=0	A=0	C=9	
Position 8281:	T=0	G=0	-=0	A=0	C=7	
Position 8282:	T=0	G=0	-=0	A=0	C=7	
Position 8283:	T=0	G=0	-=0	A=0	C=7	
Position 8284:	T=0	G=0	-=0	A=7	C=0	
Position 8285:	T=0	G=0	-=0	A=0	C=7	
Position 8286:	T=0	G=0	-=0	A=6	C=0	
Position 8287:	T=6	G=0	-=0	A=0	C=0	
Position 8288:	T=0	G=3	-=0	A=1	C=0	
Position 8289:	T=0	G=0	-=0	A=3	C=0	
Position 8290:	T=0	G=0	-=0	A=0	C=3	
Position 8291:	T=0	G=0	-=0	A=0	C=3	
Position 8292:	T=2	G=0	-=0	A=0	C=0	
Position 8293:	T=0	G=0	-=0	A=0	C=2	
Position 8294:	T=2	G=0	-=0	A=0	C=0	
Position 8295:	T=0	G=2	-=0	A=0	C=0	
Position 8296:	T=0	G=2	-=0	A=0	C=0	
Position 8297:	T=0	G=0	-=0	A=0	C=1	
Position 8298:	T=0	G=0	-=0	A=0	C=1	
Position 8299:	T=0	G=0	-=0	A=1	C=0	
Position 8300:	T=1	G=0	-=0	A=0	C=0	
Position 8301:	T=0	G=0	-=0	A=1	C=0	
Position 8302:	T=0	G=0	-=0	A=1	C=0	
Position 8303:	T=1	G=0	-=0	A=0	C=0	
Position 8304:	T=0	G=0	-=0	A=1	C=0	
Position 8305:	T=1	G=0	-=0	A=0	C=0	
Position 8306:	T=0	G=1	-=0	A=0	C=0	
Position 8307:	T=0	G=0	-=0	A=1	C=0	
Position 8308:	T=1	G=0	-=0	A=0	C=0	
Position 8309:	T=1	G=0	-=0	A=0	C=0	
Position 8310:	T=1	G=0	-=0	A=0	C=0	
Position 8311:	T=0	G=0	-=0	A=5	C=0	
Position 8312:	T=5	G=0	-=0	A=0	C=0	
Position 8313:	T=4	G=0	-=0	A=0	C=0	
Position 8314:	T=4	G=0	-=0	A=0	C=0	
Position 8315:	T=0	G=0	-=0	A=0	C=3	
Position 8316:	T=0	G=0	-=0	A=0	C=3	
Position 8317:	T=0	G=0	-=0	A=3	C=0	
Position 8318:	T=0	G=0	-=0	A=0	C=3	
Position 8319:	T=3	G=0	-=0	A=0	C=0	
Position 8320:	T=0	G=0	-=0	A=0	C=3	
Position 8321:	T=3	G=0	-=0	A=0	C=0	
Position 8322:	T=0	G=0	-=0	A=3	C=0	
Position 8323:	T=0	G=2	-=0	A=1	C=0	
Position 8324:	T=0	G=0	-=0	A=0	C=1	
Position 8325:	T=0	G=0	-=0	A=1	C=0	
Position 8326:	T=0	G=1	-=0	A=0	C=0	
Position 8327:	T=0	G=0	-=0	A=1	C=0	
Position 8328:	T=0	G=0	-=0	A=8	C=0	
Position 8329:	T=0	G=0	-=0	A=8	C=0	
Position 8330:	T=0	G=0	-=0	A=0	C=6	
Position 8331:	T=6	G=0	-=0	A=0	C=0	
Position 8332:	T=0	G=0	-=0	A=5	C=0	
Position 8333:	T=0	G=0	-=0	A=5	C=0	
Position 8334:	T=0	G=0	-=0	A=0	C=5	
Position 8335:	T=0	G=0	-=0	A=0	C=5	
Position 8336:	T=0	G=4	-=0	A=0	C=0	
Position 8337:	T=0	G=0	-=0	A=3	C=0	
Position 8338:	T=0	G=3	-=0	A=0	C=0	
Position 8339:	T=0	G=0	-=0	A=0	C=3	
Position 8340:	T=0	G=0	-=0	A=0	C=3	
Position 8341:	T=0	G=0	-=0	A=0	C=3	
Position 8342:	T=0	G=0	-=0	A=0	C=3	
Position 8343:	T=3	G=0	-=0	A=0	C=0	
Position 8344:	T=3	G=0	-=0	A=0	C=0	
Position 8345:	T=3	G=0	-=0	A=0	C=0	
Position 8346:	T=3	G=0	-=0	A=0	C=0	
Position 8347:	T=0	G=2	-=0	A=1	C=0	
Position 8348:	T=0	G=0	-=0	A=3	C=0	
Position 8349:	T=0	G=0	-=0	A=3	C=0	
Position 8350:	T=0	G=0	-=0	A=0	C=2	
Position 8351:	T=1	G=0	-=0	A=0	C=0	
Position 8352:	T=0	G=0	-=0	A=1	C=0	
Position 8353:	T=0	G=1	-=0	A=0	C=0	
Position 8354:	T=0	G=0	-=0	A=0	C=1	
Position 8355:	T=0	G=0	-=0	A=1	C=0	
Position 8356:	A=2	N=0	C=0	-=0	G=21	T=0	
Position 8357:	T=0	G=0	-=0	A=1	C=0	
Position 8358:	T=0	G=0	-=0	A=1	C=0	
Position 8359:	T=0	G=1	-=0	A=0	C=0	
Position 8360:	T=0	G=1	-=0	A=0	C=0	
Position 8361:	T=0	G=0	-=0	A=1	C=0	
Position 8362:	T=0	G=1	-=0	A=0	C=0	
Position 8363:	T=0	G=0	-=0	A=1	C=0	
Position 8364:	A=1	N=0	C=0	-=0	G=19	T=0	
Position 8365:	T=1	G=0	-=0	A=0	C=0	
Position 8366:	T=0	G=0	-=0	A=0	C=1	
Position 8367:	T=0	G=0	-=0	A=18	C=0	
Position 8368:	T=0	G=17	-=0	A=1	C=0	
Position 8369:	T=0	G=0	-=0	A=17	C=0	
Position 8370:	T=0	G=0	-=0	A=15	C=0	
Position 8371:	T=14	G=0	-=0	A=0	C=0	
Position 8372:	T=14	G=0	-=0	A=0	C=0	
Position 8373:	T=0	G=0	-=0	A=13	C=0	
Position 8374:	T=0	G=12	-=0	A=1	C=0	
Position 8375:	T=11	G=0	-=0	A=0	C=0	
Position 8376:	T=0	G=0	-=0	A=0	C=11	
Position 8377:	T=11	G=0	-=0	A=0	C=0	
Position 8378:	T=0	G=0	-=0	A=0	C=11	
Position 8379:	T=0	G=0	-=0	A=10	C=0	
Position 8380:	T=0	G=9	-=0	A=1	C=0	
Position 8381:	T=0	G=9	-=0	A=1	C=0	
Position 8382:	T=9	G=0	-=0	A=0	C=0	
Position 8383:	T=6	G=0	-=0	A=0	C=0	
Position 8384:	T=5	G=0	-=0	A=0	C=0	
Position 8385:	T=0	G=0	-=0	A=0	C=4	
Position 8386:	T=0	G=0	-=0	A=3	C=0	
Position 8387:	T=0	G=0	-=0	A=3	C=0	
Position 8388:	T=0	G=0	-=0	A=0	C=3	
Position 8389:	T=0	G=2	-=0	A=1	C=0	
Position 8390:	T=2	G=0	-=0	A=0	C=0	
Position 8391:	T=0	G=0	-=0	A=0	C=2	
Position 8392:	T=0	G=7	-=0	A=1	C=0	
Position 8393:	T=0	G=0	-=0	A=1	C=0	
Position 8394:	T=0	G=1	-=0	A=0	C=0	
Position 8395:	T=6	G=0	-=0	A=0	C=0	
Position 8396:	T=0	G=0	-=0	A=6	C=0	
Position 8397:	T=0	G=0	-=0	A=0	C=6	
Position 8398:	T=0	G=6	-=0	A=0	C=0	
Position 8399:	T=0	G=0	-=0	A=0	C=6	
Position 8400:	T=0	G=0	-=0	A=6	C=0	
Position 8401:	T=0	G=6	-=0	A=0	C=0	
Position 8402:	T=0	G=0	-=0	A=0	C=6	
Position 8403:	T=0	G=0	-=0	A=6	C=0	
Position 8404:	T=0	G=6	-=0	A=0	C=0	
Position 8405:	T=0	G=3	-=0	A=1	C=0	
Position 8406:	T=0	G=0	-=0	A=0	C=3	
Position 8407:	T=0	G=0	-=0	A=0	C=3	
Position 8408:	T=0	G=0	-=0	A=0	C=3	
Position 8409:	T=0	G=0	-=0	A=3	C=0	
Position 8410:	T=3	G=0	-=0	A=0	C=0	
Position 8411:	T=3	G=0	-=0	A=0	C=0	
Position 8412:	T=0	G=0	-=0	A=0	C=3	
Position 8413:	T=0	G=3	-=0	A=0	C=0	
Position 8414:	T=0	G=0	-=0	A=0	C=3	
Position 8415:	T=0	G=0	-=0	A=0	C=3	
Position 8416:	T=3	G=0	-=0	A=0	C=0	
Position 8417:	T=3	G=0	-=0	A=0	C=0	
Position 8418:	T=0	G=0	-=0	A=3	C=0	
Position 8419:	T=13	G=0	-=0	A=0	C=0	
Position 8420:	T=13	G=0	-=0	A=0	C=0	
Position 8421:	T=13	G=0	-=0	A=0	C=0	
Position 8422:	T=13	G=0	-=0	A=0	C=0	
Position 8423:	T=12	G=0	-=0	A=0	C=0	
Position 8424:	T=0	G=0	-=0	A=0	C=11	
Position 8425:	T=11	G=0	-=0	A=0	C=0	
Position 8426:	T=11	G=0	-=0	A=0	C=0	
Position 8427:	T=0	G=0	-=0	A=11	C=0	
Position 8428:	T=0	G=9	-=0	A=2	C=0	
Position 8429:	T=0	G=0	-=0	A=0	C=8	
Position 8430:	T=0	G=0	-=0	A=7	C=0	
Position 8431:	A=2	N=0	C=0	-=0	G=12	T=0	
Position 8432:	T=0	G=0	-=0	A=5	C=0	
Position 8433:	T=0	G=0	-=0	A=5	C=0	
Position 8434:	T=3	G=0	-=0	A=0	C=0	
Position 8435:	T=0	G=0	-=0	A=1	C=0	
Position 8436:	T=0	G=0	-=0	A=0	C=1	
Position 8437:	T=0	G=0	-=0	A=1	C=0	
Position 8438:	T=0	G=0	-=0	A=0	C=1	
Position 8439:	T=0	G=0	-=0	A=0	C=1	
Position 8440:	T=0	G=0	-=0	A=1	C=0	
Position 8441:	T=0	G=0	-=0	A=1	C=0	
Position 8442:	T=0	G=0	-=0	A=0	C=1	
Position 8443:	T=0	G=0	-=0	A=1	C=0	
Position 8444:	T=1	G=0	-=0	A=0	C=0	
Position 8445:	T=1	G=0	-=0	A=0	C=0	
Position 8446:	T=0	G=0	-=0	A=1	C=0	
Position 8447:	T=1	G=0	-=0	A=0	C=0	
Position 8448:	T=1	G=0	-=0	A=0	C=0	
Position 8449:	T=0	G=0	-=0	A=1	C=0	
Position 8450:	T=1	G=0	-=0	A=0	C=0	
Position 8451:	T=0	G=0	-=0	A=1	C=0	
Position 8452:	T=0	G=0	-=0	A=1	C=0	
Position 8453:	T=1	G=0	-=0	A=0	C=0	
Position 8454:	T=0	G=0	-=0	A=1	C=0	
Position 8455:	T=0	G=0	-=0	A=1	C=0	
Position 8456:	T=0	G=0	-=0	A=1	C=0	
Position 8457:	T=1	G=0	-=0	A=0	C=0	
Position 8458:	T=0	G=1	-=0	A=0	C=0	
Position 8459:	T=0	G=0	-=0	A=0	C=1	
Position 8460:	T=0	G=0	-=0	A=0	C=1	
Position 8461:	T=0	G=0	-=0	A=0	C=1	
Position 8462:	T=1	G=0	-=0	A=0	C=0	
Position 8463:	T=0	G=0	-=0	A=0	C=1	
Position 8464:	T=0	G=0	-=0	A=1	C=0	
Position 8465:	T=0	G=0	-=0	A=0	C=1	
Position 8466:	T=0	G=1	-=0	A=0	C=0	
Position 8467:	T=0	G=0	-=0	A=1	C=0	
Position 8468:	T=0	G=0	-=0	A=0	C=1	
Position 8469:	T=1	G=0	-=0	A=0	C=0	
Position 8470:	T=0	G=0	-=0	A=1	C=0	
Position 8471:	T=1	G=0	-=0	A=0	C=0	
Position 8472:	T=0	G=0	-=0	A=0	C=1	
Position 8473:	T=0	G=0	-=0	A=0	C=1	
Position 8474:	T=1	G=0	-=0	A=0	C=0	
Position 8475:	T=0	G=0	-=0	A=1	C=0	
Position 8476:	T=1	G=0	-=0	A=0	C=0	
Position 8477:	T=1	G=0	-=0	A=0	C=0	
Position 8478:	T=0	G=0	-=0	A=0	C=1	
Position 8479:	T=1	G=0	-=0	A=0	C=0	
Position 8480:	T=1	G=0	-=0	A=0	C=0	
Position 8481:	T=1	G=0	-=0	A=0	C=0	
Position 8482:	T=0	G=1	-=0	A=0	C=0	
Position 8483:	T=0	G=1	-=0	A=0	C=0	
Position 8484:	T=0	G=0	-=0	A=1	C=0	
Position 8485:	T=0	G=1	-=0	A=0	C=0	
Position 8486:	T=0	G=0	-=0	A=0	C=1	
Position 8487:	T=0	G=0	-=0	A=1	C=0	
Position 8488:	T=1	G=0	-=0	A=0	C=0	
Position 8489:	T=1	G=0	-=0	A=0	C=0	
Position 8490:	T=1	G=0	-=0	A=0	C=0	
Position 8491:	T=0	G=0	-=0	A=0	C=1	
Position 8492:	T=0	G=0	-=0	A=1	C=0	
Position 8493:	T=1	G=0	-=0	A=0	C=0	
Position 8494:	T=0	G=0	-=0	A=21	C=0	
Position 8495:	T=0	G=0	-=0	A=21	C=0	
Position 8496:	T=0	G=0	-=0	A=0	C=19	
Position 8497:	T=0	G=0	-=0	A=0	C=18	
Position 8498:	T=1	G=0	-=0	A=0	C=17	
Position 8499:	T=0	G=0	-=0	A=0	C=18	
Position 8500:	T=15	G=0	-=0	A=0	C=0	
Position 8501:	T=0	G=0	-=0	A=15	C=0	
Position 8502:	T=0	G=0	-=0	A=0	C=15	
Position 8503:	T=0	G=0	-=0	A=14	C=0	
Position 8504:	T=13	G=0	-=0	A=0	C=0	
Position 8505:	T=0	G=0	-=0	A=12	C=0	
Position 8506:	T=0	G=0	-=0	A=0	C=12	
Position 8507:	T=0	G=0	-=0	A=0	C=11	
Position 8508:	T=0	G=0	-=0	A=11	C=0	
Position 8509:	T=0	G=11	-=0	A=0	C=0	
Position 8510:	T=0	G=0	-=0	A=11	C=0	
Position 8511:	T=0	G=0	-=0	A=10	C=0	
Position 8512:	T=0	G=0	-=0	A=0	C=8	
Position 8513:	T=8	G=0	-=0	A=0	C=0	
Position 8514:	T=0	G=0	-=0	A=8	C=0	
Position 8515:	T=7	G=0	-=0	A=0	C=0	
Position 8516:	T=0	G=0	-=0	A=7	C=0	
Position 8517:	T=0	G=0	-=0	A=0	C=7	
Position 8518:	T=0	G=0	-=0	A=7	C=0	
Position 8519:	T=0	G=0	-=0	A=0	C=6	
Position 8520:	T=6	G=0	-=0	A=0	C=0	
Position 8521:	T=0	G=4	-=0	A=1	C=0	
Position 8522:	T=5	G=0	-=0	A=0	C=0	
Position 8523:	T=0	G=0	-=0	A=0	C=5	
Position 8524:	T=0	G=0	-=0	A=5	C=0	
Position 8525:	T=0	G=0	-=0	A=4	C=0	
Position 8526:	T=0	G=0	-=0	A=0	C=2	
Position 8527:	T=2	G=0	-=0	A=0	C=0	
Position 8528:	T=2	G=0	-=0	A=0	C=0	
Position 8529:	T=0	G=0	-=0	A=0	C=2	
Position 8530:	T=0	G=0	-=0	A=2	C=0	
Position 8531:	T=0	G=0	-=0	A=0	C=2	
Position 8532:	T=2	G=0	-=0	A=0	C=0	
Position 8533:	A=1	N=0	C=0	-=0	G=9	T=0	
Position 8534:	T=2	G=0	-=0	A=0	C=0	
Position 8535:	T=0	G=0	-=0	A=2	C=0	
Position 8536:	T=0	G=0	-=0	A=2	C=0	
Position 8537:	T=0	G=0	-=0	A=2	C=0	
Position 8538:	T=0	G=0	-=0	A=2	C=0	
Position 8539:	T=0	G=0	-=0	A=2	C=0	
Position 8540:	T=0	G=0	-=0	A=0	C=2	
Position 8541:	T=0	G=0	-=0	A=2	C=0	
Position 8542:	T=0	G=0	-=0	A=0	C=2	
Position 8543:	T=1	G=0	-=0	A=0	C=0	
Position 8544:	T=0	G=0	-=0	A=0	C=1	
Position 8545:	T=0	G=0	-=0	A=0	C=1	
Position 8546:	T=1	G=0	-=0	A=0	C=0	
Position 8547:	T=0	G=0	-=0	A=0	C=1	
Position 8548:	T=0	G=0	-=0	A=0	C=1	
Position 8549:	T=1	G=0	-=0	A=0	C=0	
Position 8550:	T=0	G=0	-=0	A=1	C=0	
Position 8551:	T=0	G=0	-=0	A=1	C=0	
Position 8552:	T=0	G=0	-=0	A=0	C=1	
Position 8553:	T=0	G=0	-=0	A=1	C=0	
Position 8554:	T=0	G=1	-=0	A=0	C=0	
Position 8555:	T=0	G=0	-=0	A=0	C=1	
Position 8556:	T=1	G=0	-=0	A=0	C=0	
Position 8557:	T=1	G=0	-=0	A=0	C=0	
Position 8558:	T=0	G=0	-=0	A=0	C=1	
Position 8559:	T=1	G=0	-=0	A=0	C=0	
Position 8560:	T=1	G=0	-=0	A=0	C=0	
Position 8561:	T=1	G=0	-=0	A=0	C=0	
Position 8562:	T=0	G=0	-=0	A=0	C=1	
Position 8563:	T=0	G=0	-=0	A=0	C=1	
Position 8564:	T=10	G=0	-=0	A=0	C=0	
Position 8565:	T=0	G=0	-=0	A=9	C=0	
Position 8566:	T=9	G=0	-=0	A=0	C=0	
Position 8567:	T=0	G=9	-=0	A=0	C=0	
Position 8568:	T=0	G=0	-=0	A=9	C=0	
Position 8569:	T=0	G=0	-=0	A=9	C=0	
Position 8570:	T=8	G=0	-=0	A=0	C=0	
Position 8571:	T=0	G=0	-=0	A=0	C=7	
Position 8572:	T=0	G=0	-=0	A=0	C=7	
Position 8573:	T=0	G=7	-=0	A=0	C=0	
Position 8574:	A=0	N=0	C=7	-=0	G=0	T=0	
Position 8575:	T=0	G=6	-=0	A=0	C=0	
Position 8576:	T=0	G=0	-=0	A=0	C=6	
Position 8577:	T=0	G=0	-=0	A=6	C=0	
Position 8578:	T=6	G=0	-=0	A=0	C=0	
Position 8579:	T=0	G=0	-=0	A=0	C=4	
Position 8580:	T=0	G=0	-=0	A=4	C=0	
Position 8581:	T=4	G=0	-=0	A=0	C=0	
Position 8582:	T=0	G=0	-=0	A=4	C=0	
Position 8583:	T=0	G=0	-=0	A=0	C=3	
Position 8584:	T=0	G=0	-=0	A=0	C=3	
Position 8585:	T=0	G=0	-=0	A=0	C=3	
Position 8586:	T=3	G=0	-=0	A=0	C=0	
Position 8587:	T=0	G=0	-=0	A=0	C=3	
Position 8588:	T=0	G=3	-=0	A=0	C=0	
Position 8589:	T=0	G=0	-=0	A=3	C=0	
Position 8590:	T=3	G=0	-=0	A=0	C=0	
Position 8591:	T=3	G=0	-=0	A=0	C=0	
Position 8592:	T=0	G=0	-=0	A=0	C=3	
Position 8593:	T=0	G=0	-=0	A=0	C=3	
Position 8594:	T=0	G=3	-=0	A=0	C=0	
Position 8595:	T=0	G=0	-=0	A=3	C=0	
Position 8596:	T=3	G=0	-=0	A=0	C=0	
Position 8597:	T=0	G=0	-=0	A=3	C=0	
Position 8598:	T=0	G=0	-=0	A=0	C=3	
Position 8599:	T=0	G=3	-=0	A=0	C=0	
Position 8600:	T=0	G=0	-=0	A=3	C=0	
Position 8601:	T=0	G=0	-=0	A=0	C=3	
Position 8602:	T=0	G=0	-=0	A=0	C=3	
Position 8603:	T=0	G=0	-=0	A=3	C=0	
Position 8604:	T=0	G=0	-=0	A=3	C=0	
Position 8605:	T=0	G=0	-=0	A=0	C=3	
Position 8606:	T=3	G=0	-=0	A=0	C=0	
Position 8607:	T=0	G=0	-=0	A=3	C=0	
Position 8608:	T=0	G=0	-=0	A=2	C=0	
Position 8609:	T=1	G=0	-=0	A=0	C=0	
Position 8610:	T=0	G=0	-=0	A=1	C=0	
Position 8611:	T=0	G=0	-=0	A=0	C=1	
Position 8612:	T=0	G=0	-=0	A=1	C=0	
Position 8613:	T=0	G=0	-=0	A=0	C=1	
Position 8614:	T=0	G=0	-=0	A=0	C=1	
Position 8615:	T=1	G=0	-=0	A=0	C=0	
Position 8616:	T=0	G=1	-=0	A=0	C=0	
Position 8617:	T=0	G=0	-=0	A=0	C=1	
Position 8618:	T=1	G=0	-=0	A=0	C=0	
Position 8619:	T=0	G=0	-=0	A=1	C=0	
Position 8620:	T=1	G=0	-=0	A=0	C=0	
Position 8621:	T=0	G=1	-=0	A=0	C=0	
Position 8622:	T=0	G=0	-=0	A=1	C=0	
Position 8623:	T=0	G=0	-=0	A=1	C=0	
Position 8624:	T=0	G=0	-=0	A=1	C=0	
Position 8625:	T=0	G=0	-=0	A=1	C=0	
Position 8626:	T=0	G=0	-=0	A=1	C=0	
Position 8627:	T=0	G=0	-=0	A=1	C=0	
Position 8628:	T=1	G=0	-=0	A=0	C=0	
Position 8629:	T=1	G=0	-=0	A=0	C=0	
Position 8630:	T=1	G=0	-=0	A=0	C=0	
Position 8631:	T=0	G=0	-=0	A=0	C=1	
Position 8632:	T=0	G=0	-=0	A=0	C=1	
Position 8633:	T=1	G=0	-=0	A=0	C=0	
Position 8634:	T=0	G=0	-=0	A=1	C=0	
Position 8635:	T=0	G=0	-=0	A=0	C=1	
Position 8636:	T=0	G=0	-=0	A=0	C=1	
Position 8637:	T=0	G=0	-=0	A=0	C=1	
Position 8638:	T=0	G=0	-=0	A=0	C=1	
Position 8639:	T=1	G=0	-=0	A=0	C=0	
Position 8640:	T=0	G=0	-=0	A=0	C=1	
Position 8641:	T=0	G=0	-=0	A=1	C=0	
Position 8642:	T=0	G=0	-=0	A=0	C=1	
Position 8643:	T=0	G=0	-=0	A=1	C=0	
Position 8644:	T=0	G=0	-=0	A=0	C=1	
Position 8645:	T=1	G=0	-=0	A=0	C=0	
Position 8646:	T=0	G=1	-=0	A=0	C=0	
Position 8647:	T=0	G=1	-=0	A=0	C=0	
Position 8648:	T=0	G=0	-=0	A=0	C=1	
Position 8649:	T=0	G=0	-=0	A=0	C=1	
Position 8650:	T=0	G=0	-=0	A=0	C=1	
Position 8651:	T=1	G=0	-=0	A=0	C=0	
Position 8652:	T=0	G=1	-=0	A=0	C=0	
Position 8653:	T=1	G=0	-=0	A=0	C=0	
Position 8654:	T=0	G=1	-=0	A=0	C=0	
Position 8655:	T=0	G=0	-=0	A=0	C=1	
Position 8656:	T=0	G=0	-=0	A=1	C=0	
Position 8657:	T=1	G=0	-=0	A=0	C=0	
Position 8658:	T=0	G=1	-=0	A=0	C=0	
Position 8659:	T=1	G=0	-=0	A=0	C=0	
Position 8660:	T=0	G=1	-=0	A=0	C=0	
Position 8661:	T=0	G=0	-=0	A=1	C=0	
Position 8662:	T=0	G=0	-=0	A=0	C=1	
Position 8663:	T=0	G=0	-=0	A=1	C=0	
Position 8664:	T=1	G=0	-=0	A=0	C=0	
Position 8665:	T=0	G=1	-=0	A=0	C=0	
Position 8666:	T=1	G=0	-=0	A=0	C=0	
Position 8667:	T=0	G=0	-=0	A=1	C=0	
Position 8668:	T=0	G=0	-=0	A=1	C=0	
Position 8669:	T=0	G=0	-=0	A=0	C=1	
Position 8670:	T=0	G=0	-=0	A=1	C=0	
Position 8671:	T=0	G=0	-=0	A=0	C=1	
Position 8672:	T=1	G=0	-=0	A=0	C=0	
Position 8673:	T=0	G=0	-=0	A=1	C=0	
Position 8674:	T=0	G=0	-=0	A=0	C=1	
Position 8675:	T=0	G=0	-=0	A=0	C=1	
Position 8676:	T=0	G=0	-=0	A=0	C=1	
Position 8677:	T=0	G=0	-=0	A=1	C=0	
Position 8678:	T=1	G=0	-=0	A=0	C=0	
Position 8679:	T=1	G=0	-=0	A=0	C=0	
Position 8680:	T=0	G=0	-=0	A=1	C=0	
Position 8681:	T=1	G=0	-=0	A=0	C=0	
Position 8682:	T=0	G=0	-=0	A=0	C=1	
Position 8683:	T=0	G=0	-=0	A=1	C=0	
Position 8684:	T=0	G=0	-=0	A=0	C=1	
Position 8685:	T=0	G=0	-=0	A=1	C=0	
Position 8686:	T=0	G=1	-=0	A=0	C=0	
Position 8687:	T=0	G=0	-=0	A=0	C=1	
Position 8688:	T=0	G=0	-=0	A=1	C=0	
Position 8689:	T=0	G=0	-=0	A=1	C=0	
Position 8690:	T=0	G=1	-=0	A=0	C=0	
Position 8691:	T=0	G=0	-=0	A=0	C=1	
Position 8692:	T=0	G=0	-=0	A=1	C=0	
Position 8693:	T=1	G=0	-=0	A=0	C=0	
Position 8694:	T=1	G=0	-=0	A=0	C=0	
Position 8695:	T=0	G=0	-=0	A=0	C=1	
Position 8696:	T=0	G=0	-=0	A=0	C=1	
Position 8697:	T=1	G=0	-=0	A=0	C=0	
Position 8698:	T=0	G=0	-=0	A=0	C=1	
Position 8699:	T=0	G=0	-=0	A=0	C=1	
Position 8700:	T=1	G=0	-=0	A=0	C=0	
Position 8701:	T=0	G=0	-=0	A=0	C=1	
Position 8702:	T=0	G=0	-=0	A=1	C=0	
Position 8703:	T=0	G=0	-=0	A=1	C=0	
Position 8704:	T=0	G=0	-=0	A=1	C=0	
Position 8705:	T=1	G=0	-=0	A=0	C=0	
Position 8706:	T=0	G=0	-=0	A=1	C=0	
Position 8707:	T=5	G=0	-=0	A=0	C=0	
Position 8708:	T=0	G=0	-=0	A=5	C=0	
Position 8709:	T=0	G=0	-=0	A=5	C=0	
Position 8710:	T=0	G=4	-=0	A=0	C=0	
Position 8711:	T=0	G=0	-=0	A=3	C=0	
Position 8712:	T=0	G=0	-=0	A=3	C=0	
Position 8713:	T=0	G=0	-=0	A=3	C=0	
Position 8714:	T=3	G=0	-=0	A=0	C=0	
Position 8715:	T=0	G=0	-=0	A=3	C=0	
Position 8716:	T=3	G=0	-=0	A=0	C=0	
Position 8717:	T=0	G=3	-=0	A=0	C=0	
Position 8718:	T=3	G=0	-=0	A=0	C=0	
Position 8719:	T=0	G=0	-=0	A=0	C=3	
Position 8720:	T=3	G=0	-=0	A=0	C=0	
Position 8721:	T=0	G=3	-=0	A=0	C=0	
Position 8722:	T=0	G=0	-=0	A=3	C=0	
Position 8723:	T=0	G=0	-=0	A=0	C=3	
Position 8724:	T=0	G=0	-=0	A=2	C=0	
Position 8725:	T=0	G=0	-=0	A=2	C=0	
Position 8726:	T=0	G=0	-=0	A=2	C=0	
Position 8727:	T=0	G=0	-=0	A=2	C=0	
Position 8728:	A=1	N=0	C=0	-=0	G=12	T=0	
Position 8729:	T=0	G=0	-=0	A=1	C=0	
Position 8730:	T=0	G=0	-=0	A=1	C=0	
Position 8731:	T=1	G=0	-=0	A=0	C=0	
Position 8732:	T=1	G=0	-=0	A=0	C=0	
Position 8733:	T=0	G=0	-=0	A=1	C=0	
Position 8734:	T=0	G=0	-=0	A=0	C=1	
Position 8735:	T=1	G=0	-=0	A=0	C=0	
Position 8736:	T=8	G=0	-=0	A=0	C=0	
Position 8737:	T=8	G=0	-=0	A=0	C=0	
Position 8738:	T=0	G=8	-=0	A=0	C=0	
Position 8739:	T=0	G=0	-=0	A=8	C=0	
Position 8740:	T=8	G=0	-=0	A=0	C=0	
Position 8741:	T=0	G=0	-=0	A=7	C=0	
Position 8742:	T=0	G=7	-=0	A=0	C=0	
Position 8743:	T=0	G=0	-=0	A=7	C=0	
Position 8744:	T=0	G=7	-=0	A=0	C=0	
Position 8745:	T=7	G=0	-=0	A=0	C=0	
Position 8746:	T=0	G=0	-=0	A=7	C=0	
Position 8747:	T=0	G=0	-=0	A=7	C=0	
Position 8748:	T=0	G=0	-=0	A=7	C=0	
Position 8749:	T=6	G=0	-=0	A=0	C=0	
Position 8750:	T=0	G=0	-=0	A=6	C=0	
Position 8751:	T=0	G=0	-=0	A=6	C=0	
Position 8752:	T=6	G=0	-=0	A=0	C=0	
Position 8753:	T=0	G=0	-=0	A=6	C=0	
Position 8754:	T=0	G=5	-=0	A=0	C=0	
Position 8755:	T=0	G=0	-=0	A=5	C=0	
Position 8756:	T=0	G=5	-=0	A=0	C=0	
Position 8757:	T=0	G=3	-=0	A=1	C=0	
Position 8758:	T=3	G=0	-=0	A=0	C=0	
Position 8759:	T=3	G=0	-=0	A=0	C=0	
Position 8760:	T=0	G=0	-=0	A=3	C=0	
Position 8761:	T=0	G=2	-=0	A=0	C=0	
Position 8762:	T=0	G=0	-=0	A=2	C=0	
Position 8763:	T=0	G=0	-=0	A=1	C=0	
Position 8764:	T=1	G=0	-=0	A=0	C=0	
Position 8765:	T=0	G=0	-=0	A=0	C=1	
Position 8766:	T=0	G=0	-=0	A=0	C=1	
Position 8767:	T=1	G=0	-=0	A=0	C=0	
Position 8768:	T=0	G=0	-=0	A=0	C=1	
Position 8769:	T=1	G=0	-=0	A=0	C=0	
Position 8770:	T=1	G=0	-=0	A=0	C=0	
Position 8771:	T=0	G=0	-=0	A=1	C=0	
Position 8772:	T=1	G=0	-=0	A=0	C=0	
Position 8773:	T=1	G=0	-=0	A=0	C=0	
Position 8774:	T=1	G=0	-=0	A=0	C=0	
Position 8775:	T=0	G=0	-=0	A=0	C=1	
Position 8776:	T=1	G=0	-=0	A=0	C=0	
Position 8777:	T=0	G=0	-=0	A=1	C=0	
Position 8778:	T=0	G=1	-=0	A=0	C=0	
Position 8779:	T=0	G=0	-=0	A=1	C=0	
Position 8780:	T=0	G=0	-=0	A=1	C=0	
Position 8781:	T=1	G=0	-=0	A=0	C=0	
Position 8782:	T=35	G=0	-=0	A=0	C=0	
Position 8783:	T=0	G=0	-=0	A=35	C=0	
Position 8784:	T=36	G=0	-=0	A=0	C=0	
Position 8785:	T=0	G=0	-=0	A=36	C=0	
Position 8786:	T=0	G=37	-=0	A=0	C=0	
Position 8787:	T=0	G=37	-=0	A=0	C=0	
Position 8788:	T=0	G=0	-=0	A=37	C=0	
Position 8789:	T=0	G=0	-=0	A=36	C=0	
Position 8790:	T=36	G=0	-=0	A=0	C=0	
Position 8791:	T=0	G=0	-=0	A=0	C=37	
Position 8792:	T=0	G=34	-=0	A=3	C=0	
Position 8793:	T=0	G=0	-=0	A=36	C=0	
Position 8794:	T=0	G=0	-=0	A=36	C=0	
Position 8795:	T=0	G=0	-=0	A=0	C=32	
Position 8796:	T=0	G=0	-=0	A=0	C=31	
Position 8797:	T=29	G=0	-=0	A=0	C=0	
Position 8798:	T=0	G=0	-=0	A=29	C=0	
Position 8799:	T=0	G=0	-=0	A=29	C=0	
Position 8800:	T=30	G=0	-=0	A=0	C=0	
Position 8801:	T=1	G=0	-=0	A=0	C=29	
Position 8802:	T=30	G=0	-=0	A=0	C=0	
Position 8803:	T=31	G=0	-=0	A=0	C=0	
Position 8804:	T=0	G=0	-=0	A=31	C=0	
Position 8805:	T=0	G=0	-=0	A=29	C=0	
Position 8806:	T=0	G=28	-=0	A=1	C=0	
Position 8807:	T=0	G=0	-=0	A=29	C=0	
Position 8808:	T=0	G=0	-=0	A=28	C=0	
Position 8809:	T=0	G=0	-=0	A=0	C=27	
Position 8810:	T=25	G=0	-=0	A=0	C=0	
Position 8811:	T=0	G=0	-=0	A=0	C=25	
Position 8812:	T=0	G=0	-=0	A=25	C=0	
Position 8813:	T=0	G=0	-=0	A=24	C=0	
Position 8814:	T=0	G=0	-=0	A=27	C=0	
Position 8815:	T=0	G=0	-=0	A=24	C=0	
Position 8816:	T=0	G=0	-=0	A=24	C=0	
Position 8817:	T=24	G=0	-=0	A=0	C=0	
Position 8818:	T=0	G=0	-=0	A=0	C=23	
Position 8819:	T=23	G=0	-=0	A=0	C=0	
Position 8820:	T=23	G=0	-=0	A=0	C=0	
Position 8821:	T=0	G=0	-=0	A=0	C=23	
Position 8822:	T=0	G=22	-=0	A=1	C=0	
Position 8823:	T=23	G=0	-=0	A=0	C=0	
Position 8824:	T=0	G=23	-=0	A=1	C=0	
Position 8825:	T=0	G=0	-=0	A=0	C=24	
Position 8826:	T=25	G=0	-=0	A=0	C=0	
Position 8827:	T=0	G=0	-=0	A=23	C=0	
Position 8828:	T=1	G=0	-=0	A=0	C=22	
Position 8829:	T=1	G=0	-=0	A=0	C=22	
Position 8830:	T=23	G=0	-=0	A=0	C=0	
Position 8831:	T=0	G=0	-=0	A=23	C=0	
Position 8832:	T=0	G=0	-=0	A=22	C=0	
Position 8833:	T=20	G=0	-=0	A=0	C=0	
Position 8834:	T=20	G=0	-=0	A=0	C=0	
Position 8835:	T=0	G=0	-=0	A=20	C=0	
Position 8836:	T=1	G=0	-=0	A=0	C=19	
Position 8837:	T=0	G=0	-=0	A=20	C=0	
Position 8838:	T=1	G=0	-=0	A=0	C=22	
Position 8839:	T=2	G=0	-=0	A=0	C=22	
Position 8840:	T=0	G=0	-=0	A=24	C=0	
Position 8841:	T=23	G=0	-=0	A=0	C=0	
Position 8842:	T=0	G=0	-=0	A=23	C=0	
Position 8843:	T=23	G=0	-=0	A=0	C=0	
Position 8844:	T=0	G=0	-=0	A=0	C=23	
Position 8845:	T=0	G=0	-=0	A=0	C=23	
Position 8846:	T=22	G=0	-=0	A=0	C=0	
Position 8847:	T=0	G=0	-=0	A=22	C=0	
Position 8848:	T=0	G=0	-=0	A=21	C=0	
Position 8849:	T=0	G=0	-=0	A=21	C=0	
Position 8850:	T=0	G=21	-=0	A=0	C=0	
Position 8851:	T=21	G=0	-=0	A=0	C=0	
Position 8852:	T=0	G=0	-=0	A=21	C=0	
Position 8853:	T=0	G=0	-=0	A=21	C=0	
Position 8854:	T=0	G=19	-=0	A=1	C=0	
Position 8855:	T=0	G=19	-=0	A=0	C=0	
Position 8856:	T=19	G=0	-=0	A=0	C=0	
Position 8857:	T=0	G=0	-=0	A=0	C=18	
Position 8858:	T=0	G=0	-=0	A=18	C=0	
Position 8859:	T=0	G=16	-=0	A=0	C=0	
Position 8860:	T=0	G=0	-=0	A=0	C=16	
Position 8861:	T=16	G=0	-=0	A=0	C=0	
Position 8862:	T=0	G=0	-=0	A=16	C=0	
Position 8863:	T=0	G=0	-=0	A=15	C=0	
Position 8864:	T=0	G=0	-=0	A=15	C=0	
Position 8865:	T=14	G=0	-=0	A=0	C=0	
Position 8866:	T=0	G=0	-=0	A=14	C=0	
Position 8867:	T=0	G=0	-=0	A=14	C=0	
Position 8868:	T=0	G=14	-=0	A=0	C=0	
Position 8869:	T=0	G=0	-=0	A=0	C=14	
Position 8870:	T=14	G=0	-=0	A=0	C=0	
Position 8871:	T=0	G=0	-=0	A=14	C=0	
Position 8872:	T=14	G=0	-=0	A=0	C=0	
Position 8873:	T=0	G=0	-=0	A=0	C=14	
Position 8874:	T=0	G=14	-=0	A=0	C=0	
Position 8875:	T=0	G=14	-=0	A=0	C=0	
Position 8876:	T=0	G=14	-=0	A=0	C=0	
Position 8877:	T=0	G=0	-=0	A=0	C=14	
Position 8878:	T=0	G=0	-=0	A=0	C=14	
Position 8879:	T=0	G=0	-=0	A=0	C=14	
Position 8880:	T=0	G=0	-=0	A=14	C=0	
Position 8881:	T=13	G=0	-=0	A=0	C=0	
Position 8882:	T=0	G=0	-=0	A=12	C=0	
Position 8883:	T=0	G=0	-=0	A=0	C=12	
Position 8884:	T=0	G=0	-=0	A=0	C=11	
Position 8885:	T=0	G=0	-=0	A=0	C=11	
Position 8886:	T=0	G=0	-=0	A=0	C=11	
Position 8887:	T=0	G=10	-=0	A=0	C=0	
Position 8888:	T=0	G=0	-=0	A=10	C=0	
Position 8889:	T=0	G=0	-=0	A=10	C=0	
Position 8890:	T=0	G=0	-=0	A=8	C=0	
Position 8891:	T=0	G=0	-=0	A=8	C=0	
Position 8892:	T=8	G=0	-=0	A=0	C=0	
Position 8893:	T=0	G=7	-=0	A=1	C=0	
Position 8894:	T=8	G=0	-=0	A=0	C=0	
Position 8895:	T=7	G=0	-=0	A=0	C=0	
Position 8896:	T=0	G=6	-=0	A=1	C=0	
Position 8897:	T=0	G=6	-=0	A=0	C=0	
Position 8898:	T=5	G=0	-=0	A=0	C=0	
Position 8899:	T=5	G=0	-=0	A=0	C=0	
Position 8900:	T=5	G=0	-=0	A=0	C=0	
Position 8901:	T=0	G=0	-=0	A=4	C=0	
Position 8902:	T=4	G=0	-=0	A=0	C=0	
Position 8903:	T=0	G=0	-=0	A=0	C=4	
Position 8904:	T=0	G=0	-=0	A=0	C=2	
Position 8905:	T=0	G=0	-=0	A=0	C=2	
Position 8906:	T=0	G=0	-=0	A=0	C=2	
Position 8907:	T=1	G=0	-=0	A=0	C=0	
Position 8908:	T=1	G=0	-=0	A=0	C=0	
Position 8909:	T=0	G=0	-=0	A=0	C=1	
Position 8910:	T=0	G=0	-=0	A=0	C=1	
Position 8911:	T=0	G=0	-=0	A=0	C=12	
Position 8912:	T=0	G=14	-=0	A=0	C=0	
Position 8913:	T=15	G=0	-=0	A=0	C=0	
Position 8914:	T=0	G=0	-=0	A=17	C=0	
Position 8915:	T=1	G=0	-=0	A=0	C=18	
Position 8916:	T=21	G=0	-=0	A=0	C=0	
Position 8917:	T=0	G=0	-=0	A=22	C=0	
Position 8918:	T=0	G=0	-=0	A=24	C=0	
Position 8919:	T=26	G=0	-=0	A=0	C=0	
Position 8920:	T=0	G=0	-=0	A=28	C=0	
Position 8921:	T=0	G=0	-=0	A=28	C=0	
Position 8922:	T=0	G=0	-=0	A=30	C=0	
Position 8923:	T=0	G=0	-=0	A=30	C=0	
Position 8924:	T=2	G=0	-=0	A=0	C=28	
Position 8925:	T=1	G=0	-=0	A=0	C=31	
Position 8926:	T=33	G=0	-=0	A=0	C=0	
Position 8927:	T=0	G=0	-=0	A=0	C=33	
Position 8928:	T=1	G=0	-=0	A=0	C=32	
Position 8929:	T=33	G=0	-=0	A=0	C=0	
Position 8930:	T=0	G=0	-=0	A=33	C=0	
Position 8931:	T=33	G=0	-=0	A=0	C=0	
Position 8932:	T=33	G=0	-=0	A=0	C=0	
Position 8933:	T=0	G=0	-=0	A=0	C=33	
Position 8934:	T=33	G=0	-=0	A=0	C=0	
Position 8935:	T=0	G=0	-=0	A=33	C=0	
Position 8936:	T=0	G=0	-=0	A=33	C=0	
Position 8937:	T=33	G=0	-=0	A=0	C=0	
Position 8938:	T=0	G=0	-=0	A=0	C=33	
Position 8939:	T=0	G=0	-=0	A=33	C=0	
Position 8940:	T=33	G=0	-=0	A=0	C=0	
Position 8941:	T=33	G=0	-=0	A=0	C=0	
Position 8942:	T=0	G=0	-=0	A=33	C=0	
Position 8943:	T=32	G=0	-=0	A=0	C=0	
Position 8944:	T=0	G=0	-=0	A=0	C=32	
Position 8945:	T=0	G=0	-=0	A=32	C=0	
Position 8946:	T=0	G=0	-=0	A=0	C=32	
Position 8947:	T=0	G=0	-=0	A=32	C=0	
Position 8948:	T=31	G=0	-=0	A=0	C=0	
Position 8949:	T=0	G=0	-=0	A=0	C=29	
Position 8950:	T=0	G=0	-=0	A=0	C=26	
Position 8951:	T=0	G=0	-=0	A=23	C=0	
Position 8952:	T=0	G=0	-=0	A=0	C=22	
Position 8953:	T=0	G=0	-=0	A=0	C=21	
Position 8954:	T=0	G=0	-=0	A=19	C=0	
Position 8955:	T=19	G=0	-=0	A=0	C=0	
Position 8956:	T=19	G=0	-=0	A=0	C=0	
Position 8957:	T=0	G=0	-=0	A=16	C=0	
Position 8958:	T=16	G=0	-=0	A=0	C=0	
Position 8959:	T=0	G=0	-=0	A=0	C=15	
Position 8960:	T=0	G=0	-=0	A=0	C=15	
Position 8961:	T=14	G=0	-=0	A=0	C=0	
Position 8962:	T=0	G=0	-=0	A=12	C=0	
Position 8963:	T=0	G=11	-=0	A=1	C=0	
Position 8964:	T=0	G=11	-=0	A=1	C=0	
Position 8965:	T=0	G=0	-=0	A=12	C=0	
Position 8966:	T=0	G=0	-=0	A=12	C=0	
Position 8967:	T=0	G=0	-=0	A=0	C=12	
Position 8968:	T=0	G=0	-=0	A=0	C=10	
Position 8969:	T=0	G=0	-=0	A=10	C=0	
Position 8970:	T=9	G=0	-=0	A=0	C=0	
Position 8971:	T=0	G=7	-=0	A=1	C=0	
Position 8972:	T=0	G=0	-=0	A=8	C=0	
Position 8973:	T=8	G=0	-=0	A=0	C=0	
Position 8974:	T=0	G=0	-=0	A=0	C=8	
Position 8975:	T=0	G=7	-=0	A=1	C=0	
Position 8976:	T=7	G=0	-=0	A=0	C=0	
Position 8977:	T=7	G=0	-=0	A=0	C=0	
Position 8978:	T=0	G=0	-=0	A=0	C=6	
Position 8979:	T=5	G=0	-=0	A=0	C=0	
Position 8980:	T=0	G=0	-=0	A=4	C=0	
Position 8981:	T=4	G=0	-=0	A=0	C=0	
Position 8982:	T=4	G=0	-=0	A=0	C=0	
Position 8983:	T=3	G=0	-=0	A=0	C=0	
Position 8984:	T=0	G=0	-=0	A=3	C=0	
Position 8985:	T=0	G=3	-=0	A=0	C=0	
Position 8986:	T=0	G=0	-=0	A=0	C=3	
Position 8987:	T=3	G=0	-=0	A=0	C=0	
Position 8988:	T=0	G=0	-=0	A=0	C=2	
Position 8989:	T=0	G=0	-=0	A=0	C=2	
Position 8990:	T=0	G=0	-=0	A=0	C=2	
Position 8991:	T=0	G=0	-=0	A=1	C=0	
Position 8992:	T=1	G=0	-=0	A=0	C=0	
Position 8993:	T=1	G=0	-=0	A=0	C=0	
Position 8994:	T=0	G=1	-=0	A=0	C=0	
Position 8995:	T=0	G=0	-=0	A=1	C=0	
Position 8996:	T=0	G=0	-=0	A=0	C=1	
Position 8997:	T=1	G=0	-=0	A=0	C=0	
Position 8998:	T=0	G=0	-=0	A=0	C=1	
Position 8999:	T=0	G=0	-=0	A=1	C=0	
Position 9000:	T=1	G=0	-=0	A=0	C=0	
Position 9001:	T=0	G=0	-=0	A=1	C=0	
Position 9002:	T=0	G=0	-=0	A=1	C=0	
Position 9003:	T=1	G=0	-=0	A=0	C=0	
Position 9004:	T=0	G=0	-=0	A=0	C=1	
Position 9005:	T=1	G=0	-=0	A=0	C=0	
Position 9006:	T=0	G=1	-=0	A=0	C=0	
Position 9007:	T=0	G=0	-=0	A=1	C=0	
Position 9008:	T=0	G=0	-=0	A=1	C=0	
Position 9009:	T=1	G=0	-=0	A=0	C=0	
Position 9010:	T=1	G=0	-=0	A=0	C=0	
Position 9011:	T=0	G=1	-=0	A=0	C=0	
Position 9012:	T=0	G=1	-=0	A=0	C=0	
Position 9013:	T=0	G=0	-=0	A=0	C=1	
Position 9014:	T=1	G=0	-=0	A=0	C=0	
Position 9015:	T=1	G=0	-=0	A=0	C=0	
Position 9016:	T=1	G=0	-=0	A=0	C=0	
Position 9017:	T=0	G=1	-=0	A=0	C=0	
Position 9018:	T=0	G=0	-=0	A=1	C=0	
Position 9019:	T=0	G=0	-=0	A=1	C=0	
Position 9020:	T=0	G=0	-=0	A=1	C=0	
Position 9021:	T=1	G=0	-=0	A=0	C=0	
Position 9022:	T=0	G=1	-=0	A=0	C=0	
Position 9023:	T=0	G=0	-=0	A=1	C=0	
Position 9024:	T=0	G=0	-=0	A=1	C=0	
Position 9025:	T=0	G=0	-=0	A=0	C=1	
Position 9026:	T=0	G=0	-=0	A=1	C=0	
Position 9027:	T=1	G=0	-=0	A=0	C=0	
Position 9028:	T=0	G=0	-=0	A=1	C=0	
Position 9029:	T=0	G=0	-=0	A=0	C=1	
Position 9030:	T=1	G=0	-=0	A=0	C=0	
Position 9031:	T=0	G=0	-=0	A=1	C=0	
Position 9032:	T=0	G=1	-=0	A=0	C=0	
Position 9033:	T=0	G=0	-=0	A=0	C=1	
Position 9034:	T=0	G=0	-=0	A=0	C=1	
Position 9035:	T=0	G=0	-=0	A=1	C=0	
Position 9036:	T=1	G=0	-=0	A=0	C=0	
Position 9037:	T=1	G=0	-=0	A=0	C=0	
Position 9038:	T=0	G=0	-=0	A=1	C=0	
Position 9039:	T=1	G=0	-=0	A=0	C=0	
Position 9040:	T=0	G=0	-=0	A=0	C=1	
Position 9041:	T=0	G=0	-=0	A=0	C=1	
Position 9042:	T=0	G=0	-=0	A=0	C=1	
Position 9043:	T=0	G=0	-=0	A=1	C=0	
Position 9044:	T=0	G=0	-=0	A=1	C=0	
Position 9045:	T=1	G=0	-=0	A=0	C=0	
Position 9046:	T=0	G=0	-=0	A=0	C=1	
Position 9047:	T=0	G=0	-=0	A=0	C=1	
Position 9048:	T=1	G=0	-=0	A=0	C=0	
Position 9049:	T=0	G=0	-=0	A=1	C=0	
Position 9050:	T=0	G=0	-=0	A=1	C=0	
Position 9051:	T=4	G=0	-=0	A=0	C=0	
Position 9052:	T=0	G=3	-=0	A=1	C=0	
Position 9053:	T=0	G=0	-=0	A=4	C=0	
Position 9054:	T=0	G=0	-=0	A=4	C=0	
Position 9055:	T=0	G=0	-=0	A=4	C=0	
Position 9056:	T=0	G=0	-=0	A=4	C=0	
Position 9057:	T=0	G=0	-=0	A=4	C=0	
Position 9058:	T=0	G=0	-=0	A=4	C=0	
Position 9059:	T=4	G=0	-=0	A=0	C=0	
Position 9060:	T=4	G=0	-=0	A=0	C=0	
Position 9061:	T=4	G=0	-=0	A=0	C=0	
Position 9062:	T=0	G=0	-=0	A=4	C=0	
Position 9063:	T=0	G=0	-=0	A=4	C=0	
Position 9064:	T=4	G=0	-=0	A=0	C=0	
Position 9065:	T=0	G=0	-=0	A=0	C=4	
Position 9066:	T=0	G=0	-=0	A=0	C=4	
Position 9067:	T=0	G=0	-=0	A=4	C=0	
Position 9068:	T=0	G=0	-=0	A=0	C=4	
Position 9069:	T=0	G=3	-=0	A=0	C=0	
Position 9070:	T=0	G=0	-=0	A=1	C=0	
Position 9071:	A=1	N=0	C=0	-=0	G=9	T=0	
Position 9072:	T=0	G=0	-=0	A=0	C=1	
Position 9073:	T=0	G=0	-=0	A=0	C=1	
Position 9074:	T=0	G=0	-=0	A=1	C=0	
Position 9075:	T=0	G=0	-=0	A=0	C=1	
Position 9076:	T=0	G=0	-=0	A=1	C=0	
Position 9077:	T=0	G=1	-=0	A=0	C=0	
Position 9078:	T=0	G=0	-=0	A=1	C=0	
Position 9079:	T=0	G=0	-=0	A=1	C=0	
Position 9080:	T=0	G=1	-=0	A=0	C=0	
Position 9081:	T=0	G=0	-=0	A=0	C=1	
Position 9082:	T=1	G=0	-=0	A=0	C=0	
Position 9083:	T=1	G=0	-=0	A=0	C=0	
Position 9084:	T=0	G=0	-=0	A=0	C=1	
Position 9085:	T=1	G=0	-=0	A=0	C=0	
Position 9086:	T=0	G=0	-=0	A=1	C=0	
Position 9087:	T=0	G=0	-=0	A=0	C=1	
Position 9088:	T=0	G=0	-=0	A=1	C=0	
Position 9089:	T=0	G=0	-=0	A=1	C=0	
Position 9090:	T=0	G=0	-=0	A=1	C=0	
Position 9091:	T=0	G=0	-=0	A=1	C=0	
Position 9092:	T=1	G=0	-=0	A=0	C=0	
Position 9093:	T=0	G=0	-=0	A=1	C=0	
Position 9094:	T=2	G=0	-=0	A=0	C=0	
Position 9095:	T=2	G=0	-=0	A=0	C=0	
Position 9096:	T=2	G=0	-=0	A=0	C=0	
Position 9097:	T=0	G=0	-=0	A=0	C=2	
Position 9098:	T=0	G=0	-=0	A=0	C=2	
Position 9099:	T=2	G=0	-=0	A=0	C=0	
Position 9100:	T=0	G=0	-=0	A=0	C=1	
Position 9101:	T=0	G=0	-=0	A=1	C=0	
Position 9102:	T=0	G=0	-=0	A=0	C=1	
Position 9103:	T=0	G=0	-=0	A=1	C=0	
Position 9104:	T=0	G=0	-=0	A=0	C=1	
Position 9105:	T=0	G=0	-=0	A=1	C=0	
Position 9106:	T=0	G=0	-=0	A=1	C=0	
Position 9107:	T=0	G=1	-=0	A=0	C=0	
Position 9108:	T=0	G=0	-=0	A=0	C=1	
Position 9109:	T=0	G=0	-=0	A=0	C=1	
Position 9110:	T=0	G=0	-=0	A=1	C=0	
Position 9111:	T=0	G=0	-=0	A=0	C=1	
Position 9112:	T=0	G=0	-=0	A=0	C=1	
Position 9113:	T=0	G=1	-=0	A=0	C=0	
Position 9114:	T=0	G=0	-=0	A=0	C=1	
Position 9115:	T=0	G=0	-=0	A=1	C=0	
Position 9116:	T=1	G=0	-=0	A=0	C=0	
Position 9117:	T=0	G=0	-=0	A=0	C=1	
Position 9118:	T=0	G=0	-=0	A=0	C=1	
Position 9119:	T=0	G=0	-=0	A=1	C=0	
Position 9120:	T=1	G=0	-=0	A=0	C=0	
Position 9121:	T=0	G=1	-=0	A=0	C=0	
Position 9122:	T=0	G=0	-=0	A=0	C=1	
Position 9123:	T=1	G=0	-=0	A=0	C=0	
Position 9124:	T=0	G=0	-=0	A=0	C=1	
Position 9125:	T=0	G=0	-=0	A=0	C=1	
Position 9126:	T=1	G=0	-=0	A=0	C=0	
Position 9127:	T=0	G=1	-=0	A=0	C=0	
Position 9128:	T=0	G=0	-=0	A=1	C=0	
Position 9129:	T=1	G=0	-=0	A=0	C=0	
Position 9130:	T=0	G=0	-=0	A=1	C=0	
Position 9131:	T=0	G=0	-=0	A=0	C=1	
Position 9132:	T=1	G=0	-=0	A=0	C=0	
Position 9133:	T=0	G=0	-=0	A=1	C=0	
Position 9134:	T=0	G=1	-=0	A=0	C=0	
Position 9135:	T=0	G=1	-=0	A=0	C=0	
Position 9136:	T=0	G=0	-=0	A=0	C=1	
Position 9137:	T=0	G=0	-=0	A=1	C=0	
Position 9138:	T=1	G=0	-=0	A=0	C=0	
Position 9139:	T=1	G=0	-=0	A=0	C=0	
Position 9140:	T=0	G=0	-=0	A=1	C=0	
Position 9141:	T=1	G=0	-=0	A=0	C=0	
Position 9142:	T=1	G=0	-=0	A=0	C=0	
Position 9143:	T=0	G=0	-=0	A=1	C=0	
Position 9144:	T=7	G=0	-=0	A=0	C=0	
Position 9145:	T=0	G=0	-=0	A=0	C=6	
Position 9146:	T=0	G=0	-=0	A=6	C=0	
Position 9147:	T=0	G=0	-=0	A=6	C=0	
Position 9148:	T=6	G=0	-=0	A=0	C=0	
Position 9149:	T=0	G=0	-=0	A=0	C=6	
Position 9150:	T=6	G=0	-=0	A=0	C=0	
Position 9151:	T=0	G=0	-=0	A=6	C=0	
Position 9152:	T=0	G=0	-=0	A=0	C=6	
Position 9153:	T=6	G=0	-=0	A=0	C=0	
Position 9154:	T=0	G=0	-=0	A=6	C=0	
Position 9155:	T=0	G=0	-=0	A=0	C=6	
Position 9156:	T=0	G=0	-=0	A=6	C=0	
Position 9157:	T=6	G=0	-=0	A=0	C=0	
Position 9158:	T=6	G=0	-=0	A=0	C=0	
Position 9159:	T=0	G=0	-=0	A=0	C=6	
Position 9160:	T=0	G=0	-=0	A=5	C=0	
Position 9161:	T=0	G=5	-=0	A=0	C=0	
Position 9162:	A=2	N=0	C=0	-=0	G=28	T=0	
Position 9163:	T=0	G=4	-=0	A=1	C=0	
Position 9164:	T=0	G=0	-=0	A=0	C=5	
Position 9165:	T=0	G=0	-=0	A=4	C=0	
Position 9166:	T=0	G=0	-=0	A=0	C=3	
Position 9167:	T=3	G=0	-=0	A=0	C=0	
Position 9168:	T=0	G=3	-=0	A=0	C=0	
Position 9169:	T=0	G=0	-=0	A=3	C=0	
Position 9170:	T=0	G=0	-=0	A=3	C=0	
Position 9171:	T=0	G=0	-=0	A=0	C=3	
Position 9172:	T=0	G=0	-=0	A=3	C=0	
Position 9173:	T=0	G=0	-=0	A=3	C=0	
Position 9174:	T=3	G=0	-=0	A=0	C=0	
Position 9175:	T=0	G=0	-=0	A=0	C=3	
Position 9176:	T=3	G=0	-=0	A=0	C=0	
Position 9177:	T=0	G=0	-=0	A=0	C=3	
Position 9178:	T=0	G=0	-=0	A=3	C=0	
Position 9179:	T=0	G=0	-=0	A=3	C=0	
Position 9180:	T=3	G=0	-=0	A=0	C=0	
Position 9181:	T=0	G=0	-=0	A=3	C=0	
Position 9182:	T=0	G=0	-=0	A=3	C=0	
Position 9183:	T=3	G=0	-=0	A=0	C=0	
Position 9184:	T=0	G=0	-=0	A=0	C=3	
Position 9185:	T=0	G=0	-=0	A=0	C=3	
Position 9186:	T=0	G=0	-=0	A=0	C=3	
Position 9187:	T=0	G=0	-=0	A=0	C=3	
Position 9188:	T=0	G=0	-=0	A=3	C=0	
Position 9189:	T=0	G=0	-=0	A=3	C=0	
Position 9190:	T=0	G=0	-=0	A=0	C=3	
Position 9191:	T=0	G=0	-=0	A=0	C=2	
Position 9192:	T=1	G=0	-=0	A=0	C=2	
Position 9193:	T=0	G=0	-=0	A=2	C=0	
Position 9194:	T=0	G=0	-=0	A=11	C=0	
Position 9195:	T=11	G=0	-=0	A=0	C=0	
Position 9196:	T=0	G=0	-=0	A=0	C=9	
Position 9197:	T=0	G=9	-=0	A=0	C=0	
Position 9198:	T=0	G=0	-=0	A=0	C=9	
Position 9199:	T=0	G=0	-=0	A=8	C=0	
Position 9200:	T=8	G=0	-=0	A=0	C=0	
Position 9201:	T=0	G=0	-=0	A=0	C=7	
Position 9202:	T=0	G=7	-=0	A=0	C=0	
Position 9203:	T=0	G=0	-=0	A=7	C=0	
Position 9204:	T=0	G=0	-=0	A=0	C=7	
Position 9205:	T=0	G=0	-=0	A=0	C=7	
Position 9206:	T=0	G=5	-=0	A=0	C=0	
Position 9207:	T=5	G=0	-=0	A=0	C=0	
Position 9208:	T=0	G=0	-=0	A=4	C=0	
Position 9209:	T=0	G=0	-=0	A=4	C=0	
Position 9210:	T=4	G=0	-=0	A=0	C=0	
Position 9211:	T=0	G=0	-=0	A=0	C=4	
Position 9212:	T=0	G=0	-=0	A=4	C=0	
Position 9213:	T=0	G=0	-=0	A=0	C=4	
Position 9214:	T=0	G=0	-=0	A=0	C=4	
Position 9215:	T=0	G=0	-=0	A=4	C=0	
Position 9216:	T=4	G=0	-=0	A=0	C=0	
Position 9217:	T=3	G=0	-=0	A=0	C=0	
Position 9218:	T=0	G=3	-=0	A=0	C=0	
Position 9219:	T=0	G=0	-=0	A=0	C=3	
Position 9220:	T=0	G=0	-=0	A=0	C=3	
Position 9221:	T=0	G=0	-=0	A=0	C=3	
Position 9222:	T=3	G=0	-=0	A=0	C=0	
Position 9223:	T=0	G=0	-=0	A=3	C=0	
Position 9224:	T=0	G=3	-=0	A=0	C=0	
Position 9225:	T=0	G=0	-=0	A=0	C=3	
Position 9226:	T=0	G=0	-=0	A=2	C=0	
Position 9227:	T=0	G=0	-=0	A=2	C=0	
Position 9228:	T=2	G=0	-=0	A=0	C=0	
Position 9229:	T=0	G=0	-=0	A=2	C=0	
Position 9230:	T=0	G=0	-=0	A=1	C=0	
Position 9231:	T=0	G=0	-=0	A=1	C=0	
Position 9232:	T=0	G=0	-=0	A=1	C=0	
Position 9233:	T=0	G=0	-=0	A=0	C=1	
Position 9234:	T=1	G=0	-=0	A=0	C=0	
Position 9235:	T=1	G=0	-=0	A=0	C=0	
Position 9236:	T=0	G=3	-=0	A=1	C=0	
Position 9237:	T=0	G=1	-=0	A=0	C=0	
Position 9238:	T=0	G=0	-=0	A=0	C=1	
Position 9239:	T=0	G=0	-=0	A=0	C=1	
Position 9240:	T=1	G=0	-=0	A=0	C=0	
Position 9241:	T=0	G=0	-=0	A=3	C=0	
Position 9242:	T=3	G=0	-=0	A=0	C=0	
Position 9243:	T=0	G=0	-=0	A=0	C=3	
Position 9244:	T=0	G=0	-=0	A=0	C=2	
Position 9245:	T=0	G=0	-=0	A=0	C=2	
Position 9246:	T=0	G=0	-=0	A=0	C=2	
Position 9247:	T=0	G=0	-=0	A=0	C=2	
Position 9248:	T=2	G=0	-=0	A=0	C=0	
Position 9249:	T=2	G=0	-=0	A=0	C=0	
Position 9250:	T=2	G=0	-=0	A=0	C=0	
Position 9251:	T=0	G=0	-=0	A=0	C=2	
Position 9252:	T=0	G=0	-=0	A=2	C=0	
Position 9253:	T=0	G=0	-=0	A=0	C=2	
Position 9254:	T=2	G=0	-=0	A=0	C=0	
Position 9255:	T=2	G=0	-=0	A=0	C=0	
Position 9256:	T=2	G=0	-=0	A=0	C=0	
Position 9257:	T=2	G=0	-=0	A=0	C=0	
Position 9258:	T=0	G=2	-=0	A=0	C=0	
Position 9259:	T=0	G=0	-=0	A=1	C=0	
Position 9260:	T=0	G=1	-=0	A=0	C=0	
Position 9261:	T=0	G=1	-=0	A=0	C=0	
Position 9262:	T=1	G=0	-=0	A=0	C=0	
Position 9263:	T=0	G=0	-=0	A=0	C=1	
Position 9264:	T=0	G=0	-=0	A=0	C=1	
Position 9265:	T=0	G=0	-=0	A=1	C=0	
Position 9266:	T=0	G=1	-=0	A=0	C=0	
Position 9267:	T=0	G=0	-=0	A=1	C=0	
Position 9268:	T=0	G=0	-=0	A=1	C=0	
Position 9269:	T=0	G=1	-=0	A=0	C=0	
Position 9270:	T=1	G=0	-=0	A=0	C=0	
Position 9271:	T=0	G=0	-=0	A=0	C=1	
Position 9272:	T=0	G=0	-=0	A=1	C=0	
Position 9273:	T=0	G=0	-=0	A=0	C=1	
Position 9274:	T=0	G=0	-=0	A=1	C=0	
Position 9275:	T=0	G=0	-=0	A=0	C=1	
Position 9276:	T=0	G=0	-=0	A=1	C=0	
Position 9277:	T=0	G=0	-=0	A=8	C=0	
Position 9278:	T=0	G=6	-=0	A=0	C=0	
Position 9279:	A=2	N=0	C=0	-=0	G=15	T=0	
Position 9280:	T=0	G=0	-=0	A=0	C=4	
Position 9281:	T=0	G=3	-=0	A=0	C=0	
Position 9282:	T=3	G=0	-=0	A=0	C=0	
Position 9283:	T=3	G=0	-=0	A=0	C=0	
Position 9284:	T=0	G=0	-=0	A=0	C=3	
Position 9285:	T=0	G=0	-=0	A=0	C=3	
Position 9286:	T=3	G=0	-=0	A=0	C=0	
Position 9287:	T=3	G=0	-=0	A=0	C=0	
Position 9288:	T=3	G=0	-=0	A=0	C=0	
Position 9289:	T=0	G=3	-=0	A=0	C=0	
Position 9290:	T=2	G=0	-=0	A=0	C=0	
Position 9291:	T=0	G=0	-=0	A=0	C=2	
Position 9292:	T=0	G=0	-=0	A=0	C=1	
Position 9293:	T=1	G=0	-=0	A=0	C=0	
Position 9294:	T=0	G=0	-=0	A=0	C=3	
Position 9295:	T=0	G=0	-=0	A=3	C=0	
Position 9296:	T=0	G=3	-=0	A=0	C=0	
Position 9297:	T=0	G=3	-=0	A=0	C=0	
Position 9298:	T=0	G=0	-=0	A=3	C=0	
Position 9299:	T=0	G=0	-=0	A=3	C=0	
Position 9300:	T=3	G=0	-=0	A=0	C=0	
Position 9301:	T=0	G=3	-=0	A=0	C=0	
Position 9302:	T=0	G=3	-=0	A=0	C=0	
Position 9303:	T=3	G=0	-=0	A=0	C=0	
Position 9304:	T=3	G=0	-=0	A=0	C=0	
Position 9305:	T=0	G=0	-=0	A=0	C=3	
Position 9306:	T=3	G=0	-=0	A=0	C=0	
Position 9307:	T=0	G=0	-=0	A=3	C=0	
Position 9308:	T=0	G=0	-=0	A=0	C=3	
Position 9309:	T=3	G=0	-=0	A=0	C=0	
Position 9310:	T=0	G=0	-=0	A=3	C=0	
Position 9311:	T=0	G=0	-=0	A=3	C=0	
Position 9312:	T=0	G=0	-=0	A=0	C=3	
Position 9313:	T=0	G=0	-=0	A=3	C=0	
Position 9314:	T=3	G=0	-=0	A=0	C=0	
Position 9315:	T=0	G=1	-=0	A=0	C=0	
Position 9316:	T=0	G=0	-=0	A=1	C=0	
Position 9317:	T=0	G=0	-=0	A=0	C=1	
Position 9318:	T=0	G=0	-=0	A=1	C=0	
Position 9319:	T=0	G=0	-=0	A=1	C=0	
Position 9320:	T=0	G=0	-=0	A=1	C=0	
Position 9321:	T=0	G=0	-=0	A=1	C=0	
Position 9322:	T=0	G=0	-=0	A=1	C=0	
Position 9323:	T=0	G=0	-=0	A=1	C=0	
Position 9324:	T=1	G=0	-=0	A=0	C=0	
Position 9325:	T=0	G=0	-=0	A=0	C=1	
Position 9326:	T=0	G=1	-=0	A=0	C=0	
Position 9327:	T=0	G=0	-=0	A=0	C=13	
Position 9328:	T=0	G=0	-=0	A=12	C=0	
Position 9329:	T=0	G=0	-=0	A=0	C=12	
Position 9330:	T=0	G=0	-=0	A=0	C=12	
Position 9331:	T=12	G=0	-=0	A=0	C=0	
Position 9332:	T=0	G=0	-=0	A=0	C=12	
Position 9333:	T=10	G=0	-=0	A=0	C=0	
Position 9334:	T=0	G=0	-=0	A=10	C=0	
Position 9335:	T=9	G=0	-=0	A=0	C=0	
Position 9336:	T=0	G=0	-=0	A=0	C=9	
Position 9337:	T=0	G=0	-=0	A=0	C=8	
Position 9338:	T=0	G=8	-=0	A=0	C=0	
Position 9339:	T=8	G=0	-=0	A=0	C=0	
Position 9340:	T=0	G=0	-=0	A=0	C=8	
Position 9341:	T=0	G=0	-=0	A=0	C=8	
Position 9342:	T=8	G=0	-=0	A=0	C=0	
Position 9343:	T=0	G=0	-=0	A=8	C=0	
Position 9344:	T=8	G=0	-=0	A=0	C=0	
Position 9345:	T=0	G=0	-=0	A=7	C=0	
Position 9346:	T=0	G=0	-=0	A=0	C=6	
Position 9347:	T=0	G=0	-=0	A=0	C=6	
Position 9348:	T=0	G=0	-=0	A=6	C=0	
Position 9349:	T=0	G=0	-=0	A=6	C=0	
Position 9350:	T=0	G=0	-=0	A=6	C=0	
Position 9351:	T=5	G=0	-=0	A=0	C=0	
Position 9352:	T=0	G=0	-=0	A=0	C=5	
Position 9353:	T=5	G=0	-=0	A=0	C=0	
Position 9354:	T=0	G=0	-=0	A=0	C=5	
Position 9355:	T=0	G=0	-=0	A=3	C=0	
Position 9356:	T=0	G=0	-=0	A=0	C=3	
Position 9357:	T=0	G=0	-=0	A=0	C=3	
Position 9358:	T=0	G=3	-=0	A=0	C=0	
Position 9359:	T=3	G=0	-=0	A=0	C=0	
Position 9360:	T=0	G=0	-=0	A=0	C=2	
Position 9361:	T=0	G=0	-=0	A=0	C=2	
Position 9362:	T=0	G=0	-=0	A=2	C=0	
Position 9363:	T=2	G=0	-=0	A=0	C=0	
Position 9364:	T=0	G=0	-=0	A=0	C=1	
Position 9365:	T=0	G=0	-=0	A=1	C=0	
Position 9366:	T=0	G=0	-=0	A=1	C=0	
Position 9367:	T=1	G=0	-=0	A=0	C=0	
Position 9368:	T=0	G=0	-=0	A=0	C=1	
Position 9369:	T=0	G=0	-=0	A=0	C=1	
Position 9370:	T=0	G=0	-=0	A=1	C=0	
Position 9371:	T=0	G=0	-=0	A=1	C=0	
Position 9372:	T=0	G=0	-=0	A=18	C=0	
Position 9373:	T=0	G=0	-=0	A=0	C=17	
Position 9374:	T=0	G=0	-=0	A=0	C=16	
Position 9375:	T=16	G=0	-=0	A=0	C=0	
Position 9376:	T=0	G=14	-=0	A=0	C=0	
Position 9377:	T=0	G=0	-=0	A=0	C=13	
Position 9378:	T=13	G=0	-=0	A=0	C=0	
Position 9379:	T=0	G=0	-=0	A=13	C=0	
Position 9380:	T=0	G=13	-=0	A=0	C=0	
Position 9381:	T=12	G=0	-=0	A=0	C=0	
Position 9382:	T=0	G=0	-=0	A=11	C=0	
Position 9383:	T=0	G=9	-=0	A=1	C=0	
Position 9384:	T=0	G=0	-=0	A=0	C=9	
Position 9385:	T=0	G=0	-=0	A=9	C=0	
Position 9386:	T=0	G=0	-=0	A=9	C=0	
Position 9387:	T=9	G=0	-=0	A=0	C=0	
Position 9388:	T=0	G=0	-=0	A=9	C=0	
Position 9389:	T=0	G=8	-=0	A=1	C=0	
Position 9390:	T=0	G=0	-=0	A=0	C=9	
Position 9391:	T=0	G=0	-=0	A=0	C=9	
Position 9392:	T=0	G=7	-=0	A=2	C=0	
Position 9393:	T=0	G=0	-=0	A=0	C=7	
Position 9394:	T=7	G=0	-=0	A=0	C=0	
Position 9395:	T=0	G=0	-=0	A=7	C=0	
Position 9396:	T=0	G=0	-=0	A=0	C=5	
Position 9397:	T=0	G=0	-=0	A=5	C=0	
Position 9398:	T=4	G=0	-=0	A=0	C=0	
Position 9399:	T=0	G=0	-=0	A=0	C=4	
Position 9400:	T=0	G=0	-=0	A=0	C=3	
Position 9401:	T=0	G=3	-=0	A=0	C=0	
Position 9402:	T=3	G=0	-=0	A=0	C=0	
Position 9403:	T=0	G=0	-=0	A=3	C=0	
Position 9404:	T=3	G=0	-=0	A=0	C=0	
Position 9405:	T=3	G=0	-=0	A=0	C=0	
Position 9406:	T=0	G=0	-=0	A=2	C=0	
Position 9407:	T=0	G=2	-=0	A=0	C=0	
Position 9408:	T=1	G=0	-=0	A=0	C=0	
Position 9409:	T=0	G=0	-=0	A=1	C=0	
Position 9410:	T=0	G=1	-=0	A=0	C=0	
Position 9411:	T=0	G=1	-=0	A=0	C=0	
Position 9412:	T=0	G=0	-=0	A=1	C=0	
Position 9413:	T=0	G=1	-=0	A=0	C=0	
Position 9414:	T=0	G=1	-=0	A=0	C=0	
Position 9415:	T=0	G=0	-=0	A=0	C=1	
Position 9416:	T=1	G=0	-=0	A=0	C=0	
Position 9417:	T=0	G=1	-=0	A=0	C=0	
Position 9418:	T=0	G=0	-=0	A=1	C=0	
Position 9419:	T=0	G=1	-=0	A=0	C=0	
Position 9420:	T=0	G=1	-=0	A=0	C=0	
Position 9421:	T=0	G=0	-=0	A=1	C=0	
Position 9422:	T=0	G=1	-=0	A=0	C=0	
Position 9423:	T=0	G=1	-=0	A=0	C=0	
Position 9424:	T=0	G=0	-=0	A=1	C=0	
Position 9425:	T=0	G=0	-=0	A=0	C=1	
Position 9426:	T=1	G=0	-=0	A=0	C=0	
Position 9427:	T=0	G=0	-=0	A=1	C=0	
Position 9428:	T=0	G=0	-=0	A=1	C=0	
Position 9429:	T=0	G=0	-=0	A=1	C=0	
Position 9430:	T=0	G=0	-=0	A=0	C=1	
Position 9431:	T=0	G=0	-=0	A=0	C=1	
Position 9432:	T=0	G=0	-=0	A=1	C=0	
Position 9433:	T=0	G=0	-=0	A=1	C=0	
Position 9434:	T=0	G=0	-=0	A=1	C=0	
Position 9435:	T=0	G=0	-=0	A=0	C=1	
Position 9436:	T=1	G=0	-=0	A=0	C=0	
Position 9437:	T=0	G=0	-=0	A=0	C=1	
Position 9438:	T=0	G=0	-=0	A=1	C=0	
Position 9439:	T=0	G=0	-=0	A=1	C=0	
Position 9440:	T=0	G=0	-=0	A=0	C=1	
Position 9441:	T=5	G=0	-=0	A=0	C=0	
Position 9442:	T=0	G=0	-=0	A=0	C=5	
Position 9443:	T=0	G=0	-=0	A=0	C=5	
Position 9444:	T=0	G=5	-=0	A=0	C=0	
Position 9445:	T=0	G=0	-=0	A=5	C=0	
Position 9446:	T=0	G=0	-=0	A=5	C=0	
Position 9447:	T=0	G=0	-=0	A=5	C=0	
Position 9448:	T=0	G=0	-=0	A=5	C=0	
Position 9449:	T=0	G=0	-=0	A=5	C=0	
Position 9450:	T=4	G=0	-=0	A=0	C=0	
Position 9451:	T=0	G=0	-=0	A=0	C=4	
Position 9452:	T=0	G=0	-=0	A=0	C=4	
Position 9453:	T=3	G=0	-=0	A=0	C=0	
Position 9454:	T=0	G=0	-=0	A=3	C=0	
Position 9455:	T=0	G=2	-=0	A=1	C=0	
Position 9456:	T=0	G=0	-=0	A=0	C=2	
Position 9457:	T=0	G=0	-=0	A=2	C=0	
Position 9458:	T=2	G=0	-=0	A=0	C=0	
Position 9459:	T=0	G=0	-=0	A=2	C=0	
Position 9460:	T=0	G=0	-=0	A=0	C=2	
Position 9461:	T=1	G=0	-=0	A=0	C=0	
Position 9462:	T=0	G=0	-=0	A=0	C=1	
Position 9463:	T=1	G=0	-=0	A=0	C=0	
Position 9464:	T=9	G=0	-=0	A=0	C=0	
Position 9465:	T=0	G=0	-=0	A=0	C=9	
Position 9466:	T=0	G=0	-=0	A=7	C=0	
Position 9467:	T=0	G=0	-=0	A=6	C=0	
Position 9468:	T=5	G=0	-=0	A=0	C=0	
Position 9469:	T=0	G=0	-=0	A=0	C=5	
Position 9470:	T=0	G=3	-=0	A=1	C=0	
Position 9471:	T=0	G=0	-=0	A=0	C=4	
Position 9472:	T=4	G=0	-=0	A=0	C=0	
Position 9473:	T=0	G=0	-=0	A=0	C=3	
Position 9474:	T=0	G=0	-=0	A=2	C=0	
Position 9475:	T=0	G=0	-=0	A=0	C=2	
Position 9476:	T=0	G=0	-=0	A=2	C=0	
Position 9477:	T=1	G=0	-=0	A=0	C=0	
Position 9478:	T=0	G=1	-=0	A=0	C=0	
Position 9479:	T=0	G=1	-=0	A=0	C=0	
Position 9480:	T=0	G=1	-=0	A=0	C=0	
Position 9481:	T=0	G=0	-=0	A=0	C=1	
Position 9482:	T=1	G=0	-=0	A=0	C=0	
Position 9483:	T=0	G=1	-=0	A=0	C=0	
Position 9484:	T=0	G=0	-=0	A=1	C=0	
Position 9485:	T=0	G=0	-=0	A=1	C=0	
Position 9486:	T=1	G=0	-=0	A=0	C=0	
Position 9487:	T=0	G=0	-=0	A=1	C=0	
Position 9488:	T=0	G=14	-=0	A=2	C=0	
Position 9489:	T=1	G=0	-=0	A=0	C=13	
Position 9490:	T=13	G=0	-=0	A=0	C=0	
Position 9491:	T=0	G=13	-=0	A=0	C=0	
Position 9492:	T=0	G=0	-=0	A=0	C=13	
Position 9493:	T=0	G=0	-=0	A=0	C=12	
Position 9494:	T=0	G=0	-=0	A=12	C=0	
Position 9495:	T=12	G=0	-=0	A=0	C=0	
Position 9496:	T=0	G=0	-=0	A=0	C=12	
Position 9497:	T=0	G=0	-=0	A=12	C=0	
Position 9498:	T=12	G=0	-=0	A=0	C=0	
Position 9499:	T=0	G=0	-=0	A=12	C=0	
Position 9500:	T=0	G=10	-=0	A=0	C=0	
Position 9501:	T=10	G=0	-=0	A=0	C=0	
Position 9502:	T=0	G=0	-=0	A=9	C=0	
Position 9503:	T=9	G=0	-=0	A=0	C=0	
Position 9504:	T=0	G=0	-=0	A=9	C=0	
Position 9505:	T=9	G=0	-=0	A=0	C=0	
Position 9506:	T=0	G=0	-=0	A=9	C=0	
Position 9507:	T=0	G=0	-=0	A=9	C=0	
Position 9508:	T=9	G=0	-=0	A=0	C=0	
Position 9509:	T=0	G=0	-=0	A=0	C=9	
Position 9510:	T=0	G=0	-=0	A=0	C=9	
Position 9511:	T=9	G=0	-=0	A=0	C=0	
Position 9512:	T=0	G=0	-=0	A=9	C=0	
Position 9513:	T=0	G=0	-=0	A=0	C=9	
Position 9514:	T=0	G=0	-=0	A=0	C=9	
Position 9515:	T=0	G=0	-=0	A=0	C=9	
Position 9516:	T=9	G=0	-=0	A=0	C=0	
Position 9517:	T=0	G=0	-=0	A=9	C=0	
Position 9518:	T=0	G=0	-=0	A=9	C=0	
Position 9519:	T=9	G=0	-=0	A=0	C=0	
Position 9520:	T=0	G=0	-=0	A=9	C=0	
Position 9521:	T=0	G=0	-=0	A=9	C=0	
Position 9522:	T=8	G=0	-=0	A=0	C=0	
Position 9523:	T=0	G=0	-=0	A=0	C=7	
Position 9524:	T=0	G=0	-=0	A=0	C=7	
Position 9525:	T=7	G=0	-=0	A=0	C=0	
Position 9526:	T=7	G=0	-=0	A=0	C=0	
Position 9527:	T=0	G=0	-=0	A=7	C=0	
Position 9528:	T=0	G=0	-=0	A=7	C=0	
Position 9529:	T=0	G=0	-=0	A=0	C=7	
Position 9530:	T=0	G=0	-=0	A=0	C=6	
Position 9531:	T=6	G=0	-=0	A=0	C=0	
Position 9532:	T=6	G=0	-=0	A=0	C=0	
Position 9533:	T=0	G=0	-=0	A=6	C=0	
Position 9534:	T=0	G=0	-=0	A=0	C=6	
Position 9535:	T=0	G=0	-=0	A=6	C=0	
Position 9536:	T=0	G=0	-=0	A=6	C=0	
Position 9537:	T=5	G=0	-=0	A=0	C=0	
Position 9538:	T=0	G=0	-=0	A=0	C=5	
Position 9539:	T=4	G=0	-=0	A=0	C=0	
Position 9540:	T=0	G=0	-=0	A=4	C=0	
Position 9541:	T=0	G=0	-=0	A=0	C=4	
Position 9542:	T=0	G=0	-=0	A=4	C=0	
Position 9543:	T=3	G=0	-=0	A=0	C=0	
Position 9544:	T=0	G=0	-=0	A=0	C=3	
Position 9545:	T=0	G=0	-=0	A=3	C=0	
Position 9546:	T=3	G=0	-=0	A=0	C=0	
Position 9547:	T=0	G=0	-=0	A=3	C=0	
Position 9548:	T=0	G=0	-=0	A=3	C=0	
Position 9549:	T=3	G=0	-=0	A=0	C=0	
Position 9550:	T=0	G=0	-=0	A=3	C=0	
Position 9551:	T=0	G=0	-=0	A=3	C=0	
Position 9552:	T=0	G=0	-=0	A=0	C=2	
Position 9553:	T=2	G=0	-=0	A=0	C=0	
Position 9554:	T=0	G=0	-=0	A=0	C=2	
Position 9555:	T=1	G=0	-=0	A=0	C=0	
Position 9556:	T=0	G=0	-=0	A=1	C=0	
Position 9557:	T=0	G=1	-=0	A=0	C=0	
Position 9558:	T=0	G=1	-=0	A=0	C=0	
Position 9559:	T=0	G=2	-=0	A=1	C=0	
Position 9560:	T=0	G=0	-=0	A=1	C=0	
Position 9561:	T=0	G=0	-=0	A=0	C=1	
Position 9562:	T=0	G=0	-=0	A=1	C=0	
Position 9563:	T=1	G=0	-=0	A=0	C=0	
Position 9564:	T=1	G=0	-=0	A=0	C=0	
Position 9565:	T=1	G=0	-=0	A=0	C=0	
Position 9566:	T=0	G=0	-=0	A=1	C=0	
Position 9567:	T=1	G=0	-=0	A=0	C=0	
Position 9568:	T=0	G=0	-=0	A=1	C=0	
Position 9569:	T=0	G=0	-=0	A=0	C=1	
Position 9570:	T=1	G=0	-=0	A=0	C=0	
Position 9571:	T=0	G=0	-=0	A=1	C=0	
Position 9572:	T=1	G=0	-=0	A=0	C=0	
Position 9573:	T=1	G=0	-=0	A=0	C=0	
Position 9574:	T=0	G=0	-=0	A=0	C=1	
Position 9575:	T=0	G=0	-=0	A=1	C=0	
Position 9576:	T=1	G=0	-=0	A=0	C=0	
Position 9577:	T=0	G=1	-=0	A=0	C=0	
Position 9578:	T=1	G=0	-=0	A=0	C=0	
Position 9579:	T=0	G=0	-=0	A=2	C=0	
Position 9580:	A=0	N=0	C=2	-=0	G=0	T=0	
Position 9581:	T=0	G=0	-=0	A=2	C=0	
Position 9582:	T=0	G=0	-=0	A=2	C=0	
Position 9583:	T=2	G=0	-=0	A=0	C=0	
Position 9584:	T=0	G=0	-=0	A=0	C=2	
Position 9585:	T=2	G=0	-=0	A=0	C=0	
Position 9586:	T=0	G=0	-=0	A=2	C=0	
Position 9587:	T=2	G=0	-=0	A=0	C=0	
Position 9588:	T=0	G=0	-=0	A=0	C=2	
Position 9589:	T=2	G=0	-=0	A=0	C=0	
Position 9590:	T=0	G=0	-=0	A=2	C=0	
Position 9591:	T=0	G=0	-=0	A=0	C=2	
Position 9592:	T=0	G=0	-=0	A=2	C=0	
Position 9593:	T=0	G=0	-=0	A=2	C=0	
Position 9594:	T=0	G=0	-=0	A=0	C=2	
Position 9595:	T=0	G=0	-=0	A=2	C=0	
Position 9596:	T=0	G=0	-=0	A=2	C=0	
Position 9597:	T=0	G=0	-=0	A=0	C=1	
Position 9598:	T=0	G=0	-=0	A=1	C=0	
Position 9599:	T=1	G=0	-=0	A=0	C=0	
Position 9600:	T=1	G=0	-=0	A=0	C=0	
Position 9601:	T=0	G=0	-=0	A=1	C=0	
Position 9602:	T=1	G=0	-=0	A=0	C=0	
Position 9603:	T=0	G=0	-=0	A=0	C=1	
Position 9604:	T=0	G=0	-=0	A=1	C=0	
Position 9605:	T=0	G=0	-=0	A=0	C=1	
Position 9606:	T=14	G=0	-=0	A=0	C=0	
Position 9607:	T=0	G=14	-=0	A=0	C=0	
Position 9608:	T=14	G=0	-=0	A=0	C=0	
Position 9609:	T=0	G=0	-=0	A=0	C=13	
Position 9610:	T=0	G=0	-=0	A=0	C=11	
Position 9611:	T=0	G=0	-=0	A=0	C=11	
Position 9612:	T=0	G=0	-=0	A=10	C=0	
Position 9613:	T=0	G=0	-=0	A=0	C=9	
Position 9614:	T=0	G=0	-=0	A=8	C=0	
Position 9615:	T=0	G=0	-=0	A=0	C=8	
Position 9616:	T=0	G=0	-=0	A=8	C=0	
Position 9617:	T=6	G=0	-=0	A=0	C=0	
Position 9618:	T=0	G=5	-=0	A=1	C=0	
Position 9619:	T=0	G=0	-=0	A=5	C=0	
Position 9620:	T=0	G=0	-=0	A=3	C=0	
Position 9621:	T=0	G=0	-=0	A=3	C=0	
Position 9622:	T=3	G=0	-=0	A=0	C=0	
Position 9623:	T=0	G=0	-=0	A=3	C=0	
Position 9624:	T=0	G=0	-=0	A=3	C=0	
Position 9625:	T=0	G=0	-=0	A=3	C=0	
Position 9626:	T=3	G=0	-=0	A=0	C=0	
Position 9627:	T=3	G=0	-=0	A=0	C=0	
Position 9628:	T=0	G=0	-=0	A=3	C=0	
Position 9629:	T=0	G=0	-=0	A=0	C=3	
Position 9630:	T=0	G=0	-=0	A=0	C=3	
Position 9631:	T=0	G=0	-=0	A=2	C=0	
Position 9632:	T=0	G=0	-=0	A=0	C=2	
Position 9633:	T=2	G=0	-=0	A=0	C=0	
Position 9634:	T=0	G=0	-=0	A=2	C=0	
Position 9635:	T=0	G=0	-=0	A=2	C=0	
Position 9636:	T=2	G=0	-=0	A=0	C=0	
Position 9637:	T=2	G=0	-=0	A=0	C=0	
Position 9638:	A=2	N=0	C=0	-=0	G=6	T=0	
Position 9639:	T=0	G=0	-=0	A=0	C=2	
Position 9640:	T=0	G=0	-=0	A=0	C=2	
Position 9641:	T=1	G=0	-=0	A=0	C=0	
Position 9642:	T=0	G=0	-=0	A=0	C=1	
Position 9643:	T=0	G=0	-=0	A=1	C=0	
Position 9644:	T=0	G=0	-=0	A=0	C=1	
Position 9645:	T=1	G=0	-=0	A=0	C=0	
Position 9646:	T=0	G=0	-=0	A=1	C=0	
Position 9647:	T=0	G=0	-=0	A=1	C=0	
Position 9648:	T=1	G=0	-=0	A=0	C=0	
Position 9649:	T=0	G=0	-=0	A=0	C=1	
Position 9650:	T=0	G=0	-=0	A=0	C=1	
Position 9651:	T=1	G=0	-=0	A=0	C=0	
Position 9652:	T=0	G=0	-=0	A=1	C=0	
Position 9653:	T=0	G=1	-=0	A=0	C=0	
Position 9654:	T=0	G=0	-=0	A=0	C=3	
Position 9655:	T=0	G=0	-=0	A=3	C=0	
Position 9656:	T=0	G=0	-=0	A=0	C=3	
Position 9657:	T=2	G=0	-=0	A=0	C=0	
Position 9658:	T=2	G=0	-=0	A=0	C=0	
Position 9659:	T=0	G=0	-=0	A=2	C=0	
Position 9660:	T=1	G=0	-=0	A=0	C=0	
Position 9661:	T=0	G=0	-=0	A=1	C=0	
Position 9662:	T=0	G=0	-=0	A=0	C=1	
Position 9663:	T=1	G=0	-=0	A=0	C=0	
Position 9664:	T=0	G=0	-=0	A=1	C=0	
Position 9665:	T=1	G=0	-=0	A=0	C=0	
Position 9666:	T=0	G=0	-=0	A=0	C=1	
Position 9667:	T=0	G=0	-=0	A=15	C=0	
Position 9668:	T=0	G=0	-=0	A=0	C=14	
Position 9669:	T=12	G=0	-=0	A=0	C=0	
Position 9670:	T=0	G=0	-=0	A=11	C=0	
Position 9671:	T=0	G=10	-=0	A=0	C=0	
Position 9672:	T=0	G=9	-=0	A=1	C=0	
Position 9673:	T=0	G=0	-=0	A=0	C=9	
Position 9674:	T=0	G=8	-=0	A=0	C=0	
Position 9675:	T=0	G=7	-=0	A=0	C=0	
Position 9676:	T=0	G=0	-=0	A=0	C=6	
Position 9677:	T=0	G=0	-=0	A=0	C=6	
Position 9678:	T=5	G=0	-=0	A=0	C=0	
Position 9679:	T=0	G=0	-=0	A=0	C=5	
Position 9680:	T=0	G=0	-=0	A=0	C=4	
Position 9681:	T=0	G=0	-=0	A=0	C=3	
Position 9682:	T=2	G=0	-=0	A=0	C=0	
Position 9683:	T=0	G=0	-=0	A=0	C=1	
Position 9684:	T=0	G=0	-=0	A=0	C=1	
Position 9685:	T=0	G=0	-=0	A=0	C=1	
Position 9686:	T=0	G=0	-=0	A=0	C=1	
Position 9687:	T=1	G=0	-=0	A=0	C=0	
Position 9688:	T=0	G=0	-=0	A=0	C=1	
Position 9689:	T=1	G=0	-=0	A=0	C=0	
Position 9690:	T=0	G=0	-=0	A=0	C=1	
Position 9691:	T=0	G=0	-=0	A=1	C=0	
Position 9692:	T=0	G=8	-=0	A=1	C=0	
Position 9693:	A=0	N=0	C=0	-=0	G=1	T=0	
Position 9694:	T=0	G=0	-=0	A=0	C=1	
Position 9695:	T=1	G=0	-=0	A=0	C=0	
Position 9696:	T=1	G=0	-=0	A=0	C=0	
Position 9697:	T=1	G=0	-=0	A=0	C=0	
Position 9698:	T=0	G=0	-=0	A=1	C=0	
Position 9699:	T=1	G=0	-=0	A=0	C=0	
Position 9700:	T=3	G=0	-=0	A=0	C=0	
Position 9701:	T=0	G=0	-=0	A=0	C=3	
Position 9702:	T=0	G=0	-=0	A=0	C=3	
Position 9703:	T=0	G=0	-=0	A=0	C=3	
Position 9704:	T=0	G=0	-=0	A=3	C=0	
Position 9705:	T=0	G=0	-=0	A=3	C=0	
Position 9706:	T=0	G=0	-=0	A=3	C=0	
Position 9707:	T=3	G=0	-=0	A=0	C=0	
Position 9708:	T=0	G=3	-=0	A=0	C=0	
Position 9709:	T=0	G=0	-=0	A=3	C=0	
Position 9710:	T=0	G=0	-=0	A=3	C=0	
Position 9711:	T=3	G=0	-=0	A=0	C=0	
Position 9712:	T=0	G=0	-=0	A=3	C=0	
Position 9713:	T=0	G=0	-=0	A=3	C=0	
Position 9714:	T=3	G=0	-=0	A=0	C=0	
Position 9715:	T=3	G=0	-=0	A=0	C=0	
Position 9716:	T=0	G=0	-=0	A=3	C=0	
Position 9717:	T=3	G=0	-=0	A=0	C=0	
Position 9718:	T=3	G=0	-=0	A=0	C=0	
Position 9719:	T=0	G=0	-=0	A=0	C=3	
Position 9720:	T=0	G=0	-=0	A=2	C=0	
Position 9721:	T=0	G=0	-=0	A=2	C=0	
Position 9722:	T=0	G=2	-=0	A=0	C=0	
Position 9723:	T=0	G=0	-=0	A=2	C=0	
Position 9724:	A=2	N=0	C=0	-=0	G=5	T=0	
Position 9725:	T=2	G=0	-=0	A=0	C=0	
Position 9726:	T=1	G=0	-=0	A=0	C=0	
Position 9727:	T=0	G=22	-=0	A=3	C=0	
Position 9728:	T=0	G=0	-=0	A=21	C=0	
Position 9729:	T=0	G=0	-=0	A=0	C=20	
Position 9730:	T=0	G=0	-=0	A=20	C=0	
Position 9731:	T=0	G=0	-=0	A=19	C=0	
Position 9732:	T=0	G=0	-=0	A=18	C=0	
Position 9733:	T=0	G=0	-=0	A=18	C=0	
Position 9734:	T=0	G=0	-=0	A=17	C=0	
Position 9735:	T=0	G=0	-=0	A=17	C=0	
Position 9736:	T=17	G=0	-=0	A=0	C=0	
Position 9737:	T=0	G=16	-=0	A=1	C=0	
Position 9738:	T=0	G=0	-=0	A=17	C=0	
Position 9739:	T=17	G=0	-=0	A=0	C=0	
Position 9740:	T=0	G=0	-=0	A=17	C=0	
Position 9741:	T=16	G=0	-=0	A=0	C=0	
Position 9742:	T=0	G=0	-=0	A=15	C=0	
Position 9743:	T=0	G=0	-=0	A=15	C=0	
Position 9744:	T=15	G=0	-=0	A=0	C=0	
Position 9745:	T=13	G=0	-=0	A=0	C=0	
Position 9746:	T=0	G=13	-=0	A=0	C=0	
Position 9747:	T=13	G=0	-=0	A=0	C=0	
Position 9748:	T=0	G=0	-=0	A=0	C=13	
Position 9749:	T=0	G=0	-=0	A=13	C=0	
Position 9750:	T=13	G=0	-=0	A=0	C=0	
Position 9751:	T=0	G=0	-=0	A=13	C=0	
Position 9752:	T=0	G=0	-=0	A=0	C=13	
Position 9753:	T=0	G=0	-=0	A=0	C=13	
Position 9754:	T=0	G=0	-=0	A=0	C=13	
Position 9755:	T=0	G=0	-=0	A=13	C=0	
Position 9756:	T=12	G=0	-=0	A=0	C=0	
Position 9757:	T=0	G=0	-=0	A=11	C=0	
Position 9758:	T=11	G=0	-=0	A=0	C=0	
Position 9759:	T=11	G=0	-=0	A=0	C=0	
Position 9760:	T=0	G=0	-=0	A=0	C=11	
Position 9761:	T=0	G=0	-=0	A=10	C=0	
Position 9762:	T=9	G=0	-=0	A=0	C=0	
Position 9763:	T=0	G=0	-=0	A=9	C=0	
Position 9764:	T=0	G=8	-=0	A=0	C=0	
Position 9765:	T=0	G=0	-=0	A=0	C=7	
Position 9766:	T=0	G=0	-=0	A=0	C=6	
Position 9767:	T=0	G=0	-=0	A=6	C=0	
Position 9768:	T=0	G=0	-=0	A=0	C=6	
Position 9769:	T=0	G=0	-=0	A=0	C=5	
Position 9770:	T=0	G=0	-=0	A=3	C=0	
Position 9771:	T=0	G=0	-=0	A=0	C=3	
Position 9772:	T=0	G=0	-=0	A=3	C=0	
Position 9773:	T=0	G=2	-=0	A=1	C=0	
Position 9774:	T=0	G=0	-=0	A=0	C=3	
Position 9775:	T=2	G=0	-=0	A=0	C=0	
Position 9776:	T=0	G=0	-=0	A=0	C=1	
Position 9777:	T=1	G=0	-=0	A=0	C=0	
Position 9778:	T=0	G=0	-=0	A=1	C=0	
Position 9779:	T=0	G=0	-=0	A=0	C=16	
Position 9780:	T=16	G=0	-=0	A=0	C=0	
Position 9781:	T=0	G=0	-=0	A=16	C=0	
Position 9782:	T=0	G=0	-=0	A=16	C=0	
Position 9783:	T=0	G=0	-=0	A=16	C=0	
Position 9784:	T=0	G=0	-=0	A=0	C=16	
Position 9785:	T=0	G=0	-=0	A=0	C=14	
Position 9786:	T=13	G=0	-=0	A=0	C=0	
Position 9787:	T=12	G=0	-=0	A=0	C=0	
Position 9788:	T=11	G=0	-=0	A=0	C=0	
Position 9789:	T=0	G=0	-=0	A=10	C=0	
Position 9790:	T=9	G=0	-=0	A=0	C=0	
Position 9791:	T=8	G=0	-=0	A=0	C=0	
Position 9792:	T=7	G=0	-=0	A=0	C=0	
Position 9793:	T=0	G=0	-=0	A=0	C=7	
Position 9794:	T=6	G=0	-=0	A=0	C=0	
Position 9795:	T=0	G=0	-=0	A=6	C=0	
Position 9796:	T=0	G=0	-=0	A=0	C=6	
Position 9797:	T=0	G=0	-=0	A=6	C=0	
Position 9798:	T=6	G=0	-=0	A=0	C=0	
Position 9799:	T=0	G=6	-=0	A=0	C=0	
Position 9800:	T=0	G=0	-=0	A=0	C=6	
Position 9801:	T=0	G=6	-=0	A=0	C=0	
Position 9802:	T=0	G=0	-=0	A=0	C=6	
Position 9803:	T=0	G=0	-=0	A=0	C=6	
Position 9804:	T=6	G=0	-=0	A=0	C=0	
Position 9805:	T=0	G=0	-=0	A=6	C=0	
Position 9806:	T=0	G=6	-=0	A=0	C=0	
Position 9807:	T=0	G=0	-=0	A=0	C=6	
Position 9808:	T=0	G=0	-=0	A=6	C=0	
Position 9809:	T=5	G=0	-=0	A=0	C=0	
Position 9810:	T=0	G=0	-=0	A=4	C=0	
Position 9811:	T=0	G=0	-=0	A=0	C=4	
Position 9812:	T=0	G=4	-=0	A=0	C=0	
Position 9813:	T=0	G=0	-=0	A=0	C=4	
Position 9814:	T=4	G=0	-=0	A=0	C=0	
Position 9815:	T=0	G=0	-=0	A=4	C=0	
Position 9816:	T=0	G=0	-=0	A=0	C=2	
Position 9817:	T=0	G=0	-=0	A=2	C=0	
Position 9818:	T=0	G=2	-=0	A=0	C=0	
Position 9819:	T=0	G=0	-=0	A=0	C=2	
Position 9820:	T=0	G=0	-=0	A=2	C=0	
Position 9821:	T=0	G=0	-=0	A=0	C=2	
Position 9822:	T=2	G=0	-=0	A=0	C=0	
Position 9823:	T=0	G=0	-=0	A=2	C=0	
Position 9824:	T=0	G=0	-=0	A=2	C=0	
Position 9825:	T=0	G=0	-=0	A=0	C=2	
Position 9826:	T=0	G=0	-=0	A=2	C=0	
Position 9827:	T=0	G=0	-=0	A=2	C=0	
Position 9828:	T=2	G=0	-=0	A=0	C=0	
Position 9829:	T=0	G=19	-=0	A=2	C=0	
Position 9830:	T=2	G=0	-=0	A=0	C=0	
Position 9831:	T=2	G=0	-=0	A=0	C=0	
Position 9832:	T=2	G=0	-=0	A=0	C=0	
Position 9833:	T=0	G=0	-=0	A=0	C=1	
Position 9834:	T=0	G=0	-=0	A=0	C=1	
Position 9835:	T=0	G=0	-=0	A=0	C=1	
Position 9836:	T=1	G=0	-=0	A=0	C=0	
Position 9837:	T=0	G=0	-=0	A=0	C=1	
Position 9838:	T=0	G=1	-=0	A=0	C=0	
Position 9839:	T=0	G=1	-=0	A=0	C=0	
Position 9840:	T=0	G=0	-=0	A=0	C=1	
Position 9841:	T=0	G=0	-=0	A=1	C=0	
Position 9842:	T=0	G=0	-=0	A=1	C=0	
Position 9843:	T=0	G=0	-=0	A=1	C=0	
Position 9844:	T=0	G=0	-=0	A=0	C=1	
Position 9845:	T=0	G=0	-=0	A=1	C=0	
Position 9846:	T=0	G=0	-=0	A=10	C=0	
Position 9847:	T=9	G=0	-=0	A=0	C=0	
Position 9848:	T=0	G=0	-=0	A=8	C=0	
Position 9849:	T=0	G=0	-=0	A=0	C=8	
Position 9850:	T=0	G=0	-=0	A=7	C=0	
Position 9851:	T=0	G=0	-=0	A=6	C=0	
Position 9852:	T=0	G=0	-=0	A=5	C=0	
Position 9853:	T=0	G=0	-=0	A=5	C=0	
Position 9854:	T=0	G=0	-=0	A=4	C=0	
Position 9855:	T=4	G=0	-=0	A=0	C=0	
Position 9856:	T=0	G=0	-=0	A=4	C=0	
Position 9857:	T=0	G=0	-=0	A=3	C=0	
Position 9858:	T=0	G=0	-=0	A=2	C=0	
Position 9859:	T=0	G=0	-=0	A=1	C=0	
Position 9860:	T=1	G=0	-=0	A=0	C=0	
Position 9861:	T=0	G=1	-=0	A=0	C=0	
Position 9862:	T=0	G=0	-=0	A=1	C=0	
Position 9863:	T=0	G=0	-=0	A=0	C=1	
Position 9864:	T=0	G=0	-=0	A=1	C=0	
Position 9865:	T=0	G=0	-=0	A=1	C=0	
Position 9866:	T=1	G=0	-=0	A=0	C=0	
Position 9867:	T=1	G=0	-=0	A=0	C=0	
Position 9868:	T=1	G=0	-=0	A=0	C=0	
Position 9869:	T=0	G=1	-=0	A=0	C=0	
Position 9870:	T=0	G=0	-=0	A=1	C=0	
Position 9871:	T=0	G=0	-=0	A=1	C=0	
Position 9872:	T=0	G=0	-=0	A=1	C=0	
Position 9873:	T=0	G=1	-=0	A=0	C=0	
Position 9874:	T=0	G=0	-=0	A=0	C=1	
Position 9875:	T=0	G=0	-=0	A=1	C=0	
Position 9876:	T=2	G=0	-=0	A=0	C=0	
Position 9877:	T=0	G=0	-=0	A=2	C=0	
Position 9878:	T=0	G=0	-=0	A=2	C=0	
Position 9879:	T=0	G=0	-=0	A=2	C=0	
Position 9880:	T=0	G=0	-=0	A=2	C=0	
Position 9881:	T=0	G=0	-=0	A=2	C=0	
Position 9882:	T=0	G=0	-=0	A=2	C=0	
Position 9883:	T=0	G=0	-=0	A=2	C=0	
Position 9884:	T=0	G=0	-=0	A=2	C=0	
Position 9885:	T=2	G=0	-=0	A=0	C=0	
Position 9886:	T=0	G=0	-=0	A=2	C=0	
Position 9887:	T=0	G=0	-=0	A=2	C=0	
Position 9888:	T=2	G=0	-=0	A=0	C=0	
Position 9889:	T=0	G=0	-=0	A=0	C=2	
Position 9890:	T=2	G=0	-=0	A=0	C=0	
Position 9891:	T=2	G=0	-=0	A=0	C=0	
Position 9892:	A=0	N=0	C=2	-=0	G=0	T=0	
Position 9893:	T=2	G=0	-=0	A=0	C=0	
Position 9894:	T=2	G=0	-=0	A=0	C=0	
Position 9895:	T=0	G=2	-=0	A=0	C=0	
Position 9896:	T=0	G=0	-=0	A=0	C=2	
Position 9897:	T=0	G=0	-=0	A=0	C=2	
Position 9898:	T=0	G=0	-=0	A=0	C=2	
Position 9899:	T=0	G=0	-=0	A=0	C=2	
Position 9900:	T=0	G=0	-=0	A=0	C=2	
Position 9901:	T=2	G=0	-=0	A=0	C=0	
Position 9902:	T=0	G=0	-=0	A=0	C=2	
Position 9903:	T=1	G=0	-=0	A=0	C=0	
Position 9904:	T=0	G=0	-=0	A=1	C=0	
Position 9905:	T=0	G=0	-=0	A=1	C=0	
Position 9906:	T=1	G=0	-=0	A=0	C=0	
Position 9907:	T=0	G=0	-=0	A=0	C=1	
Position 9908:	T=0	G=1	-=0	A=0	C=0	
Position 9909:	T=1	G=0	-=0	A=0	C=0	
Position 9910:	T=0	G=0	-=0	A=1	C=0	
Position 9911:	T=0	G=1	-=0	A=0	C=0	
Position 9912:	T=0	G=0	-=0	A=0	C=1	
Position 9913:	T=0	G=0	-=0	A=1	C=0	
Position 9914:	T=12	G=0	-=0	A=0	C=0	
Position 9915:	T=0	G=0	-=0	A=0	C=11	
Position 9916:	T=0	G=0	-=0	A=11	C=0	
Position 9917:	T=0	G=0	-=0	A=11	C=0	
Position 9918:	T=0	G=0	-=0	A=0	C=11	
Position 9919:	T=0	G=0	-=0	A=0	C=11	
Position 9920:	T=0	G=0	-=0	A=11	C=0	
Position 9921:	T=11	G=0	-=0	A=0	C=0	
Position 9922:	T=0	G=0	-=0	A=11	C=0	
Position 9923:	T=0	G=0	-=0	A=0	C=11	
Position 9924:	T=10	G=0	-=0	A=0	C=0	
Position 9925:	T=0	G=0	-=0	A=0	C=9	
Position 9926:	T=0	G=0	-=0	A=0	C=9	
Position 9927:	T=8	G=0	-=0	A=0	C=0	
Position 9928:	T=0	G=0	-=0	A=0	C=7	
Position 9929:	T=0	G=0	-=0	A=0	C=7	
Position 9930:	T=0	G=0	-=0	A=0	C=7	
Position 9931:	T=0	G=0	-=0	A=6	C=0	
Position 9932:	T=6	G=0	-=0	A=0	C=0	
Position 9933:	T=6	G=0	-=0	A=0	C=0	
Position 9934:	T=0	G=0	-=0	A=6	C=0	
Position 9935:	T=0	G=0	-=0	A=6	C=0	
Position 9936:	T=0	G=0	-=0	A=0	C=6	
Position 9937:	T=6	G=0	-=0	A=0	C=0	
Position 9938:	T=0	G=0	-=0	A=0	C=5	
Position 9939:	T=0	G=0	-=0	A=0	C=5	
Position 9940:	T=0	G=0	-=0	A=5	C=0	
Position 9941:	T=0	G=0	-=0	A=5	C=0	
Position 9942:	T=5	G=0	-=0	A=0	C=0	
Position 9943:	T=0	G=0	-=0	A=5	C=0	
Position 9944:	T=0	G=0	-=0	A=0	C=5	
Position 9945:	T=5	G=0	-=0	A=0	C=0	
Position 9946:	T=0	G=0	-=0	A=0	C=5	
Position 9947:	T=5	G=0	-=0	A=0	C=0	
Position 9948:	T=0	G=0	-=0	A=0	C=5	
Position 9949:	T=0	G=0	-=0	A=5	C=0	
Position 9950:	T=0	G=0	-=0	A=5	C=0	
Position 9951:	T=5	G=0	-=0	A=0	C=0	
Position 9952:	T=0	G=0	-=0	A=0	C=5	
Position 9953:	T=0	G=0	-=0	A=4	C=0	
Position 9954:	T=4	G=0	-=0	A=0	C=0	
Position 9955:	T=0	G=4	-=0	A=0	C=0	
Position 9956:	T=0	G=4	-=0	A=0	C=0	
Position 9957:	T=0	G=0	-=0	A=4	C=0	
Position 9958:	T=0	G=0	-=0	A=0	C=4	
Position 9959:	T=4	G=0	-=0	A=0	C=0	
Position 9960:	T=0	G=0	-=0	A=4	C=0	
Position 9961:	T=0	G=4	-=0	A=0	C=0	
Position 9962:	T=0	G=0	-=0	A=4	C=0	
Position 9963:	T=0	G=3	-=0	A=0	C=0	
Position 9964:	T=0	G=0	-=0	A=3	C=0	
Position 9965:	T=3	G=0	-=0	A=0	C=0	
Position 9966:	T=3	G=0	-=0	A=0	C=0	
Position 9967:	T=3	G=0	-=0	A=0	C=0	
Position 9968:	T=0	G=0	-=0	A=3	C=0	
Position 9969:	T=0	G=2	-=0	A=1	C=0	
Position 9970:	T=0	G=3	-=0	A=0	C=0	
Position 9971:	T=0	G=0	-=0	A=0	C=3	
Position 9972:	T=3	G=0	-=0	A=0	C=0	
Position 9973:	T=0	G=0	-=0	A=2	C=0	
Position 9974:	T=0	G=0	-=0	A=2	C=0	
Position 9975:	T=0	G=0	-=0	A=2	C=0	
Position 9976:	T=0	G=0	-=0	A=2	C=0	
Position 9977:	T=0	G=0	-=0	A=2	C=0	
Position 9978:	T=0	G=2	-=0	A=0	C=0	
Position 9979:	T=0	G=0	-=0	A=2	C=0	
Position 9980:	T=0	G=0	-=0	A=0	C=2	
Position 9981:	T=0	G=0	-=0	A=0	C=2	
Position 9982:	T=0	G=0	-=0	A=2	C=0	
Position 9983:	T=0	G=0	-=0	A=2	C=0	
Position 9984:	T=0	G=2	-=0	A=0	C=0	
Position 9985:	T=0	G=2	-=0	A=0	C=0	
Position 9986:	A=1	N=0	C=0	-=0	G=8	T=0	
Position 9987:	T=0	G=0	-=0	A=0	C=1	
Position 9988:	T=0	G=0	-=0	A=0	C=1	
Position 9989:	T=1	G=0	-=0	A=0	C=0	
Position 9990:	T=1	G=0	-=0	A=0	C=0	
Position 9991:	T=0	G=0	-=0	A=0	C=6	
Position 9992:	T=0	G=0	-=0	A=6	C=0	
Position 9993:	T=0	G=0	-=0	A=6	C=0	
Position 9994:	T=0	G=0	-=0	A=6	C=0	
Position 9995:	T=0	G=6	-=0	A=0	C=0	
Position 9996:	T=0	G=0	-=0	A=0	C=6	
Position 9997:	T=0	G=0	-=0	A=0	C=6	
Position 9998:	T=0	G=0	-=0	A=0	C=5	
Position 9999:	T=5	G=0	-=0	A=0	C=0	
Position 10000:	T=0	G=0	-=0	A=5	C=0	
Position 10001:	T=0	G=0	-=0	A=5	C=0	
Position 10002:	T=0	G=5	-=0	A=0	C=0	
Position 10003:	T=5	G=0	-=0	A=0	C=0	
Position 10004:	T=0	G=0	-=0	A=5	C=0	
Position 10005:	T=0	G=0	-=0	A=4	C=0	
Position 10006:	T=0	G=4	-=0	A=0	C=0	
Position 10007:	T=3	G=0	-=0	A=0	C=0	
Position 10008:	T=0	G=3	-=0	A=0	C=0	
Position 10009:	T=0	G=0	-=0	A=3	C=0	
Position 10010:	T=0	G=0	-=0	A=3	C=0	
Position 10011:	T=0	G=0	-=0	A=3	C=0	
Position 10012:	T=3	G=0	-=0	A=0	C=0	
Position 10013:	T=3	G=0	-=0	A=0	C=0	
Position 10014:	T=0	G=0	-=0	A=0	C=3	
Position 10015:	T=0	G=0	-=0	A=3	C=0	
Position 10016:	T=0	G=0	-=0	A=0	C=3	
Position 10017:	T=3	G=0	-=0	A=0	C=0	
Position 10018:	T=2	G=0	-=0	A=0	C=0	
Position 10019:	T=0	G=0	-=0	A=2	C=0	
Position 10020:	A=1	N=0	C=0	-=0	G=12	T=0	
Position 10021:	T=2	G=0	-=0	A=0	C=0	
Position 10022:	T=0	G=0	-=0	A=0	C=2	
Position 10023:	T=2	G=0	-=0	A=0	C=0	
Position 10024:	T=0	G=0	-=0	A=0	C=2	
Position 10025:	T=1	G=0	-=0	A=0	C=0	
Position 10026:	T=0	G=5	-=0	A=1	C=0	
Position 10027:	T=5	G=0	-=0	A=0	C=0	
Position 10028:	T=0	G=0	-=0	A=5	C=0	
Position 10029:	T=0	G=0	-=0	A=5	C=0	
Position 10030:	T=0	G=0	-=0	A=0	C=5	
Position 10031:	T=5	G=0	-=0	A=0	C=0	
Position 10032:	T=0	G=0	-=0	A=5	C=0	
Position 10033:	T=5	G=0	-=0	A=0	C=0	
Position 10034:	T=5	G=0	-=0	A=0	C=0	
Position 10035:	T=5	G=0	-=0	A=0	C=0	
Position 10036:	T=0	G=0	-=0	A=5	C=0	
Position 10037:	T=0	G=0	-=0	A=5	C=0	
Position 10038:	T=0	G=3	-=0	A=1	C=0	
Position 10039:	A=1	N=0	C=0	-=0	G=14	T=0	
Position 10040:	T=0	G=0	-=0	A=1	C=0	
Position 10041:	T=0	G=0	-=0	A=0	C=1	
Position 10042:	T=1	G=0	-=0	A=0	C=0	
Position 10043:	T=0	G=1	-=0	A=0	C=0	
Position 10044:	T=0	G=0	-=0	A=0	C=13	
Position 10045:	T=0	G=0	-=0	A=13	C=0	
Position 10046:	T=1	G=0	-=0	A=12	C=0	
Position 10047:	T=0	G=12	-=0	A=0	C=0	
Position 10048:	T=0	G=0	-=0	A=12	C=0	
Position 10049:	T=0	G=11	-=0	A=0	C=0	
Position 10050:	T=0	G=0	-=0	A=0	C=11	
Position 10051:	T=0	G=0	-=0	A=11	C=0	
Position 10052:	T=11	G=0	-=0	A=0	C=0	
Position 10053:	T=0	G=0	-=0	A=11	C=0	
Position 10054:	T=11	G=0	-=0	A=0	C=0	
Position 10055:	T=0	G=0	-=0	A=0	C=11	
Position 10056:	T=10	G=0	-=0	A=0	C=0	
Position 10057:	T=0	G=0	-=0	A=0	C=10	
Position 10058:	T=0	G=0	-=0	A=10	C=0	
Position 10059:	T=0	G=0	-=0	A=0	C=9	
Position 10060:	T=0	G=0	-=0	A=8	C=0	
Position 10061:	T=8	G=0	-=0	A=0	C=0	
Position 10062:	T=0	G=0	-=0	A=0	C=8	
Position 10063:	T=0	G=0	-=0	A=7	C=0	
Position 10064:	T=0	G=0	-=0	A=7	C=0	
Position 10065:	T=7	G=0	-=0	A=0	C=0	
Position 10066:	T=7	G=0	-=0	A=0	C=0	
Position 10067:	T=0	G=7	-=0	A=0	C=0	
Position 10068:	T=0	G=0	-=0	A=7	C=0	
Position 10069:	T=0	G=0	-=0	A=7	C=0	
Position 10070:	T=0	G=0	-=0	A=0	C=7	
Position 10071:	T=0	G=5	-=0	A=1	C=0	
Position 10072:	T=0	G=0	-=0	A=0	C=6	
Position 10073:	T=0	G=0	-=0	A=5	C=0	
Position 10074:	T=0	G=0	-=0	A=4	C=0	
Position 10075:	T=0	G=0	-=0	A=4	C=0	
Position 10076:	T=0	G=0	-=0	A=4	C=0	
Position 10077:	T=0	G=0	-=0	A=0	C=4	
Position 10078:	T=0	G=0	-=0	A=4	C=0	
Position 10079:	T=0	G=0	-=0	A=4	C=0	
Position 10080:	T=0	G=0	-=0	A=0	C=4	
Position 10081:	T=0	G=0	-=0	A=0	C=4	
Position 10082:	T=0	G=3	-=0	A=0	C=0	
Position 10083:	T=0	G=0	-=0	A=0	C=3	
Position 10084:	T=2	G=0	-=0	A=0	C=0	
Position 10085:	T=2	G=0	-=0	A=0	C=0	
Position 10086:	T=2	G=0	-=0	A=0	C=0	
Position 10087:	T=0	G=0	-=0	A=2	C=0	
Position 10088:	T=0	G=0	-=0	A=1	C=0	
Position 10089:	T=1	G=0	-=0	A=0	C=0	
Position 10090:	T=21	G=0	-=0	A=0	C=0	
Position 10091:	T=0	G=0	-=0	A=21	C=0	
Position 10092:	T=0	G=0	-=0	A=22	C=0	
Position 10093:	T=0	G=21	-=0	A=1	C=0	
Position 10094:	T=1	G=0	-=0	A=0	C=21	
Position 10095:	T=22	G=0	-=0	A=0	C=0	
Position 10096:	T=0	G=0	-=0	A=22	C=0	
Position 10097:	T=0	G=0	-=0	A=21	C=0	
Position 10098:	T=0	G=20	-=0	A=1	C=0	
Position 10099:	T=1	G=0	-=0	A=0	C=21	
Position 10100:	T=1	G=0	-=0	A=0	C=22	
Position 10101:	T=1	G=0	-=0	A=0	C=22	
Position 10102:	T=23	G=0	-=0	A=0	C=0	
Position 10103:	T=23	G=0	-=0	A=0	C=0	
Position 10104:	T=2	G=0	-=0	A=0	C=25	
Position 10105:	T=27	G=0	-=0	A=0	C=0	
Position 10106:	T=0	G=0	-=0	A=26	C=0	
Position 10107:	T=0	G=27	-=0	A=0	C=0	
Position 10108:	T=0	G=0	-=0	A=28	C=0	
Position 10109:	T=29	G=0	-=0	A=0	C=0	
Position 10110:	T=1	G=0	-=0	A=0	C=29	
Position 10111:	T=0	G=33	-=0	A=0	C=0	
Position 10112:	T=0	G=33	-=0	A=0	C=0	
Position 10113:	T=35	G=0	-=0	A=0	C=0	
Position 10114:	T=0	G=39	-=0	A=0	C=0	
Position 10115:	T=0	G=40	-=0	A=0	C=0	
Position 10116:	T=0	G=41	-=0	A=0	C=0	
Position 10117:	T=4	G=0	-=0	A=0	C=39	
Position 10118:	T=44	G=0	-=0	A=0	C=0	
Position 10119:	T=44	G=0	-=0	A=0	C=0	
Position 10120:	T=44	G=0	-=0	A=0	C=0	
Position 10121:	T=45	G=0	-=0	A=0	C=0	
Position 10122:	T=0	G=47	-=0	A=0	C=0	
Position 10123:	T=46	G=1	-=0	A=0	C=0	
Position 10124:	T=0	G=0	-=0	A=0	C=47	
Position 10125:	T=0	G=0	-=0	A=0	C=47	
Position 10126:	T=0	G=0	-=0	A=0	C=48	
Position 10127:	T=0	G=0	-=0	A=51	C=0	
Position 10128:	T=1	G=0	-=0	A=0	C=50	
Position 10129:	T=0	G=0	-=0	A=52	C=0	
Position 10130:	T=0	G=0	-=0	A=52	C=0	
Position 10131:	T=0	G=0	-=0	A=53	C=0	
Position 10132:	T=0	G=0	-=0	A=55	C=0	
Position 10133:	T=55	G=0	-=0	A=0	C=0	
Position 10134:	T=55	G=0	-=0	A=0	C=0	
Position 10135:	T=54	G=0	-=0	A=0	C=0	
Position 10136:	T=51	G=0	-=0	A=0	C=0	
Position 10137:	T=0	G=0	-=0	A=48	C=0	
Position 10138:	T=0	G=47	-=0	A=1	C=0	
Position 10139:	T=46	G=0	-=0	A=0	C=0	
Position 10140:	T=45	G=0	-=0	A=0	C=0	
Position 10141:	T=0	G=0	-=0	A=42	C=0	
Position 10142:	T=0	G=0	-=0	A=41	C=0	
Position 10143:	T=1	G=0	-=0	A=0	C=39	
Position 10144:	T=0	G=0	-=0	A=40	C=0	
Position 10145:	T=0	G=39	-=0	A=0	C=0	
Position 10146:	T=0	G=0	-=0	A=0	C=39	
Position 10147:	T=37	G=0	-=0	A=0	C=0	
Position 10148:	T=0	G=0	-=0	A=36	C=0	
Position 10149:	T=0	G=0	-=0	A=34	C=0	
Position 10150:	T=0	G=0	-=0	A=32	C=0	
Position 10151:	T=0	G=0	-=0	A=30	C=0	
Position 10152:	T=0	G=0	-=0	A=31	C=0	
Position 10153:	T=0	G=0	-=0	A=0	C=31	
Position 10154:	T=1	G=0	-=0	A=0	C=29	
Position 10155:	T=0	G=0	-=0	A=0	C=29	
Position 10156:	T=4	G=0	-=0	A=0	C=27	
Position 10157:	T=0	G=0	-=0	A=30	C=0	
Position 10158:	T=0	G=0	-=0	A=30	C=0	
Position 10159:	T=0	G=0	-=0	A=28	C=0	
Position 10160:	T=0	G=0	-=0	A=0	C=28	
Position 10161:	T=0	G=0	-=0	A=28	C=0	
Position 10162:	T=0	G=0	-=0	A=30	C=0	
Position 10163:	T=1	G=0	-=0	A=0	C=30	
Position 10164:	T=31	G=0	-=0	A=0	C=0	
Position 10165:	T=0	G=32	-=0	A=0	C=0	
Position 10166:	T=0	G=35	-=0	A=0	C=0	
Position 10167:	T=6	G=0	-=0	A=0	C=31	
Position 10168:	T=38	G=0	-=0	A=0	C=0	
Position 10169:	T=38	G=0	-=0	A=0	C=0	
Position 10170:	T=3	G=0	-=0	A=0	C=35	
Position 10171:	T=0	G=0	-=0	A=39	C=0	
Position 10172:	T=0	G=0	-=0	A=41	C=0	
Position 10173:	T=41	G=0	-=0	A=0	C=0	
Position 10174:	T=1	G=0	-=0	A=0	C=40	
Position 10175:	T=43	G=0	-=0	A=0	C=0	
Position 10176:	T=0	G=0	-=0	A=44	C=0	
Position 10177:	T=1	G=0	-=0	A=0	C=43	
Position 10178:	T=46	G=0	-=0	A=0	C=0	
Position 10179:	T=46	G=0	-=0	A=0	C=0	
Position 10180:	T=2	G=0	-=0	A=0	C=44	
Position 10181:	T=45	G=1	-=0	A=0	C=0	
Position 10182:	T=0	G=0	-=0	A=0	C=46	
Position 10183:	T=1	G=0	-=0	A=0	C=45	
Position 10184:	T=1	G=0	-=0	A=0	C=45	
Position 10185:	T=0	G=47	-=0	A=0	C=0	
Position 10186:	T=1	G=0	-=0	A=0	C=45	
Position 10187:	T=1	G=0	-=0	A=0	C=45	
Position 10188:	T=0	G=47	-=0	A=0	C=0	
Position 10189:	T=0	G=0	-=0	A=0	C=49	
Position 10190:	T=0	G=52	-=0	A=0	C=0	
Position 10191:	T=53	G=0	-=0	A=0	C=0	
Position 10192:	T=0	G=53	-=0	A=1	C=0	
Position 10193:	T=0	G=54	-=0	A=0	C=0	
Position 10194:	T=0	G=0	-=0	A=56	C=0	
Position 10195:	T=0	G=0	-=0	A=59	C=0	
Position 10196:	T=0	G=0	-=0	A=60	C=0	
Position 10197:	T=0	G=0	-=0	A=59	C=0	
Position 10198:	T=0	G=0	-=0	A=58	C=0	
Position 10199:	T=0	G=0	-=0	A=57	C=0	
Position 10200:	T=0	G=0	-=0	A=53	C=0	
Position 10201:	T=0	G=0	-=0	A=51	C=0	
Position 10202:	T=0	G=46	-=0	A=3	C=0	
Position 10203:	T=0	G=48	-=0	A=0	C=0	
Position 10204:	T=1	G=0	-=0	A=0	C=47	
Position 10205:	T=0	G=44	-=0	A=3	C=0	
Position 10206:	T=0	G=44	-=0	A=2	C=0	
Position 10207:	T=0	G=42	-=0	A=2	C=0	
Position 10208:	T=0	G=0	-=0	A=44	C=0	
Position 10209:	T=0	G=41	-=0	A=2	C=0	
Position 10210:	T=0	G=0	-=0	A=41	C=0	
Position 10211:	T=0	G=0	-=0	A=41	C=0	
Position 10212:	T=0	G=38	-=0	A=1	C=0	
Position 10213:	T=0	G=0	-=0	A=0	C=40	
Position 10214:	T=1	G=0	-=0	A=0	C=39	
Position 10215:	T=0	G=0	-=0	A=0	C=39	
Position 10216:	T=0	G=0	-=0	A=0	C=38	
Position 10217:	T=0	G=38	-=0	A=3	C=0	
Position 10218:	T=0	G=39	-=0	A=1	C=0	
Position 10219:	T=1	G=0	-=0	A=0	C=39	
Position 10220:	T=0	G=0	-=0	A=39	C=0	
Position 10221:	T=0	G=35	-=0	A=1	C=0	
Position 10222:	T=0	G=0	-=0	A=35	C=0	
Position 10223:	T=0	G=0	-=0	A=36	C=0	
Position 10224:	T=33	G=0	-=0	A=0	C=0	
Position 10225:	T=32	G=0	-=0	A=0	C=0	
Position 10226:	T=0	G=25	-=0	A=2	C=0	
Position 10227:	T=0	G=0	-=0	A=27	C=0	
Position 10228:	T=0	G=0	-=0	A=28	C=0	
Position 10229:	T=28	G=0	-=0	A=0	C=0	
Position 10230:	T=0	G=0	-=0	A=0	C=28	
Position 10231:	T=28	G=0	-=0	A=0	C=0	
Position 10232:	T=0	G=24	-=0	A=1	C=0	
Position 10233:	T=2	G=0	-=0	A=0	C=25	
Position 10234:	T=25	G=0	-=0	A=0	C=0	
Position 10235:	T=25	G=0	-=0	A=0	C=0	
Position 10236:	T=1	G=0	-=0	A=0	C=24	
Position 10237:	T=26	G=0	-=0	A=0	C=0	
Position 10238:	T=25	G=0	-=0	A=0	C=0	
Position 10239:	T=23	G=0	-=0	A=0	C=0	
Position 10240:	T=0	G=22	-=0	A=0	C=0	
Position 10241:	T=0	G=0	-=0	A=22	C=0	
Position 10242:	T=0	G=0	-=0	A=22	C=0	
Position 10243:	T=22	G=0	-=0	A=0	C=0	
Position 10244:	T=22	G=0	-=0	A=0	C=0	
Position 10245:	T=22	G=0	-=0	A=0	C=0	
Position 10246:	T=0	G=19	-=0	A=2	C=0	
Position 10247:	T=0	G=0	-=0	A=0	C=20	
Position 10248:	T=0	G=0	-=0	A=19	C=0	
Position 10249:	T=0	G=0	-=0	A=19	C=0	
Position 10250:	T=18	G=0	-=0	A=0	C=0	
Position 10251:	T=18	G=0	-=0	A=0	C=0	
Position 10252:	T=0	G=0	-=0	A=0	C=17	
Position 10253:	T=0	G=0	-=0	A=17	C=0	
Position 10254:	T=0	G=0	-=0	A=18	C=0	
Position 10255:	T=21	G=0	-=0	A=0	C=0	
Position 10256:	T=0	G=0	-=0	A=22	C=0	
Position 10257:	T=21	G=0	-=0	A=0	C=0	
Position 10258:	T=0	G=19	-=0	A=4	C=0	
Position 10259:	T=0	G=0	-=0	A=24	C=0	
Position 10260:	T=25	G=0	-=0	A=0	C=0	
Position 10261:	T=25	G=0	-=0	A=0	C=0	
Position 10262:	T=0	G=0	-=0	A=26	C=0	
Position 10263:	T=25	G=0	-=0	A=0	C=0	
Position 10264:	T=25	G=0	-=0	A=0	C=0	
Position 10265:	T=0	G=0	-=0	A=0	C=27	
Position 10266:	T=0	G=0	-=0	A=29	C=0	
Position 10267:	T=2	G=0	-=0	A=0	C=27	
Position 10268:	T=2	G=0	-=0	A=0	C=27	
Position 10269:	T=0	G=0	-=0	A=30	C=0	
Position 10270:	T=0	G=0	-=0	A=0	C=30	
Position 10271:	T=0	G=0	-=0	A=30	C=0	
Position 10272:	T=0	G=31	-=0	A=0	C=0	
Position 10273:	T=0	G=0	-=0	A=30	C=0	
Position 10274:	T=0	G=32	-=0	A=0	C=0	
Position 10275:	T=2	G=0	-=0	A=0	C=30	
Position 10276:	T=35	G=0	-=0	A=0	C=0	
Position 10277:	T=35	G=0	-=0	A=0	C=0	
Position 10278:	T=0	G=35	-=0	A=0	C=0	
Position 10279:	T=0	G=36	-=0	A=0	C=0	
Position 10280:	T=1	G=0	-=0	A=0	C=36	
Position 10281:	T=0	G=0	-=0	A=37	C=0	
Position 10282:	T=0	G=0	-=0	A=36	C=0	
Position 10283:	T=0	G=0	-=0	A=36	C=0	
Position 10284:	T=0	G=0	-=0	A=36	C=0	
Position 10285:	T=0	G=0	-=0	A=35	C=0	
Position 10286:	T=0	G=35	-=0	A=1	C=0	
Position 10287:	T=0	G=0	-=0	A=36	C=0	
Position 10288:	T=0	G=36	-=0	A=0	C=0	
Position 10289:	T=0	G=36	-=0	A=0	C=0	
Position 10290:	T=0	G=0	-=0	A=36	C=0	
Position 10291:	T=0	G=0	-=0	A=0	C=36	
Position 10292:	T=36	G=0	-=0	A=0	C=0	
Position 10293:	T=34	G=0	-=0	A=0	C=0	
Position 10294:	T=0	G=33	-=0	A=1	C=0	
Position 10295:	T=0	G=0	-=0	A=0	C=34	
Position 10296:	T=0	G=0	-=0	A=0	C=33	
Position 10297:	T=33	G=0	-=0	A=0	C=0	
Position 10298:	T=0	G=0	-=0	A=0	C=33	
Position 10299:	T=32	G=0	-=0	A=0	C=0	
Position 10300:	T=0	G=0	-=0	A=30	C=0	
Position 10301:	T=30	G=0	-=0	A=0	C=0	
Position 10302:	T=26	G=0	-=0	A=0	C=0	
Position 10303:	T=0	G=0	-=0	A=0	C=26	
Position 10304:	T=26	G=0	-=0	A=0	C=0	
Position 10305:	T=23	G=0	-=0	A=0	C=0	
Position 10306:	T=0	G=0	-=0	A=21	C=0	
Position 10307:	T=0	G=18	-=0	A=3	C=0	
Position 10308:	T=0	G=0	-=0	A=21	C=0	
Position 10309:	T=19	G=0	-=0	A=0	C=0	
Position 10310:	T=17	G=0	-=0	A=0	C=0	
Position 10311:	T=16	G=0	-=0	A=0	C=0	
Position 10312:	T=0	G=0	-=0	A=16	C=0	
Position 10313:	T=0	G=0	-=0	A=0	C=12	
Position 10314:	T=0	G=0	-=0	A=11	C=0	
Position 10315:	T=0	G=10	-=0	A=0	C=0	
Position 10316:	T=10	G=0	-=0	A=0	C=0	
Position 10317:	T=0	G=0	-=0	A=0	C=10	
Position 10318:	T=10	G=0	-=0	A=0	C=0	
Position 10319:	T=0	G=0	-=0	A=10	C=0	
Position 10320:	T=0	G=10	-=0	A=0	C=0	
Position 10321:	T=0	G=0	-=0	A=0	C=9	
Position 10322:	T=0	G=8	-=0	A=1	C=0	
Position 10323:	T=0	G=0	-=0	A=0	C=9	
Position 10324:	T=8	G=0	-=0	A=0	C=0	
Position 10325:	T=7	G=0	-=0	A=0	C=0	
Position 10326:	T=7	G=0	-=0	A=0	C=0	
Position 10327:	T=7	G=0	-=0	A=0	C=0	
Position 10328:	T=0	G=0	-=0	A=7	C=0	
Position 10329:	T=7	G=0	-=0	A=0	C=0	
Position 10330:	T=0	G=0	-=0	A=0	C=6	
Position 10331:	T=0	G=0	-=0	A=5	C=0	
Position 10332:	T=0	G=3	-=0	A=1	C=0	
Position 10333:	T=0	G=0	-=0	A=0	C=4	
Position 10334:	T=0	G=0	-=0	A=0	C=4	
Position 10335:	T=0	G=0	-=0	A=4	C=0	
Position 10336:	T=4	G=0	-=0	A=0	C=0	
Position 10337:	T=3	G=0	-=0	A=0	C=0	
Position 10338:	T=3	G=0	-=0	A=0	C=0	
Position 10339:	T=3	G=0	-=0	A=0	C=0	
Position 10340:	T=0	G=0	-=0	A=3	C=0	
Position 10341:	T=0	G=0	-=0	A=0	C=3	
Position 10342:	T=0	G=0	-=0	A=0	C=3	
Position 10343:	T=3	G=0	-=0	A=0	C=0	
Position 10344:	T=0	G=0	-=0	A=3	C=0	
Position 10345:	T=3	G=0	-=0	A=0	C=0	
Position 10346:	T=0	G=2	-=0	A=1	C=0	
Position 10347:	T=2	G=0	-=0	A=0	C=0	
Position 10348:	T=2	G=0	-=0	A=0	C=0	
Position 10349:	T=0	G=0	-=0	A=0	C=2	
Position 10350:	T=0	G=0	-=0	A=2	C=0	
Position 10351:	T=2	G=0	-=0	A=0	C=0	
Position 10352:	T=0	G=0	-=0	A=2	C=0	
Position 10353:	T=0	G=0	-=0	A=2	C=0	
Position 10354:	T=0	G=0	-=0	A=1	C=0	
Position 10355:	T=0	G=0	-=0	A=0	C=1	
Position 10356:	T=0	G=0	-=0	A=0	C=1	
Position 10357:	T=0	G=1	-=0	A=0	C=0	
Position 10358:	T=0	G=1	-=0	A=0	C=0	
Position 10359:	T=1	G=0	-=0	A=0	C=0	
Position 10360:	T=0	G=20	-=0	A=1	C=0	
Position 10361:	T=0	G=0	-=0	A=1	C=0	
Position 10362:	T=1	G=0	-=0	A=0	C=0	
Position 10363:	T=1	G=0	-=0	A=0	C=0	
Position 10364:	T=0	G=0	-=0	A=1	C=0	
Position 10365:	T=1	G=0	-=0	A=0	C=0	
Position 10366:	T=1	G=0	-=0	A=0	C=0	
Position 10367:	T=0	G=0	-=0	A=0	C=18	
Position 10368:	T=17	G=0	-=0	A=0	C=0	
Position 10369:	T=0	G=0	-=0	A=0	C=16	
Position 10370:	T=16	G=0	-=0	A=0	C=0	
Position 10371:	T=0	G=0	-=0	A=15	C=0	
Position 10372:	T=0	G=0	-=0	A=0	C=15	
Position 10373:	T=0	G=13	-=0	A=0	C=0	
Position 10374:	T=0	G=0	-=0	A=12	C=0	
Position 10375:	T=0	G=0	-=0	A=11	C=0	
Position 10376:	T=0	G=0	-=0	A=0	C=11	
Position 10377:	T=0	G=0	-=0	A=0	C=11	
Position 10378:	T=0	G=0	-=0	A=10	C=0	
Position 10379:	T=8	G=0	-=0	A=0	C=0	
Position 10380:	T=0	G=0	-=0	A=8	C=0	
Position 10381:	T=0	G=0	-=0	A=8	C=0	
Position 10382:	T=0	G=0	-=0	A=8	C=0	
Position 10383:	T=0	G=7	-=0	A=1	C=0	
Position 10384:	T=0	G=0	-=0	A=7	C=0	
Position 10385:	T=0	G=0	-=0	A=0	C=7	
Position 10386:	T=0	G=0	-=0	A=6	C=0	
Position 10387:	T=6	G=0	-=0	A=0	C=0	
Position 10388:	T=6	G=0	-=0	A=0	C=0	
Position 10389:	T=0	G=6	-=0	A=0	C=0	
Position 10390:	T=0	G=6	-=0	A=0	C=0	
Position 10391:	T=1	G=0	-=0	A=0	C=6	
Position 10392:	T=0	G=0	-=0	A=6	C=0	
Position 10393:	T=0	G=0	-=0	A=0	C=6	
Position 10394:	T=0	G=0	-=0	A=0	C=6	
Position 10395:	T=0	G=0	-=0	A=0	C=6	
Position 10396:	T=6	G=0	-=0	A=0	C=0	
Position 10397:	T=6	G=0	-=0	A=0	C=0	
Position 10398:	T=6	G=0	-=0	A=0	C=0	
Position 10399:	T=0	G=0	-=0	A=6	C=0	
Position 10400:	T=6	G=0	-=0	A=0	C=0	
Position 10401:	T=0	G=0	-=0	A=0	C=6	
Position 10402:	T=6	G=0	-=0	A=0	C=0	
Position 10403:	T=5	G=0	-=0	A=0	C=0	
Position 10404:	T=0	G=0	-=0	A=0	C=5	
Position 10405:	T=4	G=0	-=0	A=0	C=0	
Position 10406:	T=0	G=3	-=0	A=0	C=0	
Position 10407:	T=2	G=0	-=0	A=0	C=0	
Position 10408:	T=2	G=0	-=0	A=0	C=0	
Position 10409:	T=0	G=0	-=0	A=0	C=2	
Position 10410:	T=0	G=2	-=0	A=0	C=0	
Position 10411:	A=1	N=0	C=0	-=0	G=17	T=0	
Position 10412:	T=1	G=0	-=0	A=0	C=0	
Position 10413:	T=0	G=1	-=0	A=0	C=0	
Position 10414:	T=0	G=0	-=0	A=0	C=1	
Position 10415:	T=0	G=0	-=0	A=1	C=0	
Position 10416:	T=1	G=0	-=0	A=0	C=0	
Position 10417:	T=0	G=1	-=0	A=0	C=0	
Position 10418:	T=0	G=0	-=0	A=1	C=0	
Position 10419:	T=0	G=1	-=0	A=0	C=0	
Position 10420:	T=0	G=0	-=0	A=0	C=1	
Position 10421:	T=0	G=0	-=0	A=0	C=1	
Position 10422:	T=0	G=10	-=0	A=2	C=0	
Position 10423:	T=0	G=9	-=0	A=1	C=0	
Position 10424:	T=0	G=0	-=0	A=10	C=0	
Position 10425:	T=0	G=0	-=0	A=8	C=0	
Position 10426:	T=8	G=0	-=0	A=0	C=0	
Position 10427:	T=0	G=0	-=0	A=8	C=0	
Position 10428:	A=4	N=0	C=0	-=0	G=6	T=0	
Position 10429:	T=7	G=0	-=0	A=0	C=0	
Position 10430:	A=2	N=0	C=0	-=0	G=4	T=0	
Position 10431:	T=0	G=2	-=0	A=1	C=0	
Position 10432:	T=0	G=1	-=0	A=0	C=0	
Position 10433:	A=0	N=0	C=1	-=0	G=0	T=0	
Position 10434:	T=0	G=0	-=0	A=1	C=0	
Position 10435:	A=0	N=0	C=1	-=0	G=0	T=0	
Position 10436:	T=1	G=0	-=0	A=0	C=0	
Position 10437:	T=0	G=1	-=0	A=0	C=0	
Position 10438:	T=0	G=0	-=0	A=0	C=1	
Position 10439:	T=0	G=0	-=0	A=0	C=1	
Position 10440:	T=0	G=0	-=0	A=0	C=1	
Position 10441:	T=1	G=0	-=0	A=0	C=0	
Position 10442:	T=0	G=0	-=0	A=0	C=1	
Position 10443:	T=0	G=0	-=0	A=1	C=0	
Position 10444:	T=0	G=1	-=0	A=0	C=0	
Position 10445:	T=0	G=0	-=0	A=0	C=1	
Position 10446:	T=0	G=0	-=0	A=0	C=1	
Position 10447:	T=1	G=0	-=0	A=0	C=0	
Position 10448:	T=1	G=0	-=0	A=0	C=0	
Position 10449:	T=1	G=0	-=0	A=0	C=0	
Position 10450:	T=1	G=0	-=0	A=0	C=0	
Position 10451:	T=0	G=0	-=0	A=1	C=0	
Position 10452:	T=0	G=0	-=0	A=1	C=0	
Position 10453:	T=1	G=0	-=0	A=0	C=0	
Position 10454:	T=1	G=0	-=0	A=0	C=0	
Position 10455:	T=0	G=0	-=0	A=0	C=6	
Position 10456:	T=0	G=4	-=0	A=1	C=0	
Position 10457:	T=5	G=0	-=0	A=0	C=0	
Position 10458:	T=0	G=5	-=0	A=0	C=0	
Position 10459:	T=0	G=0	-=0	A=0	C=3	
Position 10460:	T=0	G=0	-=0	A=0	C=3	
Position 10461:	T=0	G=3	-=0	A=0	C=0	
Position 10462:	T=0	G=0	-=0	A=3	C=0	
Position 10463:	A=1	N=0	C=0	-=0	G=2	T=0	
Position 10464:	T=0	G=0	-=0	A=0	C=2	
Position 10465:	T=2	G=0	-=0	A=0	C=0	
Position 10466:	T=0	G=2	-=0	A=0	C=0	
Position 10467:	T=0	G=2	-=0	A=0	C=0	
Position 10468:	T=0	G=1	-=0	A=0	C=0	
Position 10469:	T=1	G=0	-=0	A=0	C=0	
Position 10470:	T=0	G=0	-=0	A=0	C=1	
Position 10471:	T=0	G=0	-=0	A=1	C=0	
Position 10472:	T=0	G=1	-=0	A=0	C=0	
Position 10473:	T=0	G=0	-=0	A=0	C=1	
Position 10474:	T=0	G=0	-=0	A=0	C=1	
Position 10475:	T=0	G=0	-=0	A=0	C=1	
Position 10476:	A=1	N=0	C=0	-=0	G=15	T=0	
Position 10477:	T=0	G=1	-=0	A=0	C=0	
Position 10478:	T=0	G=1	-=0	A=0	C=0	
Position 10479:	T=0	G=1	-=0	A=0	C=0	
Position 10480:	T=0	G=0	-=0	A=0	C=1	
Position 10481:	T=1	G=0	-=0	A=0	C=0	
Position 10482:	T=0	G=0	-=0	A=0	C=1	
Position 10483:	T=1	G=0	-=0	A=0	C=0	
Position 10484:	T=0	G=1	-=0	A=0	C=0	
Position 10485:	T=1	G=0	-=0	A=0	C=0	
Position 10486:	T=1	G=0	-=0	A=0	C=0	
Position 10487:	T=0	G=1	-=0	A=0	C=0	
Position 10488:	T=0	G=5	-=0	A=1	C=0	
Position 10489:	T=0	G=1	-=0	A=0	C=0	
Position 10490:	T=0	G=5	-=0	A=1	C=0	
Position 10491:	T=0	G=1	-=0	A=0	C=0	
Position 10492:	T=0	G=0	-=0	A=4	C=0	
Position 10493:	T=3	G=0	-=0	A=0	C=0	
Position 10494:	T=0	G=2	-=0	A=0	C=0	
Position 10495:	T=0	G=0	-=0	A=2	C=0	
Position 10496:	T=2	G=0	-=0	A=0	C=0	
Position 10497:	T=0	G=0	-=0	A=0	C=1	
Position 10498:	T=0	G=0	-=0	A=1	C=0	
Position 10499:	T=0	G=1	-=0	A=0	C=0	
Position 10500:	T=0	G=0	-=0	A=1	C=0	
Position 10501:	T=1	G=0	-=0	A=0	C=0	
Position 10502:	T=0	G=0	-=0	A=0	C=1	
Position 10503:	T=1	G=0	-=0	A=0	C=0	
Position 10504:	T=0	G=0	-=0	A=1	C=0	
Position 10505:	T=0	G=0	-=0	A=0	C=1	
Position 10506:	T=0	G=0	-=0	A=1	C=0	
Position 10507:	T=0	G=0	-=0	A=1	C=0	
Position 10508:	T=1	G=0	-=0	A=0	C=0	
Position 10509:	T=0	G=1	-=0	A=0	C=0	
Position 10510:	T=1	G=0	-=0	A=0	C=0	
Position 10511:	T=0	G=0	-=0	A=1	C=0	
Position 10512:	T=0	G=1	-=0	A=0	C=0	
Position 10513:	T=1	G=0	-=0	A=0	C=0	
Position 10514:	T=0	G=0	-=0	A=0	C=1	
Position 10515:	T=0	G=1	-=0	A=0	C=0	
Position 10516:	T=1	G=0	-=0	A=0	C=0	
Position 10517:	T=0	G=0	-=0	A=1	C=0	
Position 10518:	T=0	G=0	-=0	A=1	C=0	
Position 10519:	T=0	G=0	-=0	A=0	C=1	
Position 10520:	T=1	G=0	-=0	A=0	C=0	
Position 10521:	T=0	G=1	-=0	A=0	C=0	
Position 10522:	T=0	G=0	-=0	A=0	C=1	
Position 10523:	T=0	G=0	-=0	A=0	C=1	
Position 10524:	T=0	G=0	-=0	A=0	C=1	
Position 10525:	T=0	G=0	-=0	A=1	C=0	
Position 10526:	T=1	G=0	-=0	A=0	C=0	
Position 10527:	T=0	G=1	-=0	A=0	C=0	
Position 10528:	T=0	G=0	-=0	A=0	C=1	
Position 10529:	T=0	G=0	-=0	A=1	C=0	
Position 10530:	T=1	G=0	-=0	A=0	C=0	
Position 10531:	T=1	G=0	-=0	A=0	C=0	
Position 10532:	T=0	G=0	-=0	A=0	C=1	
Position 10533:	T=0	G=1	-=0	A=0	C=0	
Position 10534:	T=1	G=0	-=0	A=0	C=0	
Position 10535:	T=0	G=1	-=0	A=0	C=0	
Position 10536:	T=0	G=0	-=0	A=1	C=0	
Position 10537:	T=1	G=0	-=0	A=0	C=0	
Position 10538:	T=0	G=0	-=0	A=1	C=0	
Position 10539:	T=0	G=0	-=0	A=1	C=0	
Position 10540:	T=1	G=0	-=0	A=0	C=0	
Position 10541:	T=0	G=0	-=0	A=0	C=1	
Position 10542:	T=1	G=0	-=0	A=0	C=0	
Position 10543:	T=1	G=0	-=0	A=0	C=0	
Position 10544:	T=0	G=0	-=0	A=0	C=1	
Position 10545:	T=1	G=0	-=0	A=0	C=0	
Position 10546:	T=1	G=0	-=0	A=0	C=0	
Position 10547:	T=0	G=0	-=0	A=0	C=1	
Position 10548:	T=0	G=0	-=0	A=1	C=0	
Position 10549:	T=1	G=0	-=0	A=0	C=0	
Position 10550:	T=0	G=0	-=0	A=1	C=0	
Position 10551:	T=0	G=1	-=0	A=0	C=0	
Position 10552:	T=1	G=0	-=0	A=0	C=0	
Position 10553:	T=1	G=0	-=0	A=0	C=0	
Position 10554:	T=0	G=0	-=0	A=1	C=0	
Position 10555:	T=1	G=0	-=0	A=0	C=0	
Position 10556:	T=0	G=1	-=0	A=0	C=0	
Position 10557:	T=0	G=0	-=0	A=0	C=1	
Position 10558:	T=0	G=0	-=0	A=0	C=1	
Position 10559:	T=1	G=0	-=0	A=0	C=0	
Position 10560:	T=0	G=0	-=0	A=1	C=0	
Position 10561:	T=1	G=0	-=0	A=0	C=0	
Position 10562:	T=1	G=0	-=0	A=0	C=0	
Position 10563:	T=0	G=0	-=0	A=1	C=0	
Position 10564:	T=1	G=0	-=0	A=0	C=0	
Position 10565:	T=0	G=0	-=0	A=1	C=0	
Position 10566:	T=0	G=0	-=0	A=1	C=0	
Position 10567:	T=2	G=0	-=0	A=0	C=0	
Position 10568:	T=2	G=0	-=0	A=0	C=0	
Position 10569:	T=0	G=2	-=0	A=0	C=0	
Position 10570:	T=0	G=2	-=0	A=0	C=0	
Position 10571:	T=0	G=2	-=0	A=0	C=0	
Position 10572:	T=0	G=2	-=0	A=0	C=0	
Position 10573:	T=0	G=2	-=0	A=0	C=0	
Position 10574:	T=0	G=0	-=0	A=2	C=0	
Position 10575:	T=2	G=0	-=0	A=0	C=0	
Position 10576:	T=2	G=0	-=0	A=0	C=0	
Position 10577:	T=0	G=0	-=0	A=0	C=2	
Position 10578:	T=0	G=2	-=0	A=0	C=0	
Position 10579:	T=0	G=2	-=0	A=0	C=0	
Position 10580:	T=0	G=2	-=0	A=0	C=0	
Position 10581:	T=0	G=0	-=0	A=2	C=0	
Position 10582:	T=0	G=0	-=0	A=2	C=0	
Position 10583:	T=0	G=0	-=0	A=0	C=2	
Position 10584:	T=2	G=0	-=0	A=0	C=0	
Position 10585:	T=0	G=2	-=0	A=0	C=0	
Position 10586:	T=0	G=0	-=0	A=2	C=0	
Position 10587:	T=2	G=0	-=0	A=0	C=0	
Position 10588:	T=2	G=0	-=0	A=0	C=0	
Position 10589:	T=0	G=0	-=0	A=2	C=0	
Position 10590:	A=1	N=0	C=0	-=0	G=4	T=0	
Position 10591:	T=2	G=0	-=0	A=0	C=0	
Position 10592:	T=0	G=2	-=0	A=0	C=0	
Position 10593:	T=0	G=0	-=0	A=0	C=2	
Position 10594:	T=0	G=0	-=0	A=0	C=2	
Position 10595:	T=1	G=0	-=0	A=0	C=0	
Position 10596:	T=1	G=0	-=0	A=0	C=0	
Position 10597:	T=1	G=0	-=0	A=0	C=0	
Position 10598:	T=0	G=1	-=0	A=0	C=0	
Position 10599:	T=0	G=0	-=0	A=1	C=0	
Position 10600:	T=1	G=0	-=0	A=0	C=0	
Position 10601:	T=0	G=1	-=0	A=0	C=0	
Position 10602:	T=0	G=0	-=0	A=1	C=0	
Position 10603:	T=1	G=0	-=0	A=0	C=0	
Position 10604:	T=0	G=0	-=0	A=0	C=1	
Position 10605:	T=0	G=1	-=0	A=0	C=0	
Position 10606:	T=0	G=1	-=0	A=0	C=0	
Position 10607:	T=1	G=0	-=0	A=0	C=0	
Position 10608:	T=0	G=2	-=0	A=0	C=0	
Position 10609:	T=0	G=0	-=0	A=0	C=2	
Position 10610:	T=0	G=0	-=0	A=0	C=2	
Position 10611:	T=0	G=0	-=0	A=0	C=2	
Position 10612:	T=0	G=0	-=0	A=0	C=2	
Position 10613:	T=0	G=0	-=0	A=0	C=2	
Position 10614:	T=0	G=2	-=0	A=0	C=0	
Position 10615:	T=0	G=0	-=0	A=2	C=0	
Position 10616:	T=0	G=0	-=0	A=0	C=2	
Position 10617:	T=0	G=0	-=0	A=2	C=0	
Position 10618:	T=2	G=0	-=0	A=0	C=0	
Position 10619:	T=0	G=0	-=0	A=2	C=0	
Position 10620:	T=0	G=2	-=0	A=0	C=0	
Position 10621:	T=0	G=0	-=0	A=0	C=2	
Position 10622:	T=0	G=2	-=0	A=0	C=0	
Position 10623:	T=2	G=0	-=0	A=0	C=0	
Position 10624:	T=2	G=0	-=0	A=0	C=0	
Position 10625:	T=0	G=0	-=0	A=0	C=2	
Position 10626:	T=0	G=0	-=0	A=0	C=11	
Position 10627:	T=0	G=0	-=0	A=0	C=11	
Position 10628:	T=11	G=0	-=0	A=0	C=0	
Position 10629:	T=0	G=0	-=0	A=0	C=11	
Position 10630:	T=0	G=10	-=0	A=0	C=0	
Position 10631:	T=0	G=0	-=0	A=10	C=0	
Position 10632:	T=0	G=0	-=0	A=10	C=0	
Position 10633:	T=10	G=0	-=0	A=0	C=0	
Position 10634:	T=0	G=0	-=0	A=9	C=0	
Position 10635:	T=0	G=0	-=0	A=8	C=0	
Position 10636:	T=0	G=0	-=0	A=7	C=0	
Position 10637:	T=5	G=0	-=0	A=0	C=0	
Position 10638:	T=0	G=0	-=0	A=5	C=0	
Position 10639:	T=0	G=0	-=0	A=5	C=0	
Position 10640:	T=0	G=0	-=0	A=0	C=5	
Position 10641:	T=0	G=0	-=0	A=4	C=0	
Position 10642:	T=3	G=0	-=0	A=0	C=0	
Position 10643:	T=0	G=0	-=0	A=3	C=0	
Position 10644:	T=0	G=0	-=0	A=3	C=0	
Position 10645:	T=0	G=3	-=0	A=0	C=0	
Position 10646:	T=0	G=0	-=0	A=0	C=2	
Position 10647:	T=2	G=0	-=0	A=0	C=0	
Position 10648:	T=2	G=0	-=0	A=0	C=0	
Position 10649:	T=0	G=0	-=0	A=0	C=2	
Position 10650:	T=2	G=0	-=0	A=0	C=0	
Position 10651:	T=0	G=2	-=0	A=0	C=0	
Position 10652:	T=0	G=2	-=0	A=0	C=0	
Position 10653:	T=2	G=0	-=0	A=0	C=0	
Position 10654:	T=2	G=0	-=0	A=0	C=0	
Position 10655:	T=0	G=2	-=0	A=0	C=0	
Position 10656:	T=0	G=0	-=0	A=0	C=2	
Position 10657:	T=2	G=0	-=0	A=0	C=0	
Position 10658:	T=0	G=2	-=0	A=0	C=0	
Position 10659:	T=0	G=0	-=0	A=0	C=2	
Position 10660:	T=0	G=0	-=0	A=0	C=2	
Position 10661:	T=0	G=0	-=0	A=2	C=0	
Position 10662:	T=0	G=0	-=0	A=0	C=2	
Position 10663:	T=0	G=0	-=0	A=0	C=2	
Position 10664:	T=0	G=0	-=0	A=2	C=0	
Position 10665:	T=2	G=0	-=0	A=0	C=0	
Position 10666:	T=0	G=0	-=0	A=0	C=2	
Position 10667:	T=2	G=0	-=0	A=0	C=0	
Position 10668:	T=2	G=0	-=0	A=0	C=0	
Position 10669:	T=2	G=0	-=0	A=0	C=0	
Position 10670:	T=0	G=0	-=0	A=0	C=1	
Position 10671:	T=1	G=0	-=0	A=0	C=0	
Position 10672:	T=1	G=0	-=0	A=0	C=0	
Position 10673:	T=0	G=0	-=0	A=1	C=0	
Position 10674:	T=0	G=0	-=0	A=0	C=1	
Position 10675:	T=1	G=0	-=0	A=0	C=0	
Position 10676:	T=0	G=1	-=0	A=0	C=0	
Position 10677:	T=0	G=0	-=0	A=0	C=1	
Position 10678:	T=1	G=0	-=0	A=0	C=0	
Position 10679:	T=1	G=0	-=0	A=0	C=0	
Position 10680:	T=0	G=0	-=0	A=0	C=1	
Position 10681:	T=1	G=0	-=0	A=0	C=0	
Position 10682:	T=0	G=1	-=0	A=0	C=0	
Position 10683:	T=0	G=1	-=0	A=0	C=0	
Position 10684:	T=0	G=0	-=0	A=0	C=1	
Position 10685:	T=0	G=0	-=0	A=0	C=1	
Position 10686:	T=1	G=0	-=0	A=0	C=0	
Position 10687:	T=0	G=0	-=0	A=0	C=1	
Position 10688:	T=0	G=0	-=0	A=0	C=1	
Position 10689:	T=1	G=0	-=0	A=0	C=0	
Position 10690:	T=0	G=0	-=0	A=0	C=1	
Position 10691:	T=1	G=0	-=0	A=0	C=0	
Position 10692:	T=0	G=0	-=0	A=1	C=0	
Position 10693:	T=1	G=0	-=0	A=0	C=0	
Position 10694:	T=0	G=1	-=0	A=0	C=0	
Position 10695:	T=0	G=1	-=0	A=0	C=0	
Position 10696:	T=1	G=0	-=0	A=0	C=0	
Position 10697:	T=0	G=0	-=0	A=1	C=0	
Position 10698:	T=0	G=1	-=0	A=0	C=0	
Position 10699:	T=0	G=0	-=0	A=1	C=0	
Position 10700:	T=0	G=0	-=0	A=1	C=0	
Position 10701:	T=0	G=1	-=0	A=0	C=0	
Position 10702:	T=0	G=0	-=0	A=0	C=1	
Position 10703:	T=0	G=0	-=0	A=1	C=0	
Position 10704:	T=0	G=1	-=0	A=0	C=0	
Position 10705:	T=0	G=1	-=0	A=0	C=0	
Position 10706:	T=1	G=0	-=0	A=0	C=0	
Position 10707:	T=0	G=1	-=0	A=0	C=0	
Position 10708:	T=0	G=0	-=0	A=0	C=1	
Position 10709:	T=0	G=0	-=0	A=1	C=0	
Position 10710:	T=0	G=1	-=0	A=0	C=0	
Position 10711:	T=0	G=1	-=0	A=0	C=0	
Position 10712:	T=0	G=1	-=0	A=0	C=0	
Position 10713:	T=0	G=0	-=0	A=1	C=0	
Position 10714:	T=0	G=0	-=0	A=0	C=1	
Position 10715:	T=1	G=0	-=0	A=0	C=0	
Position 10716:	T=0	G=1	-=0	A=0	C=0	
Position 10717:	T=0	G=13	-=0	A=1	C=0	
Position 10718:	T=0	G=0	-=0	A=13	C=0	
Position 10719:	T=13	G=0	-=0	A=0	C=0	
Position 10720:	T=0	G=13	-=0	A=0	C=0	
Position 10721:	T=0	G=0	-=0	A=12	C=0	
Position 10722:	T=0	G=0	-=0	A=11	C=0	
Position 10723:	T=0	G=0	-=0	A=0	C=11	
Position 10724:	T=11	G=0	-=0	A=0	C=0	
Position 10725:	T=0	G=11	-=0	A=0	C=0	
Position 10726:	T=11	G=0	-=0	A=0	C=0	
Position 10727:	T=0	G=0	-=0	A=0	C=10	
Position 10728:	T=10	G=0	-=0	A=0	C=0	
Position 10729:	T=0	G=0	-=0	A=8	C=0	
Position 10730:	T=0	G=0	-=0	A=0	C=8	
Position 10731:	T=0	G=0	-=0	A=0	C=8	
Position 10732:	T=0	G=0	-=0	A=0	C=7	
Position 10733:	T=6	G=0	-=0	A=0	C=0	
Position 10734:	T=0	G=0	-=0	A=0	C=6	
Position 10735:	T=0	G=0	-=0	A=0	C=5	
Position 10736:	T=5	G=0	-=0	A=0	C=0	
Position 10737:	T=0	G=0	-=0	A=0	C=5	
Position 10738:	T=5	G=0	-=0	A=0	C=0	
Position 10739:	T=0	G=0	-=0	A=5	C=0	
Position 10740:	T=0	G=5	-=0	A=0	C=0	
Position 10741:	T=0	G=0	-=0	A=0	C=5	
Position 10742:	T=0	G=21	-=0	A=4	C=0	
Position 10743:	T=0	G=3	-=0	A=1	C=0	
Position 10744:	T=0	G=4	-=0	A=0	C=0	
Position 10745:	T=3	G=0	-=0	A=0	C=0	
Position 10746:	T=0	G=0	-=0	A=3	C=0	
Position 10747:	T=0	G=0	-=0	A=2	C=0	
Position 10748:	T=18	G=0	-=0	A=0	C=0	
Position 10749:	T=0	G=0	-=0	A=0	C=18	
Position 10750:	T=18	G=0	-=0	A=0	C=0	
Position 10751:	T=0	G=16	-=0	A=1	C=0	
Position 10752:	T=0	G=14	-=0	A=2	C=0	
Position 10753:	T=0	G=0	-=0	A=0	C=16	
Position 10754:	T=0	G=0	-=0	A=0	C=15	
Position 10755:	T=0	G=13	-=0	A=1	C=0	
Position 10756:	T=0	G=0	-=0	A=11	C=0	
Position 10757:	T=11	G=0	-=0	A=0	C=0	
Position 10758:	T=0	G=11	-=0	A=0	C=0	
Position 10759:	T=0	G=0	-=0	A=0	C=11	
Position 10760:	T=0	G=0	-=0	A=10	C=0	
Position 10761:	T=0	G=8	-=0	A=1	C=0	
Position 10762:	T=0	G=8	-=0	A=1	C=0	
Position 10763:	T=0	G=0	-=0	A=9	C=0	
Position 10764:	T=0	G=8	-=0	A=0	C=0	
Position 10765:	T=0	G=0	-=0	A=0	C=8	
Position 10766:	T=0	G=0	-=0	A=8	C=0	
Position 10767:	T=7	G=0	-=0	A=0	C=0	
Position 10768:	T=0	G=0	-=0	A=0	C=7	
Position 10769:	T=0	G=0	-=0	A=7	C=0	
Position 10770:	T=0	G=7	-=0	A=0	C=0	
Position 10771:	T=6	G=0	-=0	A=0	C=0	
Position 10772:	T=0	G=0	-=0	A=6	C=0	
Position 10773:	T=0	G=5	-=0	A=1	C=0	
Position 10774:	T=0	G=0	-=0	A=6	C=0	
Position 10775:	T=0	G=0	-=0	A=0	C=5	
Position 10776:	T=5	G=0	-=0	A=0	C=0	
Position 10777:	T=5	G=0	-=0	A=0	C=0	
Position 10778:	T=0	G=0	-=0	A=4	C=0	
Position 10779:	T=0	G=0	-=0	A=4	C=0	
Position 10780:	T=0	G=0	-=0	A=0	C=4	
Position 10781:	T=0	G=0	-=0	A=4	C=0	
Position 10782:	T=0	G=0	-=0	A=4	C=0	
Position 10783:	T=4	G=0	-=0	A=0	C=0	
Position 10784:	T=0	G=0	-=0	A=0	C=3	
Position 10785:	T=3	G=0	-=0	A=0	C=0	
Position 10786:	T=3	G=0	-=0	A=0	C=0	
Position 10787:	T=3	G=0	-=0	A=0	C=0	
Position 10788:	T=3	G=0	-=0	A=0	C=0	
Position 10789:	T=0	G=0	-=0	A=0	C=3	
Position 10790:	T=3	G=0	-=0	A=0	C=0	
Position 10791:	T=0	G=0	-=0	A=0	C=3	
Position 10792:	T=3	G=0	-=0	A=0	C=0	
Position 10793:	T=0	G=2	-=0	A=1	C=0	
Position 10794:	T=0	G=0	-=0	A=0	C=3	
Position 10795:	T=0	G=0	-=0	A=3	C=0	
Position 10796:	T=0	G=0	-=0	A=0	C=2	
Position 10797:	T=0	G=0	-=0	A=0	C=2	
Position 10798:	T=2	G=0	-=0	A=0	C=0	
Position 10799:	T=0	G=0	-=0	A=2	C=0	
Position 10800:	T=0	G=1	-=0	A=0	C=0	
Position 10801:	T=2	G=0	-=0	A=0	C=2	
Position 10802:	T=0	G=0	-=0	A=1	C=0	
Position 10803:	T=0	G=1	-=0	A=0	C=0	
Position 10804:	T=0	G=1	-=0	A=0	C=0	
Position 10805:	T=0	G=0	-=0	A=0	C=1	
Position 10806:	T=0	G=0	-=0	A=1	C=0	
Position 10807:	T=1	G=0	-=0	A=0	C=0	
Position 10808:	T=0	G=0	-=0	A=0	C=1	
Position 10809:	T=1	G=0	-=0	A=0	C=0	
Position 10810:	T=0	G=0	-=0	A=0	C=1	
Position 10811:	T=1	G=0	-=0	A=0	C=0	
Position 10812:	T=1	G=0	-=0	A=0	C=0	
Position 10813:	T=0	G=0	-=0	A=0	C=1	
Position 10814:	T=1	G=0	-=0	A=0	C=0	
Position 10815:	T=0	G=0	-=0	A=1	C=0	
Position 10816:	T=1	G=0	-=0	A=0	C=0	
Position 10817:	T=1	G=0	-=0	A=0	C=0	
Position 10818:	T=0	G=0	-=0	A=0	C=1	
Position 10819:	T=8	G=0	-=0	A=0	C=0	
Position 10820:	T=0	G=7	-=0	A=0	C=0	
Position 10821:	T=0	G=6	-=0	A=0	C=0	
Position 10822:	T=0	G=5	-=0	A=0	C=0	
Position 10823:	T=0	G=5	-=0	A=0	C=0	
Position 10824:	T=0	G=4	-=0	A=1	C=0	
Position 10825:	T=0	G=0	-=0	A=0	C=5	
Position 10826:	T=5	G=0	-=0	A=0	C=0	
Position 10827:	T=0	G=0	-=0	A=4	C=0	
Position 10828:	T=4	G=0	-=0	A=0	C=0	
Position 10829:	T=0	G=0	-=0	A=0	C=4	
Position 10830:	T=0	G=0	-=0	A=4	C=0	
Position 10831:	T=0	G=0	-=0	A=4	C=0	
Position 10832:	T=4	G=0	-=0	A=0	C=0	
Position 10833:	T=3	G=0	-=0	A=0	C=0	
Position 10834:	T=3	G=0	-=0	A=0	C=0	
Position 10835:	T=0	G=0	-=0	A=0	C=3	
Position 10836:	T=0	G=0	-=0	A=3	C=0	
Position 10837:	T=3	G=0	-=0	A=0	C=0	
Position 10838:	T=0	G=0	-=0	A=0	C=2	
Position 10839:	T=0	G=0	-=0	A=1	C=0	
Position 10840:	T=0	G=0	-=0	A=0	C=1	
Position 10841:	T=1	G=0	-=0	A=0	C=0	
Position 10842:	T=0	G=0	-=0	A=11	C=0	
Position 10843:	T=0	G=0	-=0	A=0	C=10	
Position 10844:	T=9	G=0	-=0	A=0	C=0	
Position 10845:	T=0	G=0	-=0	A=9	C=0	
Position 10846:	T=8	G=0	-=0	A=0	C=0	
Position 10847:	T=7	G=0	-=0	A=0	C=0	
Position 10848:	T=0	G=0	-=0	A=7	C=0	
Position 10849:	T=6	G=0	-=0	A=0	C=0	
Position 10850:	T=5	G=0	-=0	A=0	C=0	
Position 10851:	T=0	G=0	-=0	A=4	C=0	
Position 10852:	T=0	G=0	-=0	A=2	C=0	
Position 10853:	T=0	G=0	-=0	A=0	C=1	
Position 10854:	T=0	G=0	-=0	A=1	C=0	
Position 10855:	T=1	G=0	-=0	A=0	C=0	
Position 10856:	T=0	G=1	-=0	A=0	C=0	
Position 10857:	T=0	G=0	-=0	A=1	C=0	
Position 10858:	T=0	G=0	-=0	A=1	C=0	
Position 10859:	T=0	G=0	-=0	A=1	C=0	
Position 10860:	T=0	G=0	-=0	A=0	C=1	
Position 10861:	T=0	G=0	-=0	A=0	C=1	
Position 10862:	T=0	G=0	-=0	A=0	C=1	
Position 10863:	T=0	G=0	-=0	A=0	C=1	
Position 10864:	T=0	G=0	-=0	A=0	C=1	
Position 10865:	T=1	G=0	-=0	A=0	C=0	
Position 10866:	T=0	G=1	-=0	A=0	C=0	
Position 10867:	T=0	G=0	-=0	A=0	C=1	
Position 10868:	T=0	G=0	-=0	A=1	C=0	
Position 10869:	T=0	G=0	-=0	A=1	C=0	
Position 10870:	T=1	G=0	-=0	A=0	C=0	
Position 10871:	T=0	G=0	-=0	A=1	C=0	
Position 10872:	T=1	G=0	-=0	A=0	C=0	
Position 10873:	T=0	G=0	-=0	A=0	C=1	
Position 10874:	T=1	G=0	-=0	A=0	C=0	
Position 10875:	T=0	G=0	-=0	A=0	C=6	
Position 10876:	T=0	G=0	-=0	A=6	C=0	
Position 10877:	T=0	G=0	-=0	A=5	C=0	
Position 10878:	T=5	G=0	-=0	A=0	C=0	
Position 10879:	T=0	G=0	-=0	A=5	C=0	
Position 10880:	T=5	G=0	-=0	A=0	C=0	
Position 10881:	T=0	G=0	-=0	A=0	C=5	
Position 10882:	T=0	G=0	-=0	A=5	C=0	
Position 10883:	T=0	G=0	-=0	A=5	C=0	
Position 10884:	T=0	G=0	-=0	A=5	C=0	
Position 10885:	T=0	G=0	-=0	A=0	C=5	
Position 10886:	T=0	G=0	-=0	A=0	C=5	
Position 10887:	T=0	G=0	-=0	A=0	C=5	
Position 10888:	T=0	G=0	-=0	A=0	C=4	
Position 10889:	T=3	G=0	-=0	A=0	C=0	
Position 10890:	T=0	G=0	-=0	A=0	C=2	
Position 10891:	T=2	G=0	-=0	A=0	C=0	
Position 10892:	T=0	G=2	-=0	A=0	C=0	
Position 10893:	T=2	G=0	-=0	A=0	C=0	
Position 10894:	T=2	G=0	-=0	A=0	C=0	
Position 10895:	T=2	G=0	-=0	A=0	C=0	
Position 10896:	T=0	G=2	-=0	A=0	C=0	
Position 10897:	T=20	G=0	-=0	A=0	C=0	
Position 10898:	T=0	G=0	-=0	A=20	C=0	
Position 10899:	T=19	G=0	-=0	A=0	C=0	
Position 10900:	T=0	G=18	-=0	A=0	C=0	
Position 10901:	T=0	G=0	-=0	A=16	C=0	
Position 10902:	T=16	G=0	-=0	A=0	C=0	
Position 10903:	A=0	N=0	C=16	-=0	G=0	T=0	
Position 10904:	T=0	G=0	-=0	A=16	C=0	
Position 10905:	T=0	G=14	-=0	A=1	C=0	
Position 10906:	T=15	G=0	-=0	A=0	C=0	
Position 10907:	T=0	G=0	-=0	A=0	C=15	
Position 10908:	T=0	G=0	-=0	A=0	C=14	
Position 10909:	T=14	G=0	-=0	A=0	C=0	
Position 10910:	T=0	G=0	-=0	A=14	C=0	
Position 10911:	T=0	G=0	-=0	A=14	C=0	
Position 10912:	T=14	G=0	-=0	A=0	C=0	
Position 10913:	T=0	G=0	-=0	A=0	C=14	
Position 10914:	T=0	G=0	-=0	A=14	C=0	
Position 10915:	T=0	G=0	-=0	A=0	C=13	
Position 10916:	T=0	G=0	-=0	A=13	C=0	
Position 10917:	T=0	G=12	-=0	A=1	C=0	
Position 10918:	T=0	G=0	-=0	A=0	C=13	
Position 10919:	T=0	G=0	-=0	A=13	C=0	
Position 10920:	T=0	G=13	-=0	A=0	C=0	
Position 10921:	T=12	G=0	-=0	A=0	C=0	
Position 10922:	T=0	G=0	-=0	A=12	C=0	
Position 10923:	T=0	G=0	-=0	A=0	C=12	
Position 10924:	T=11	G=0	-=0	A=0	C=0	
Position 10925:	T=11	G=0	-=0	A=0	C=0	
Position 10926:	T=0	G=0	-=0	A=0	C=11	
Position 10927:	T=11	G=0	-=0	A=0	C=0	
Position 10928:	T=11	G=0	-=0	A=0	C=0	
Position 10929:	T=0	G=0	-=0	A=0	C=10	
Position 10930:	T=8	G=0	-=0	A=0	C=0	
Position 10931:	T=8	G=0	-=0	A=0	C=0	
Position 10932:	T=8	G=0	-=0	A=0	C=0	
Position 10933:	T=8	G=0	-=0	A=0	C=0	
Position 10934:	T=0	G=0	-=0	A=7	C=0	
Position 10935:	T=6	G=0	-=0	A=0	C=0	
Position 10936:	T=0	G=0	-=0	A=0	C=5	
Position 10937:	T=5	G=0	-=0	A=0	C=0	
Position 10938:	T=0	G=0	-=0	A=0	C=5	
Position 10939:	T=5	G=0	-=0	A=0	C=0	
Position 10940:	T=0	G=4	-=0	A=1	C=0	
Position 10941:	T=0	G=0	-=0	A=0	C=5	
Position 10942:	T=0	G=0	-=0	A=0	C=4	
Position 10943:	T=0	G=0	-=0	A=4	C=0	
Position 10944:	T=0	G=4	-=0	A=0	C=0	
Position 10945:	T=3	G=0	-=0	A=0	C=0	
Position 10946:	T=0	G=0	-=0	A=0	C=3	
Position 10947:	T=3	G=0	-=0	A=0	C=0	
Position 10948:	T=3	G=0	-=0	A=0	C=0	
Position 10949:	T=0	G=0	-=0	A=3	C=0	
Position 10950:	T=0	G=3	-=0	A=0	C=0	
Position 10951:	T=0	G=0	-=0	A=0	C=3	
Position 10952:	T=0	G=0	-=0	A=3	C=0	
Position 10953:	T=0	G=2	-=0	A=1	C=0	
Position 10954:	T=0	G=0	-=0	A=0	C=3	
Position 10955:	T=2	G=0	-=0	A=0	C=0	
Position 10956:	A=1	N=0	C=0	-=0	G=31	T=0	
Position 10957:	A=2	N=0	C=0	-=0	G=29	T=0	
Position 10958:	T=0	G=2	-=0	A=0	C=0	
Position 10959:	T=0	G=0	-=0	A=2	C=0	
Position 10960:	T=2	G=0	-=0	A=0	C=0	
Position 10961:	T=1	G=0	-=0	A=0	C=0	
Position 10962:	T=0	G=0	-=0	A=1	C=0	
Position 10963:	T=0	G=0	-=0	A=0	C=1	
Position 10964:	T=1	G=0	-=0	A=0	C=0	
Position 10965:	T=0	G=0	-=0	A=1	C=0	
Position 10966:	T=1	G=0	-=0	A=0	C=0	
Position 10967:	T=0	G=0	-=0	A=1	C=0	
Position 10968:	T=0	G=0	-=0	A=0	C=1	
Position 10969:	T=1	G=0	-=0	A=0	C=0	
Position 10970:	T=0	G=0	-=0	A=1	C=0	
Position 10971:	T=0	G=0	-=0	A=0	C=1	
Position 10972:	T=1	G=0	-=0	A=0	C=0	
Position 10973:	T=1	G=0	-=0	A=0	C=0	
Position 10974:	T=0	G=0	-=0	A=1	C=0	
Position 10975:	T=0	G=0	-=0	A=0	C=1	
Position 10976:	T=0	G=0	-=0	A=1	C=0	
Position 10977:	T=0	G=1	-=0	A=0	C=0	
Position 10978:	T=0	G=0	-=0	A=1	C=0	
Position 10979:	T=1	G=0	-=0	A=0	C=0	
Position 10980:	T=0	G=0	-=0	A=0	C=1	
Position 10981:	T=0	G=1	-=0	A=0	C=0	
Position 10982:	T=0	G=0	-=0	A=1	C=0	
Position 10983:	T=0	G=0	-=0	A=4	C=0	
Position 10984:	T=0	G=0	-=0	A=4	C=0	
Position 10985:	T=0	G=0	-=0	A=0	C=4	
Position 10986:	T=0	G=0	-=0	A=0	C=4	
Position 10987:	T=4	G=0	-=0	A=0	C=0	
Position 10988:	T=3	G=0	-=0	A=0	C=0	
Position 10989:	T=0	G=0	-=0	A=3	C=0	
Position 10990:	T=0	G=0	-=0	A=3	C=0	
Position 10991:	T=0	G=0	-=0	A=0	C=2	
Position 10992:	T=0	G=0	-=0	A=2	C=0	
Position 10993:	T=0	G=0	-=0	A=0	C=2	
Position 10994:	T=2	G=0	-=0	A=0	C=0	
Position 10995:	T=0	G=0	-=0	A=2	C=0	
Position 10996:	T=0	G=0	-=0	A=0	C=2	
Position 10997:	T=0	G=0	-=0	A=0	C=2	
Position 10998:	T=2	G=0	-=0	A=0	C=0	
Position 10999:	T=2	G=0	-=0	A=0	C=0	
Position 11000:	T=2	G=0	-=0	A=0	C=0	
Position 11001:	T=2	G=0	-=0	A=0	C=0	
Position 11002:	T=2	G=0	-=0	A=0	C=0	
Position 11003:	T=4	G=0	-=0	A=0	C=0	
Position 11004:	T=0	G=3	-=0	A=1	C=0	
Position 11005:	T=0	G=0	-=0	A=4	C=0	
Position 11006:	T=4	G=0	-=0	A=0	C=0	
Position 11007:	T=0	G=0	-=0	A=0	C=4	
Position 11008:	T=0	G=0	-=0	A=0	C=4	
Position 11009:	T=0	G=0	-=0	A=3	C=0	
Position 11010:	T=0	G=2	-=0	A=1	C=0	
Position 11011:	T=0	G=0	-=0	A=0	C=3	
Position 11012:	T=3	G=0	-=0	A=0	C=0	
Position 11013:	T=0	G=2	-=0	A=1	C=0	
Position 11014:	A=1	N=0	C=0	-=0	G=8	T=0	
Position 11015:	T=0	G=0	-=0	A=1	C=0	
Position 11016:	T=0	G=7	-=0	A=0	C=0	
Position 11017:	T=0	G=6	-=0	A=0	C=0	
Position 11018:	T=0	G=0	-=0	A=6	C=0	
Position 11019:	A=3	N=0	C=0	-=0	G=20	T=0	
Position 11020:	T=0	G=3	-=0	A=1	C=0	
Position 11021:	T=0	G=0	-=0	A=3	C=0	
Position 11022:	T=0	G=2	-=0	A=1	C=0	
Position 11023:	T=0	G=0	-=0	A=3	C=0	
Position 11024:	T=2	G=0	-=0	A=0	C=0	
Position 11025:	T=0	G=0	-=0	A=0	C=2	
Position 11026:	T=0	G=0	-=0	A=0	C=2	
Position 11027:	T=2	G=0	-=0	A=0	C=0	
Position 11028:	T=0	G=0	-=0	A=2	C=0	
Position 11029:	T=2	G=0	-=0	A=0	C=0	
Position 11030:	T=1	G=0	-=0	A=0	C=0	
Position 11031:	T=1	G=0	-=0	A=0	C=0	
Position 11032:	T=1	G=0	-=0	A=0	C=0	
Position 11033:	T=0	G=0	-=0	A=1	C=0	
Position 11034:	T=1	G=0	-=0	A=0	C=0	
Position 11035:	T=0	G=0	-=0	A=1	C=0	
Position 11036:	T=1	G=0	-=0	A=0	C=0	
Position 11037:	T=0	G=0	-=0	A=0	C=1	
Position 11038:	T=0	G=0	-=0	A=1	C=0	
Position 11039:	T=0	G=0	-=0	A=1	C=0	
Position 11040:	T=0	G=0	-=0	A=0	C=1	
Position 11041:	T=0	G=0	-=0	A=1	C=0	
Position 11042:	T=0	G=0	-=0	A=0	C=1	
Position 11043:	T=1	G=0	-=0	A=0	C=0	
Position 11044:	T=9	G=0	-=0	A=0	C=0	
Position 11045:	T=0	G=7	-=0	A=0	C=0	
Position 11046:	T=7	G=0	-=0	A=0	C=0	
Position 11047:	T=7	G=0	-=0	A=0	C=0	
Position 11048:	T=0	G=0	-=0	A=0	C=7	
Position 11049:	T=7	G=0	-=0	A=0	C=0	
Position 11050:	T=0	G=5	-=0	A=1	C=0	
Position 11051:	T=0	G=0	-=0	A=5	C=0	
Position 11052:	T=4	G=0	-=0	A=0	C=0	
Position 11053:	T=4	G=0	-=0	A=0	C=0	
Position 11054:	T=0	G=0	-=0	A=0	C=4	
Position 11055:	T=4	G=0	-=0	A=0	C=0	
Position 11056:	T=4	G=0	-=0	A=0	C=0	
Position 11057:	T=0	G=0	-=0	A=0	C=4	
Position 11058:	T=0	G=3	-=0	A=0	C=0	
Position 11059:	T=0	G=3	-=0	A=0	C=0	
Position 11060:	T=0	G=0	-=0	A=3	C=0	
Position 11061:	T=0	G=0	-=0	A=0	C=3	
Position 11062:	T=0	G=0	-=0	A=3	C=0	
Position 11063:	T=0	G=0	-=0	A=0	C=3	
Position 11064:	T=0	G=0	-=0	A=0	C=2	
Position 11065:	T=0	G=0	-=0	A=0	C=2	
Position 11066:	T=2	G=0	-=0	A=0	C=0	
Position 11067:	T=0	G=2	-=0	A=0	C=0	
Position 11068:	T=0	G=0	-=0	A=2	C=0	
Position 11069:	T=0	G=2	-=0	A=0	C=0	
Position 11070:	T=0	G=2	-=0	A=0	C=0	
Position 11071:	T=2	G=0	-=0	A=0	C=0	
Position 11072:	T=2	G=0	-=0	A=0	C=0	
Position 11073:	T=2	G=0	-=0	A=0	C=0	
Position 11074:	T=0	G=0	-=0	A=2	C=0	
Position 11075:	T=0	G=0	-=0	A=0	C=1	
Position 11076:	T=0	G=0	-=0	A=1	C=0	
Position 11077:	T=1	G=0	-=0	A=0	C=0	
Position 11078:	T=1	G=0	-=0	A=0	C=0	
Position 11079:	T=0	G=0	-=0	A=0	C=1	
Position 11080:	T=1	G=0	-=0	A=0	C=0	
Position 11081:	T=0	G=0	-=0	A=1	C=0	
Position 11082:	T=0	G=0	-=0	A=1	C=0	
Position 11083:	T=1	G=0	-=0	A=0	C=0	
Position 11084:	T=0	G=0	-=0	A=0	C=1	
Position 11085:	T=0	G=0	-=0	A=0	C=1	
Position 11086:	T=1	G=0	-=0	A=0	C=0	
Position 11087:	T=1	G=0	-=0	A=0	C=0	
Position 11088:	T=0	G=0	-=0	A=0	C=1	
Position 11089:	T=0	G=0	-=0	A=0	C=1	
Position 11090:	T=1	G=0	-=0	A=0	C=0	
Position 11091:	T=0	G=5	-=0	A=0	C=0	
Position 11092:	T=0	G=5	-=0	A=0	C=0	
Position 11093:	T=0	G=4	-=0	A=0	C=0	
Position 11094:	T=4	G=0	-=0	A=0	C=0	
Position 11095:	T=3	G=0	-=0	A=0	C=0	
Position 11096:	T=0	G=0	-=0	A=0	C=3	
Position 11097:	T=0	G=2	-=0	A=0	C=0	
Position 11098:	A=1	N=0	C=0	-=0	G=18	T=0	
Position 11099:	T=0	G=0	-=0	A=2	C=0	
Position 11100:	T=0	G=0	-=0	A=2	C=0	
Position 11101:	T=2	G=0	-=0	A=0	C=0	
Position 11102:	T=0	G=2	-=0	A=0	C=0	
Position 11103:	T=0	G=0	-=0	A=1	C=0	
Position 11104:	T=1	G=0	-=0	A=0	C=0	
Position 11105:	T=0	G=0	-=0	A=0	C=1	
Position 11106:	T=1	G=0	-=0	A=0	C=0	
Position 11107:	T=0	G=0	-=0	A=0	C=1	
Position 11108:	T=1	G=0	-=0	A=0	C=0	
Position 11109:	T=0	G=0	-=0	A=0	C=1	
Position 11110:	T=0	G=0	-=0	A=1	C=0	
Position 11111:	T=0	G=0	-=0	A=0	C=1	
Position 11112:	T=0	G=0	-=0	A=1	C=0	
Position 11113:	T=1	G=0	-=0	A=0	C=0	
Position 11114:	T=1	G=0	-=0	A=0	C=0	
Position 11115:	T=0	G=1	-=0	A=0	C=0	
Position 11116:	T=1	G=0	-=0	A=0	C=0	
Position 11117:	T=1	G=0	-=0	A=0	C=0	
Position 11118:	T=0	G=0	-=0	A=14	C=0	
Position 11119:	T=0	G=0	-=0	A=0	C=13	
Position 11120:	T=12	G=0	-=0	A=0	C=0	
Position 11121:	T=12	G=0	-=0	A=0	C=0	
Position 11122:	T=0	G=0	-=0	A=10	C=0	
Position 11123:	T=10	G=0	-=0	A=0	C=0	
Position 11124:	T=10	G=0	-=0	A=0	C=0	
Position 11125:	T=0	G=0	-=0	A=9	C=0	
Position 11126:	T=7	G=0	-=0	A=0	C=0	
Position 11127:	T=6	G=0	-=0	A=0	C=0	
Position 11128:	T=0	G=0	-=0	A=0	C=5	
Position 11129:	T=0	G=0	-=0	A=5	C=0	
Position 11130:	T=0	G=5	-=0	A=0	C=0	
Position 11131:	T=0	G=5	-=0	A=0	C=0	
Position 11132:	T=0	G=0	-=0	A=4	C=0	
Position 11133:	T=0	G=0	-=0	A=4	C=0	
Position 11134:	T=0	G=0	-=0	A=4	C=0	
Position 11135:	T=0	G=0	-=0	A=4	C=0	
Position 11136:	T=0	G=0	-=0	A=3	C=0	
Position 11137:	T=0	G=0	-=0	A=3	C=0	
Position 11138:	T=0	G=0	-=0	A=3	C=0	
Position 11139:	T=0	G=3	-=0	A=0	C=0	
Position 11140:	T=0	G=0	-=0	A=3	C=0	
Position 11141:	T=0	G=0	-=0	A=3	C=0	
Position 11142:	T=0	G=0	-=0	A=0	C=3	
Position 11143:	T=0	G=0	-=0	A=0	C=3	
Position 11144:	T=1	G=0	-=0	A=0	C=0	
Position 11145:	T=15	G=0	-=0	A=0	C=0	
Position 11146:	T=15	G=0	-=0	A=0	C=0	
Position 11147:	T=15	G=0	-=0	A=0	C=0	
Position 11148:	T=0	G=14	-=0	A=1	C=0	
Position 11149:	T=0	G=13	-=0	A=0	C=0	
Position 11150:	T=0	G=0	-=0	A=0	C=13	
Position 11151:	T=13	G=0	-=0	A=0	C=0	
Position 11152:	T=0	G=0	-=0	A=13	C=0	
Position 11153:	T=13	G=0	-=0	A=0	C=0	
Position 11154:	T=0	G=0	-=0	A=13	C=0	
Position 11155:	T=12	G=0	-=0	A=0	C=0	
Position 11156:	T=0	G=0	-=0	A=11	C=0	
Position 11157:	T=0	G=9	-=0	A=1	C=0	
Position 11158:	T=0	G=7	-=0	A=2	C=0	
Position 11159:	T=0	G=0	-=0	A=6	C=0	
Position 11160:	T=0	G=0	-=0	A=5	C=0	
Position 11161:	T=5	G=0	-=0	A=0	C=0	
Position 11162:	T=0	G=0	-=0	A=5	C=0	
Position 11163:	T=0	G=3	-=0	A=1	C=0	
Position 11164:	T=4	G=0	-=0	A=0	C=0	
Position 11165:	T=0	G=0	-=0	A=0	C=4	
Position 11166:	T=3	G=0	-=0	A=0	C=0	
Position 11167:	T=0	G=2	-=0	A=0	C=0	
Position 11168:	T=0	G=0	-=0	A=2	C=0	
Position 11169:	T=0	G=2	-=0	A=0	C=0	
Position 11170:	T=0	G=0	-=0	A=0	C=2	
Position 11171:	T=0	G=3	-=0	A=0	C=0	
Position 11172:	T=0	G=0	-=0	A=3	C=0	
Position 11173:	T=3	G=0	-=0	A=0	C=0	
Position 11174:	T=0	G=0	-=0	A=3	C=0	
Position 11175:	T=0	G=0	-=0	A=3	C=0	
Position 11176:	T=3	G=0	-=0	A=0	C=0	
Position 11177:	T=0	G=0	-=0	A=3	C=0	
Position 11178:	T=3	G=0	-=0	A=0	C=0	
Position 11179:	T=0	G=0	-=0	A=0	C=3	
Position 11180:	T=0	G=0	-=0	A=0	C=3	
Position 11181:	T=0	G=0	-=0	A=2	C=0	
Position 11182:	T=2	G=0	-=0	A=0	C=0	
Position 11183:	T=1	G=0	-=0	A=0	C=0	
Position 11184:	T=0	G=11	-=0	A=0	C=0	
Position 11185:	T=0	G=9	-=0	A=2	C=0	
Position 11186:	T=0	G=0	-=0	A=10	C=0	
Position 11187:	T=9	G=0	-=0	A=0	C=0	
Position 11188:	T=9	G=0	-=0	A=0	C=0	
Position 11189:	T=0	G=0	-=0	A=0	C=9	
Position 11190:	T=9	G=0	-=0	A=0	C=0	
Position 11191:	T=7	G=0	-=0	A=0	C=0	
Position 11192:	T=0	G=0	-=0	A=7	C=0	
Position 11193:	T=0	G=6	-=0	A=1	C=0	
Position 11194:	T=0	G=6	-=0	A=1	C=0	
Position 11195:	T=0	G=0	-=0	A=6	C=0	
Position 11196:	T=5	G=0	-=0	A=0	C=0	
Position 11197:	T=5	G=0	-=0	A=0	C=0	
Position 11198:	T=5	G=0	-=0	A=0	C=0	
Position 11199:	T=0	G=0	-=0	A=4	C=0	
Position 11200:	T=4	G=0	-=0	A=0	C=0	
Position 11201:	T=0	G=0	-=0	A=0	C=4	
Position 11202:	T=0	G=3	-=0	A=1	C=0	
Position 11203:	T=4	G=0	-=0	A=0	C=0	
Position 11204:	T=0	G=4	-=0	A=0	C=0	
Position 11205:	T=4	G=0	-=0	A=0	C=0	
Position 11206:	T=0	G=4	-=0	A=0	C=0	
Position 11207:	T=0	G=0	-=0	A=4	C=0	
Position 11208:	A=5	N=0	C=0	-=0	G=15	T=0	
Position 11209:	T=0	G=0	-=0	A=0	C=4	
Position 11210:	T=4	G=0	-=0	A=0	C=0	
Position 11211:	T=0	G=0	-=0	A=0	C=3	
Position 11212:	T=0	G=0	-=0	A=2	C=0	
Position 11213:	T=2	G=0	-=0	A=0	C=0	
Position 11214:	T=0	G=0	-=0	A=0	C=2	
Position 11215:	T=0	G=0	-=0	A=1	C=0	
Position 11216:	T=1	G=0	-=0	A=0	C=0	
Position 11217:	T=0	G=0	-=0	A=1	C=0	
Position 11218:	T=1	G=0	-=0	A=0	C=0	
Position 11219:	T=0	G=1	-=0	A=0	C=0	
Position 11220:	T=1	G=0	-=0	A=0	C=0	
Position 11221:	T=6	G=0	-=0	A=0	C=0	
Position 11222:	T=6	G=0	-=0	A=0	C=0	
Position 11223:	T=0	G=0	-=0	A=4	C=0	
Position 11224:	T=0	G=0	-=0	A=0	C=4	
Position 11225:	T=0	G=0	-=0	A=0	C=4	
Position 11226:	T=0	G=4	-=0	A=0	C=0	
Position 11227:	T=2	G=0	-=0	A=0	C=0	
Position 11228:	T=0	G=0	-=0	A=2	C=0	
Position 11229:	T=0	G=2	-=0	A=0	C=0	
Position 11230:	T=0	G=2	-=0	A=0	C=0	
Position 11231:	T=2	G=0	-=0	A=0	C=0	
Position 11232:	T=0	G=0	-=0	A=2	C=0	
Position 11233:	T=2	G=0	-=0	A=0	C=0	
Position 11234:	T=0	G=0	-=0	A=2	C=0	
Position 11235:	T=0	G=2	-=0	A=0	C=0	
Position 11236:	T=0	G=0	-=0	A=2	C=0	
Position 11237:	T=0	G=0	-=0	A=0	C=1	
Position 11238:	T=0	G=1	-=0	A=0	C=0	
Position 11239:	T=1	G=0	-=0	A=0	C=0	
Position 11240:	T=1	G=0	-=0	A=0	C=0	
Position 11241:	T=0	G=1	-=0	A=0	C=0	
Position 11242:	T=0	G=0	-=0	A=1	C=0	
Position 11243:	T=0	G=0	-=0	A=0	C=26	
Position 11244:	T=0	G=0	-=0	A=26	C=0	
Position 11245:	T=0	G=0	-=0	A=0	C=25	
Position 11246:	T=0	G=0	-=0	A=24	C=0	
Position 11247:	T=1	G=0	-=0	A=0	C=23	
Position 11248:	T=0	G=22	-=0	A=1	C=0	
Position 11249:	T=0	G=0	-=0	A=23	C=0	
Position 11250:	T=0	G=20	-=0	A=1	C=0	
Position 11251:	T=0	G=0	-=0	A=0	C=21	
Position 11252:	T=21	G=0	-=0	A=0	C=0	
Position 11253:	T=20	G=0	-=0	A=0	C=0	
Position 11254:	T=0	G=0	-=0	A=20	C=0	
Position 11255:	T=0	G=0	-=0	A=0	C=20	
Position 11256:	T=20	G=0	-=0	A=0	C=0	
Position 11257:	T=19	G=0	-=0	A=0	C=0	
Position 11258:	T=0	G=0	-=0	A=0	C=19	
Position 11259:	T=0	G=0	-=0	A=19	C=0	
Position 11260:	T=0	G=0	-=0	A=0	C=18	
Position 11261:	T=18	G=0	-=0	A=0	C=0	
Position 11262:	T=18	G=0	-=0	A=0	C=0	
Position 11263:	T=0	G=0	-=0	A=0	C=17	
Position 11264:	T=0	G=0	-=0	A=17	C=0	
Position 11265:	T=0	G=14	-=0	A=2	C=0	
Position 11266:	T=0	G=0	-=0	A=0	C=15	
Position 11267:	T=14	G=0	-=0	A=0	C=0	
Position 11268:	T=0	G=0	-=0	A=13	C=0	
Position 11269:	T=0	G=0	-=0	A=0	C=13	
Position 11270:	T=0	G=0	-=0	A=0	C=12	
Position 11271:	T=0	G=0	-=0	A=11	C=0	
Position 11272:	T=11	G=0	-=0	A=0	C=0	
Position 11273:	T=0	G=0	-=0	A=11	C=0	
Position 11274:	T=0	G=0	-=0	A=11	C=0	
Position 11275:	T=10	G=0	-=0	A=0	C=0	
Position 11276:	T=10	G=0	-=0	A=0	C=0	
Position 11277:	T=0	G=0	-=0	A=9	C=0	
Position 11278:	T=9	G=0	-=0	A=0	C=0	
Position 11279:	T=8	G=0	-=0	A=0	C=0	
Position 11280:	T=0	G=8	-=0	A=0	C=0	
Position 11281:	T=0	G=0	-=0	A=0	C=8	
Position 11282:	T=7	G=0	-=0	A=0	C=0	
Position 11283:	T=0	G=0	-=0	A=7	C=0	
Position 11284:	T=6	G=0	-=0	A=0	C=0	
Position 11285:	T=0	G=0	-=0	A=0	C=6	
Position 11286:	T=0	G=0	-=0	A=0	C=6	
Position 11287:	T=0	G=0	-=0	A=0	C=5	
Position 11288:	T=0	G=5	-=0	A=0	C=0	
Position 11289:	T=0	G=0	-=0	A=4	C=0	
Position 11290:	T=0	G=0	-=0	A=0	C=4	
Position 11291:	T=0	G=0	-=0	A=4	C=0	
Position 11292:	T=0	G=3	-=0	A=0	C=0	
Position 11293:	T=0	G=3	-=0	A=0	C=0	
Position 11294:	T=0	G=0	-=0	A=3	C=0	
Position 11295:	T=0	G=3	-=0	A=0	C=0	
Position 11296:	T=3	G=0	-=0	A=0	C=0	
Position 11297:	T=0	G=0	-=0	A=0	C=3	
Position 11298:	T=0	G=0	-=0	A=2	C=0	
Position 11299:	T=0	G=0	-=0	A=2	C=0	
Position 11300:	T=0	G=0	-=0	A=2	C=0	
Position 11301:	T=0	G=2	-=0	A=0	C=0	
Position 11302:	T=2	G=0	-=0	A=0	C=0	
Position 11303:	T=0	G=0	-=0	A=2	C=0	
Position 11304:	T=2	G=0	-=0	A=0	C=0	
Position 11305:	T=1	G=0	-=0	A=0	C=0	
Position 11306:	T=1	G=0	-=0	A=0	C=0	
Position 11307:	T=0	G=0	-=0	A=1	C=0	
Position 11308:	T=0	G=1	-=0	A=0	C=0	
Position 11309:	T=0	G=0	-=0	A=0	C=1	
Position 11310:	T=1	G=0	-=0	A=0	C=0	
Position 11311:	T=0	G=1	-=0	A=0	C=0	
Position 11312:	T=0	G=0	-=0	A=1	C=0	
Position 11313:	T=0	G=0	-=0	A=0	C=1	
Position 11314:	T=1	G=0	-=0	A=0	C=0	
Position 11315:	T=0	G=0	-=0	A=1	C=0	
Position 11316:	T=0	G=1	-=0	A=0	C=0	
Position 11317:	T=0	G=0	-=0	A=0	C=1	
Position 11318:	T=0	G=0	-=0	A=0	C=1	
Position 11319:	T=0	G=0	-=0	A=1	C=0	
Position 11320:	T=0	G=0	-=0	A=0	C=1	
Position 11321:	T=1	G=0	-=0	A=0	C=0	
Position 11322:	T=1	G=0	-=0	A=0	C=1	
Position 11323:	T=1	G=0	-=0	A=0	C=0	
Position 11324:	T=0	G=1	-=0	A=0	C=0	
Position 11325:	T=0	G=0	-=0	A=0	C=1	
Position 11326:	T=0	G=0	-=0	A=1	C=0	
Position 11327:	T=0	G=0	-=0	A=0	C=1	
Position 11328:	T=0	G=1	-=0	A=0	C=0	
Position 11329:	T=0	G=1	-=0	A=0	C=0	
Position 11330:	T=0	G=0	-=0	A=1	C=0	
Position 11331:	T=0	G=1	-=0	A=0	C=0	
Position 11332:	T=0	G=1	-=0	A=0	C=0	
Position 11333:	T=0	G=1	-=0	A=0	C=0	
Position 11334:	T=0	G=0	-=0	A=1	C=0	
Position 11335:	T=0	G=0	-=0	A=1	C=0	
Position 11336:	T=1	G=0	-=0	A=0	C=0	
Position 11337:	T=0	G=0	-=0	A=1	C=0	
Position 11338:	T=1	G=0	-=0	A=0	C=0	
Position 11339:	T=1	G=0	-=0	A=0	C=0	
Position 11340:	T=0	G=0	-=0	A=1	C=0	
Position 11341:	T=0	G=0	-=0	A=1	C=0	
Position 11342:	T=0	G=0	-=0	A=1	C=0	
Position 11343:	T=1	G=0	-=0	A=0	C=0	
Position 11344:	T=0	G=1	-=0	A=0	C=0	
Position 11345:	T=0	G=0	-=0	A=1	C=0	
Position 11346:	T=1	G=0	-=0	A=0	C=0	
Position 11347:	T=0	G=0	-=0	A=0	C=1	
Position 11348:	T=1	G=0	-=0	A=0	C=0	
Position 11349:	T=0	G=0	-=0	A=0	C=1	
Position 11350:	T=0	G=0	-=0	A=0	C=1	
Position 11351:	T=0	G=0	-=0	A=0	C=1	
Position 11352:	T=0	G=1	-=0	A=0	C=0	
Position 11353:	T=0	G=0	-=0	A=0	C=1	
Position 11354:	T=1	G=0	-=0	A=0	C=0	
Position 11355:	T=0	G=0	-=0	A=1	C=0	
Position 11356:	T=1	G=0	-=0	A=0	C=0	
Position 11357:	T=0	G=1	-=0	A=0	C=0	
Position 11358:	T=0	G=0	-=0	A=1	C=0	
Position 11359:	T=1	G=0	-=0	A=0	C=0	
Position 11360:	T=0	G=1	-=0	A=0	C=0	
Position 11361:	T=1	G=0	-=0	A=0	C=0	
Position 11362:	T=0	G=1	-=0	A=0	C=0	
Position 11363:	T=0	G=0	-=0	A=1	C=0	
Position 11364:	T=0	G=1	-=0	A=0	C=0	
Position 11365:	T=0	G=0	-=0	A=0	C=1	
Position 11366:	T=0	G=0	-=0	A=0	C=1	
Position 11367:	T=0	G=0	-=0	A=0	C=1	
Position 11368:	T=1	G=0	-=0	A=0	C=0	
Position 11369:	T=0	G=1	-=0	A=0	C=0	
Position 11370:	T=0	G=1	-=0	A=0	C=0	
Position 11371:	T=0	G=1	-=0	A=0	C=0	
Position 11372:	T=0	G=0	-=0	A=0	C=1	
Position 11373:	T=1	G=0	-=0	A=0	C=0	
Position 11374:	T=1	G=0	-=0	A=0	C=0	
Position 11375:	T=1	G=0	-=0	A=0	C=0	
Position 11376:	T=0	G=0	-=0	A=1	C=0	
Position 11377:	T=1	G=0	-=0	A=0	C=0	
Position 11378:	T=1	G=0	-=0	A=0	C=0	
Position 11379:	T=1	G=0	-=0	A=0	C=0	
Position 11380:	T=1	G=0	-=0	A=0	C=0	
Position 11381:	T=0	G=0	-=0	A=0	C=1	
Position 11382:	T=0	G=0	-=0	A=0	C=1	
Position 11383:	T=1	G=0	-=0	A=0	C=0	
Position 11384:	T=0	G=1	-=0	A=0	C=0	
Position 11385:	T=1	G=0	-=0	A=0	C=0	
Position 11386:	T=1	G=0	-=0	A=0	C=0	
Position 11387:	T=1	G=0	-=0	A=0	C=0	
Position 11388:	T=0	G=0	-=0	A=1	C=0	
Position 11389:	T=0	G=0	-=0	A=0	C=1	
Position 11390:	T=0	G=0	-=0	A=1	C=0	
Position 11391:	A=1	N=0	C=0	-=0	G=4	T=0	
Position 11392:	T=1	G=0	-=0	A=0	C=0	
Position 11393:	T=0	G=0	-=0	A=2	C=0	
Position 11394:	T=0	G=2	-=0	A=0	C=0	
Position 11395:	T=0	G=7	-=0	A=3	C=0	
Position 11396:	T=0	G=0	-=0	A=2	C=0	
Position 11397:	T=0	G=2	-=0	A=0	C=0	
Position 11398:	T=0	G=1	-=0	A=0	C=0	
Position 11399:	T=0	G=0	-=0	A=0	C=1	
Position 11400:	T=0	G=0	-=0	A=0	C=1	
Position 11401:	T=1	G=0	-=0	A=0	C=0	
Position 11402:	T=1	G=0	-=0	A=0	C=0	
Position 11403:	T=0	G=0	-=0	A=1	C=0	
Position 11404:	T=0	G=0	-=0	A=0	C=4	
Position 11405:	T=0	G=4	-=0	A=0	C=0	
Position 11406:	T=0	G=3	-=0	A=0	C=0	
Position 11407:	T=0	G=3	-=0	A=0	C=0	
Position 11408:	T=0	G=0	-=0	A=3	C=0	
Position 11409:	T=0	G=0	-=0	A=3	C=0	
Position 11410:	T=3	G=0	-=0	A=0	C=0	
Position 11411:	T=2	G=0	-=0	A=0	C=0	
Position 11412:	T=0	G=2	-=0	A=0	C=0	
Position 11413:	T=2	G=0	-=0	A=0	C=0	
Position 11414:	T=0	G=0	-=0	A=0	C=2	
Position 11415:	T=0	G=0	-=0	A=0	C=2	
Position 11416:	T=2	G=0	-=0	A=0	C=0	
Position 11417:	T=0	G=0	-=0	A=2	C=0	
Position 11418:	T=0	G=2	-=0	A=0	C=0	
Position 11419:	T=0	G=0	-=0	A=0	C=2	
Position 11420:	T=2	G=0	-=0	A=0	C=0	
Position 11421:	T=0	G=0	-=0	A=2	C=0	
Position 11422:	T=0	G=0	-=0	A=1	C=0	
Position 11423:	T=1	G=0	-=0	A=0	C=0	
Position 11424:	T=1	G=0	-=0	A=0	C=0	
Position 11425:	T=0	G=0	-=0	A=0	C=1	
Position 11426:	T=0	G=0	-=0	A=1	C=0	
Position 11427:	T=1	G=0	-=0	A=0	C=0	
Position 11428:	T=0	G=0	-=0	A=0	C=1	
Position 11429:	T=1	G=0	-=0	A=0	C=0	
Position 11430:	T=0	G=0	-=0	A=0	C=1	
Position 11431:	T=1	G=0	-=0	A=0	C=0	
Position 11432:	T=0	G=0	-=0	A=1	C=0	
Position 11433:	T=0	G=1	-=0	A=0	C=0	
Position 11434:	T=0	G=0	-=0	A=1	C=0	
Position 11435:	T=0	G=0	-=0	A=0	C=1	
Position 11436:	T=0	G=0	-=0	A=1	C=0	
Position 11437:	T=1	G=0	-=0	A=0	C=0	
Position 11438:	T=0	G=0	-=0	A=0	C=1	
Position 11439:	T=0	G=1	-=0	A=0	C=0	
Position 11440:	T=1	G=0	-=0	A=0	C=0	
Position 11441:	T=1	G=0	-=0	A=0	C=0	
Position 11442:	T=0	G=0	-=0	A=0	C=1	
Position 11443:	T=1	G=0	-=0	A=0	C=0	
Position 11444:	T=0	G=0	-=0	A=0	C=1	
Position 11445:	T=0	G=0	-=0	A=0	C=7	
Position 11446:	T=0	G=0	-=0	A=7	C=0	
Position 11447:	T=5	G=0	-=0	A=0	C=0	
Position 11448:	A=2	N=0	C=0	-=0	G=12	T=0	
Position 11449:	T=0	G=0	-=0	A=4	C=0	
Position 11450:	T=0	G=0	-=0	A=0	C=2	
Position 11451:	T=0	G=0	-=0	A=2	C=0	
Position 11452:	T=0	G=0	-=0	A=0	C=2	
Position 11453:	T=0	G=2	-=0	A=0	C=0	
Position 11454:	T=1	G=0	-=0	A=0	C=0	
Position 11455:	T=0	G=0	-=0	A=1	C=0	
Position 11456:	T=0	G=0	-=0	A=0	C=11	
Position 11457:	T=9	G=0	-=0	A=0	C=0	
Position 11458:	T=0	G=0	-=0	A=7	C=0	
Position 11459:	T=7	G=0	-=0	A=0	C=0	
Position 11460:	T=0	G=6	-=0	A=0	C=0	
Position 11461:	T=5	G=0	-=0	A=0	C=0	
Position 11462:	T=0	G=3	-=0	A=1	C=0	
Position 11463:	T=0	G=4	-=0	A=0	C=0	
Position 11464:	T=4	G=0	-=0	A=0	C=0	
Position 11465:	T=0	G=0	-=0	A=3	C=0	
Position 11466:	T=0	G=9	-=0	A=1	C=0	
Position 11467:	T=0	G=0	-=0	A=0	C=9	
Position 11468:	T=0	G=0	-=0	A=0	C=9	
Position 11469:	T=0	G=0	-=0	A=0	C=9	
Position 11470:	T=0	G=0	-=0	A=9	C=0	
Position 11471:	T=9	G=0	-=0	A=0	C=0	
Position 11472:	T=9	G=0	-=0	A=0	C=0	
Position 11473:	T=9	G=0	-=0	A=0	C=0	
Position 11474:	T=9	G=0	-=0	A=0	C=0	
Position 11475:	A=0	N=0	C=9	-=0	G=0	T=0	
Position 11476:	T=0	G=0	-=0	A=9	C=0	
Position 11477:	T=0	G=0	-=0	A=0	C=9	
Position 11478:	T=9	G=0	-=0	A=0	C=0	
Position 11479:	T=0	G=0	-=0	A=9	C=0	
Position 11480:	T=0	G=0	-=0	A=0	C=9	
Position 11481:	T=0	G=8	-=0	A=1	C=0	
Position 11482:	T=6	G=0	-=0	A=0	C=0	
Position 11483:	T=0	G=5	-=0	A=0	C=0	
Position 11484:	T=0	G=0	-=0	A=0	C=5	
Position 11485:	T=4	G=0	-=0	A=0	C=0	
Position 11486:	T=0	G=4	-=0	A=0	C=0	
Position 11487:	T=4	G=0	-=0	A=0	C=0	
Position 11488:	T=0	G=0	-=0	A=0	C=4	
Position 11489:	T=0	G=0	-=0	A=4	C=0	
Position 11490:	T=0	G=0	-=0	A=3	C=0	
Position 11491:	T=3	G=0	-=0	A=0	C=0	
Position 11492:	T=0	G=3	-=0	A=0	C=0	
Position 11493:	T=0	G=3	-=0	A=0	C=0	
Position 11494:	T=0	G=3	-=0	A=0	C=0	
Position 11495:	T=0	G=0	-=0	A=3	C=0	
Position 11496:	T=0	G=3	-=0	A=0	C=0	
Position 11497:	T=0	G=0	-=0	A=0	C=3	
Position 11498:	T=3	G=0	-=0	A=0	C=0	
Position 11499:	T=0	G=3	-=0	A=0	C=0	
Position 11500:	T=2	G=0	-=0	A=0	C=0	
Position 11501:	T=2	G=0	-=0	A=0	C=0	
Position 11502:	T=2	G=0	-=0	A=0	C=0	
Position 11503:	T=2	G=0	-=0	A=0	C=0	
Position 11504:	T=0	G=0	-=0	A=0	C=2	
Position 11505:	T=0	G=2	-=0	A=0	C=0	
Position 11506:	T=0	G=0	-=0	A=0	C=2	
Position 11507:	T=0	G=0	-=0	A=0	C=2	
Position 11508:	T=0	G=0	-=0	A=2	C=0	
Position 11509:	T=2	G=0	-=0	A=0	C=0	
Position 11510:	T=0	G=0	-=0	A=0	C=2	
Position 11511:	T=0	G=0	-=0	A=2	C=0	
Position 11512:	T=2	G=0	-=0	A=0	C=0	
Position 11513:	T=0	G=0	-=0	A=2	C=0	
Position 11514:	T=0	G=2	-=0	A=0	C=0	
Position 11515:	T=0	G=6	-=0	A=1	C=0	
Position 11516:	T=0	G=0	-=0	A=1	C=0	
Position 11517:	T=0	G=1	-=0	A=0	C=0	
Position 11518:	T=0	G=1	-=0	A=0	C=0	
Position 11519:	T=0	G=0	-=0	A=6	C=0	
Position 11520:	T=6	G=0	-=0	A=0	C=0	
Position 11521:	T=6	G=0	-=0	A=0	C=0	
Position 11522:	T=6	G=0	-=0	A=0	C=0	
Position 11523:	T=0	G=4	-=0	A=2	C=0	
Position 11524:	T=6	G=0	-=0	A=0	C=0	
Position 11525:	T=0	G=0	-=0	A=0	C=6	
Position 11526:	T=0	G=0	-=0	A=0	C=4	
Position 11527:	T=0	G=0	-=0	A=3	C=0	
Position 11528:	T=0	G=0	-=0	A=0	C=2	
Position 11529:	T=2	G=0	-=0	A=0	C=0	
Position 11530:	A=1	N=0	C=0	-=0	G=4	T=0	
Position 11531:	T=0	G=0	-=0	A=2	C=0	
Position 11532:	T=1	G=0	-=0	A=0	C=0	
Position 11533:	T=1	G=0	-=0	A=0	C=0	
Position 11534:	T=0	G=0	-=0	A=0	C=1	
Position 11535:	T=0	G=0	-=0	A=0	C=1	
Position 11536:	T=0	G=0	-=0	A=0	C=1	
Position 11537:	T=0	G=0	-=0	A=1	C=0	
Position 11538:	T=0	G=0	-=0	A=0	C=1	
Position 11539:	T=2	G=0	-=0	A=0	C=0	
Position 11540:	T=0	G=0	-=0	A=1	C=0	
Position 11541:	T=1	G=0	-=0	A=0	C=0	
Position 11542:	T=1	G=0	-=0	A=0	C=0	
Position 11543:	T=0	G=0	-=0	A=0	C=1	
Position 11544:	T=1	G=0	-=0	A=0	C=0	
Position 11545:	T=0	G=0	-=0	A=0	C=1	
Position 11546:	T=0	G=0	-=0	A=1	C=0	
Position 11547:	T=0	G=1	-=0	A=0	C=0	
Position 11548:	T=0	G=1	-=0	A=0	C=0	
Position 11549:	T=0	G=0	-=0	A=0	C=1	
Position 11550:	T=1	G=0	-=0	A=0	C=0	
Position 11551:	T=0	G=0	-=0	A=1	C=0	
Position 11552:	T=0	G=0	-=0	A=0	C=1	
Position 11553:	T=0	G=0	-=0	A=1	C=0	
Position 11554:	T=0	G=0	-=0	A=0	C=1	
Position 11555:	T=0	G=0	-=0	A=1	C=0	
Position 11556:	T=0	G=0	-=0	A=0	C=1	
Position 11557:	T=1	G=0	-=0	A=0	C=0	
Position 11558:	T=1	G=0	-=0	A=0	C=0	
Position 11559:	T=0	G=0	-=0	A=1	C=0	
Position 11560:	T=0	G=0	-=0	A=1	C=0	
Position 11561:	T=1	G=0	-=0	A=0	C=0	
Position 11562:	T=0	G=0	-=0	A=1	C=0	
Position 11563:	T=0	G=0	-=0	A=1	C=0	
Position 11564:	T=0	G=0	-=0	A=0	C=1	
Position 11565:	T=0	G=0	-=0	A=1	C=0	
Position 11566:	T=0	G=0	-=0	A=0	C=1	
Position 11567:	T=0	G=0	-=0	A=1	C=0	
Position 11568:	T=1	G=0	-=0	A=0	C=0	
Position 11569:	T=0	G=3	-=0	A=0	C=0	
Position 11570:	T=0	G=0	-=0	A=3	C=0	
Position 11571:	T=0	G=2	-=0	A=1	C=0	
Position 11572:	T=0	G=0	-=0	A=0	C=3	
Position 11573:	T=0	G=0	-=0	A=3	C=0	
Position 11574:	T=0	G=0	-=0	A=3	C=0	
Position 11575:	T=0	G=0	-=0	A=2	C=0	
Position 11576:	T=0	G=0	-=0	A=2	C=0	
Position 11577:	T=0	G=0	-=0	A=2	C=0	
Position 11578:	T=2	G=0	-=0	A=0	C=0	
Position 11579:	T=2	G=0	-=0	A=0	C=0	
Position 11580:	T=0	G=0	-=0	A=0	C=2	
Position 11581:	T=0	G=0	-=0	A=2	C=0	
Position 11582:	T=0	G=0	-=0	A=0	C=2	
Position 11583:	T=2	G=0	-=0	A=0	C=0	
Position 11584:	T=1	G=0	-=0	A=0	C=0	
Position 11585:	T=1	G=0	-=0	A=0	C=0	
Position 11586:	T=0	G=0	-=0	A=1	C=0	
Position 11587:	T=1	G=0	-=0	A=0	C=0	
Position 11588:	T=0	G=0	-=0	A=1	C=0	
Position 11589:	T=0	G=0	-=0	A=2	C=0	
Position 11590:	T=1	G=0	-=0	A=0	C=0	
Position 11591:	T=1	G=0	-=0	A=0	C=0	
Position 11592:	T=0	G=0	-=0	A=1	C=0	
Position 11593:	T=1	G=0	-=0	A=0	C=0	
Position 11594:	T=0	G=0	-=0	A=7	C=0	
Position 11595:	T=7	G=0	-=0	A=0	C=0	
Position 11596:	T=7	G=0	-=0	A=0	C=0	
Position 11597:	T=0	G=0	-=0	A=0	C=5	
Position 11598:	T=0	G=0	-=0	A=5	C=0	
Position 11599:	T=3	G=0	-=0	A=0	C=0	
Position 11600:	T=3	G=0	-=0	A=0	C=0	
Position 11601:	T=0	G=3	-=0	A=0	C=0	
Position 11602:	T=0	G=3	-=0	A=0	C=0	
Position 11603:	T=0	G=2	-=0	A=1	C=0	
Position 11604:	T=0	G=2	-=0	A=0	C=0	
Position 11605:	T=2	G=0	-=0	A=0	C=0	
Position 11606:	T=2	G=0	-=0	A=0	C=0	
Position 11607:	T=0	G=0	-=0	A=2	C=0	
Position 11608:	T=0	G=0	-=0	A=2	C=0	
Position 11609:	T=2	G=0	-=0	A=0	C=0	
Position 11610:	T=0	G=0	-=0	A=2	C=0	
Position 11611:	T=2	G=0	-=0	A=0	C=0	
Position 11612:	T=0	G=2	-=0	A=0	C=0	
Position 11613:	T=0	G=0	-=0	A=2	C=0	
Position 11614:	T=0	G=0	-=0	A=0	C=2	
Position 11615:	T=0	G=0	-=0	A=2	C=0	
Position 11616:	T=2	G=0	-=0	A=0	C=0	
Position 11617:	T=2	G=0	-=0	A=0	C=0	
Position 11618:	T=0	G=0	-=0	A=0	C=2	
Position 11619:	T=2	G=0	-=0	A=0	C=0	
Position 11620:	T=2	G=0	-=0	A=0	C=0	
Position 11621:	T=2	G=0	-=0	A=0	C=0	
Position 11622:	T=0	G=0	-=0	A=0	C=2	
Position 11623:	T=0	G=0	-=0	A=0	C=2	
Position 11624:	T=2	G=0	-=0	A=0	C=0	
Position 11625:	T=0	G=0	-=0	A=0	C=2	
Position 11626:	T=0	G=0	-=0	A=2	C=0	
Position 11627:	T=0	G=2	-=0	A=0	C=0	
Position 11628:	T=0	G=0	-=0	A=0	C=2	
Position 11629:	T=0	G=0	-=0	A=1	C=0	
Position 11630:	T=1	G=0	-=0	A=0	C=0	
Position 11631:	T=1	G=0	-=0	A=0	C=0	
Position 11632:	T=1	G=0	-=0	A=0	C=0	
Position 11633:	T=1	G=0	-=0	A=0	C=0	
Position 11634:	T=0	G=0	-=0	A=0	C=1	
Position 11635:	T=1	G=0	-=0	A=0	C=0	
Position 11636:	T=0	G=0	-=0	A=1	C=0	
Position 11637:	T=0	G=1	-=0	A=0	C=0	
Position 11638:	T=0	G=1	-=0	A=0	C=0	
Position 11639:	T=0	G=0	-=0	A=0	C=1	
Position 11640:	T=0	G=0	-=0	A=0	C=1	
Position 11641:	T=1	G=0	-=0	A=0	C=0	
Position 11642:	T=0	G=1	-=0	A=0	C=0	
Position 11643:	T=1	G=0	-=0	A=0	C=0	
Position 11644:	T=0	G=0	-=0	A=0	C=1	
Position 11645:	T=0	G=0	-=0	A=1	C=0	
Position 11646:	T=0	G=1	-=0	A=0	C=0	
Position 11647:	T=0	G=1	-=0	A=0	C=0	
Position 11648:	T=0	G=0	-=0	A=1	C=0	
Position 11649:	T=0	G=0	-=0	A=1	C=0	
Position 11650:	T=1	G=0	-=0	A=0	C=0	
Position 11651:	T=0	G=0	-=0	A=1	C=0	
Position 11652:	T=0	G=0	-=0	A=0	C=1	
Position 11653:	T=0	G=0	-=0	A=0	C=2	
Position 11654:	T=2	G=0	-=0	A=0	C=0	
Position 11655:	T=0	G=0	-=0	A=0	C=1	
Position 11656:	T=0	G=1	-=0	A=0	C=0	
Position 11657:	T=0	G=1	-=0	A=0	C=0	
Position 11658:	T=0	G=0	-=0	A=0	C=1	
Position 11659:	T=0	G=1	-=0	A=0	C=0	
Position 11660:	T=0	G=0	-=0	A=1	C=0	
Position 11661:	T=1	G=0	-=0	A=0	C=0	
Position 11662:	T=0	G=0	-=0	A=1	C=0	
Position 11663:	T=1	G=0	-=0	A=0	C=0	
Position 11664:	T=1	G=0	-=0	A=0	C=0	
Position 11665:	T=0	G=0	-=0	A=0	C=1	
Position 11666:	T=0	G=0	-=0	A=0	C=1	
Position 11667:	T=0	G=1	-=0	A=0	C=0	
Position 11668:	T=0	G=0	-=0	A=1	C=0	
Position 11669:	T=0	G=0	-=0	A=0	C=1	
Position 11670:	T=1	G=0	-=0	A=0	C=0	
Position 11671:	T=0	G=0	-=0	A=1	C=0	
Position 11672:	T=1	G=0	-=0	A=0	C=0	
Position 11673:	T=0	G=0	-=0	A=0	C=1	
Position 11674:	T=0	G=0	-=0	A=0	C=1	
Position 11675:	T=0	G=0	-=0	A=1	C=0	
Position 11676:	T=0	G=1	-=0	A=0	C=0	
Position 11677:	T=0	G=0	-=0	A=1	C=0	
Position 11678:	T=1	G=0	-=0	A=0	C=0	
Position 11679:	T=0	G=1	-=0	A=0	C=0	
Position 11680:	T=0	G=0	-=0	A=0	C=1	
Position 11681:	T=0	G=0	-=0	A=0	C=1	
Position 11682:	T=1	G=0	-=0	A=0	C=0	
Position 11683:	T=0	G=0	-=0	A=1	C=0	
Position 11684:	T=1	G=0	-=0	A=0	C=0	
Position 11685:	T=0	G=0	-=0	A=1	C=0	
Position 11686:	T=0	G=0	-=0	A=0	C=1	
Position 11687:	T=0	G=0	-=0	A=1	C=0	
Position 11688:	T=0	G=0	-=0	A=1	C=0	
Position 11689:	T=0	G=0	-=0	A=0	C=1	
Position 11690:	T=0	G=0	-=0	A=1	C=0	
Position 11691:	T=1	G=0	-=0	A=0	C=0	
Position 11692:	T=0	G=1	-=0	A=0	C=0	
Position 11693:	T=0	G=0	-=0	A=1	C=0	
Position 11694:	T=0	G=0	-=0	A=1	C=0	
Position 11695:	T=0	G=0	-=0	A=2	C=0	
Position 11696:	T=0	G=0	-=0	A=0	C=2	
Position 11697:	T=0	G=0	-=0	A=2	C=0	
Position 11698:	T=0	G=0	-=0	A=0	C=2	
Position 11699:	T=0	G=0	-=0	A=2	C=0	
Position 11700:	A=1	N=0	C=0	-=0	G=19	T=0	
Position 11701:	T=2	G=0	-=0	A=0	C=0	
Position 11702:	T=0	G=0	-=0	A=2	C=0	
Position 11703:	T=1	G=0	-=0	A=0	C=0	
Position 11704:	T=0	G=0	-=0	A=0	C=1	
Position 11705:	T=1	G=0	-=0	A=0	C=0	
Position 11706:	T=1	G=0	-=0	A=0	C=0	
Position 11707:	T=0	G=0	-=0	A=0	C=1	
Position 11708:	T=1	G=0	-=0	A=0	C=0	
Position 11709:	T=0	G=0	-=0	A=1	C=0	
Position 11710:	T=1	G=0	-=0	A=0	C=0	
Position 11711:	T=0	G=0	-=0	A=1	C=0	
Position 11712:	T=0	G=9	-=0	A=0	C=0	
Position 11713:	T=0	G=9	-=0	A=0	C=0	
Position 11714:	T=0	G=0	-=0	A=0	C=8	
Position 11715:	T=8	G=0	-=0	A=0	C=0	
Position 11716:	T=0	G=0	-=0	A=0	C=8	
Position 11717:	T=0	G=0	-=0	A=8	C=0	
Position 11718:	T=8	G=0	-=0	A=0	C=0	
Position 11719:	T=7	G=0	-=0	A=0	C=0	
Position 11720:	T=7	G=0	-=0	A=0	C=0	
Position 11721:	T=0	G=0	-=0	A=7	C=0	
Position 11722:	T=6	G=0	-=0	A=0	C=0	
Position 11723:	T=6	G=0	-=0	A=0	C=0	
Position 11724:	T=6	G=0	-=0	A=0	C=0	
Position 11725:	T=0	G=0	-=0	A=0	C=6	
Position 11726:	T=0	G=0	-=0	A=6	C=0	
Position 11727:	T=0	G=0	-=0	A=0	C=5	
Position 11728:	T=5	G=0	-=0	A=0	C=0	
Position 11729:	T=0	G=0	-=0	A=4	C=0	
Position 11730:	T=0	G=0	-=0	A=3	C=0	
Position 11731:	T=0	G=0	-=0	A=0	C=3	
Position 11732:	T=0	G=0	-=0	A=2	C=0	
Position 11733:	T=0	G=17	-=0	A=1	C=0	
Position 11734:	T=0	G=0	-=0	A=0	C=2	
Position 11735:	T=0	G=0	-=0	A=2	C=0	
Position 11736:	T=0	G=17	-=0	A=1	C=0	
Position 11737:	T=1	G=0	-=0	A=0	C=0	
Position 11738:	T=1	G=0	-=0	A=0	C=0	
Position 11739:	T=0	G=0	-=0	A=15	C=0	
Position 11740:	T=14	G=0	-=0	A=0	C=0	
Position 11741:	T=0	G=13	-=0	A=0	C=0	
Position 11742:	T=0	G=0	-=0	A=0	C=13	
Position 11743:	T=13	G=0	-=0	A=0	C=0	
Position 11744:	T=0	G=0	-=0	A=13	C=0	
Position 11745:	A=13	N=0	C=0	-=0	G=0	T=0	
Position 11746:	T=13	G=0	-=0	A=0	C=0	
Position 11747:	T=0	G=0	-=0	A=12	C=0	
Position 11748:	T=0	G=0	-=0	A=11	C=0	
Position 11749:	T=10	G=0	-=0	A=0	C=0	
Position 11750:	T=10	G=0	-=0	A=0	C=0	
Position 11751:	T=9	G=0	-=0	A=0	C=0	
Position 11752:	T=9	G=0	-=0	A=0	C=0	
Position 11753:	T=0	G=0	-=0	A=0	C=8	
Position 11754:	T=0	G=0	-=0	A=8	C=0	
Position 11755:	T=8	G=0	-=0	A=0	C=0	
Position 11756:	T=0	G=8	-=0	A=0	C=0	
Position 11757:	T=0	G=0	-=0	A=8	C=0	
Position 11758:	T=8	G=0	-=0	A=0	C=0	
Position 11759:	T=7	G=0	-=0	A=0	C=0	
Position 11760:	T=6	G=0	-=0	A=0	C=0	
Position 11761:	T=0	G=4	-=0	A=1	C=0	
Position 11762:	T=0	G=3	-=0	A=0	C=0	
Position 11763:	T=0	G=3	-=0	A=0	C=0	
Position 11764:	T=0	G=0	-=0	A=3	C=0	
Position 11765:	T=0	G=2	-=0	A=1	C=0	
Position 11766:	T=0	G=3	-=0	A=0	C=0	
Position 11767:	T=0	G=0	-=0	A=0	C=3	
Position 11768:	T=0	G=0	-=0	A=0	C=2	
Position 11769:	T=1	G=0	-=0	A=0	C=0	
Position 11770:	T=1	G=0	-=0	A=0	C=0	
Position 11771:	A=0	N=0	C=1	-=0	G=0	T=0	
Position 11772:	T=0	G=1	-=0	A=0	C=0	
Position 11773:	T=0	G=0	-=0	A=0	C=1	
Position 11774:	T=0	G=0	-=0	A=1	C=0	
Position 11775:	T=1	G=0	-=0	A=0	C=0	
Position 11776:	T=0	G=0	-=0	A=0	C=1	
Position 11777:	T=0	G=0	-=0	A=1	C=0	
Position 11778:	T=0	G=0	-=0	A=1	C=0	
Position 11779:	T=0	G=0	-=0	A=1	C=0	
Position 11780:	T=0	G=0	-=0	A=1	C=0	
Position 11781:	T=0	G=0	-=0	A=0	C=1	
Position 11782:	T=0	G=1	-=0	A=0	C=0	
Position 11783:	T=0	G=0	-=0	A=1	C=0	
Position 11784:	T=0	G=1	-=0	A=0	C=0	
Position 11785:	T=0	G=0	-=0	A=1	C=0	
Position 11786:	T=0	G=1	-=0	A=0	C=0	
Position 11787:	T=0	G=1	-=0	A=0	C=0	
Position 11788:	T=1	G=0	-=0	A=0	C=0	
Position 11789:	T=0	G=1	-=0	A=0	C=0	
Position 11790:	T=0	G=1	-=0	A=0	C=0	
Position 11791:	T=0	G=0	-=0	A=0	C=1	
Position 11792:	T=0	G=0	-=0	A=1	C=0	
Position 11793:	T=0	G=1	-=0	A=0	C=0	
Position 11794:	T=1	G=0	-=0	A=0	C=0	
Position 11795:	T=0	G=1	-=0	A=0	C=0	
Position 11796:	T=0	G=1	-=0	A=0	C=0	
Position 11797:	T=1	G=0	-=0	A=0	C=0	
Position 11798:	T=0	G=0	-=0	A=1	C=0	
Position 11799:	T=0	G=1	-=0	A=0	C=0	
Position 11800:	T=0	G=0	-=0	A=1	C=0	
Position 11801:	T=0	G=0	-=0	A=1	C=0	
Position 11802:	T=0	G=0	-=0	A=0	C=1	
Position 11803:	T=1	G=0	-=0	A=0	C=0	
Position 11804:	T=1	G=0	-=0	A=0	C=0	
Position 11805:	T=0	G=0	-=0	A=1	C=0	
Position 11806:	T=0	G=0	-=0	A=0	C=1	
Position 11807:	T=0	G=0	-=0	A=0	C=1	
Position 11808:	T=1	G=0	-=0	A=0	C=0	
Position 11809:	T=0	G=0	-=0	A=0	C=1	
Position 11810:	T=0	G=0	-=0	A=1	C=0	
Position 11811:	T=0	G=0	-=0	A=1	C=0	
Position 11812:	T=0	G=0	-=0	A=0	C=1	
Position 11813:	T=0	G=0	-=0	A=0	C=9	
Position 11814:	T=0	G=0	-=0	A=9	C=0	
Position 11815:	T=0	G=0	-=0	A=8	C=0	
Position 11816:	T=0	G=0	-=0	A=0	C=7	
Position 11817:	T=0	G=0	-=0	A=6	C=0	
Position 11818:	T=6	G=0	-=0	A=0	C=0	
Position 11819:	T=5	G=0	-=0	A=0	C=0	
Position 11820:	T=0	G=5	-=0	A=0	C=0	
Position 11821:	T=0	G=0	-=0	A=5	C=0	
Position 11822:	T=0	G=0	-=0	A=5	C=0	
Position 11823:	T=5	G=0	-=0	A=0	C=0	
Position 11824:	T=0	G=4	-=0	A=0	C=0	
Position 11825:	T=0	G=0	-=0	A=4	C=0	
Position 11826:	T=0	G=0	-=0	A=0	C=4	
Position 11827:	T=4	G=0	-=0	A=0	C=0	
Position 11828:	T=0	G=0	-=0	A=4	C=0	
Position 11829:	T=0	G=0	-=0	A=0	C=4	
Position 11830:	T=0	G=0	-=0	A=3	C=0	
Position 11831:	T=0	G=0	-=0	A=0	C=3	
Position 11832:	T=0	G=3	-=0	A=0	C=0	
Position 11833:	T=0	G=2	-=0	A=1	C=0	
Position 11834:	T=0	G=0	-=0	A=3	C=0	
Position 11835:	T=3	G=0	-=0	A=0	C=0	
Position 11836:	T=0	G=2	-=0	A=1	C=0	
Position 11837:	T=0	G=0	-=0	A=0	C=2	
Position 11838:	T=0	G=0	-=0	A=0	C=2	
Position 11839:	T=0	G=0	-=0	A=0	C=2	
Position 11840:	T=2	G=0	-=0	A=0	C=0	
Position 11841:	T=0	G=0	-=0	A=0	C=2	
Position 11842:	T=0	G=0	-=0	A=0	C=2	
Position 11843:	T=2	G=0	-=0	A=0	C=0	
Position 11844:	T=0	G=0	-=0	A=0	C=2	
Position 11845:	T=0	G=0	-=0	A=0	C=2	
Position 11846:	T=0	G=0	-=0	A=2	C=0	
Position 11847:	T=2	G=0	-=0	A=0	C=0	
Position 11848:	T=0	G=0	-=0	A=2	C=0	
Position 11849:	T=2	G=0	-=0	A=0	C=0	
Position 11850:	T=2	G=0	-=0	A=0	C=2	
Position 11851:	T=0	G=0	-=0	A=2	C=0	
Position 11852:	A=0	N=0	C=2	-=0	G=0	T=0	
Position 11853:	T=0	G=0	-=0	A=2	C=0	
Position 11854:	T=0	G=0	-=0	A=0	C=2	
Position 11855:	T=0	G=0	-=0	A=2	C=0	
Position 11856:	T=2	G=0	-=0	A=0	C=0	
Position 11857:	T=2	G=0	-=0	A=0	C=0	
Position 11858:	T=0	G=0	-=0	A=0	C=2	
Position 11859:	T=0	G=1	-=0	A=0	C=0	
Position 11860:	T=0	G=0	-=0	A=1	C=0	
Position 11861:	T=0	G=0	-=0	A=1	C=0	
Position 11862:	T=0	G=1	-=0	A=0	C=0	
Position 11863:	T=0	G=0	-=0	A=1	C=0	
Position 11864:	T=0	G=0	-=0	A=1	C=0	
Position 11865:	T=0	G=0	-=0	A=0	C=1	
Position 11866:	T=0	G=0	-=0	A=0	C=1	
Position 11867:	T=1	G=0	-=0	A=0	C=0	
Position 11868:	T=0	G=1	-=0	A=0	C=0	
Position 11869:	T=0	G=0	-=0	A=0	C=1	
Position 11870:	T=0	G=0	-=0	A=0	C=1	
Position 11871:	T=1	G=0	-=0	A=0	C=0	
Position 11872:	T=0	G=0	-=0	A=1	C=0	
Position 11873:	T=0	G=0	-=0	A=0	C=1	
Position 11874:	T=0	G=1	-=0	A=0	C=0	
Position 11875:	T=1	G=0	-=0	A=0	C=0	
Position 11876:	T=1	G=0	-=0	A=0	C=0	
Position 11877:	T=0	G=0	-=0	A=1	C=0	
Position 11878:	T=0	G=0	-=0	A=0	C=1	
Position 11879:	T=0	G=0	-=0	A=1	C=0	
Position 11880:	T=0	G=0	-=0	A=0	C=1	
Position 11881:	T=1	G=0	-=0	A=0	C=0	
Position 11882:	T=0	G=0	-=0	A=1	C=0	
Position 11883:	T=0	G=0	-=0	A=1	C=0	
Position 11884:	T=0	G=0	-=0	A=1	C=0	
Position 11885:	T=0	G=0	-=0	A=1	C=0	
Position 11886:	T=1	G=0	-=0	A=0	C=0	
Position 11887:	T=0	G=0	-=0	A=1	C=0	
Position 11888:	T=0	G=0	-=0	A=5	C=0	
Position 11889:	T=0	G=5	-=0	A=0	C=0	
Position 11890:	T=0	G=0	-=0	A=4	C=0	
Position 11891:	T=0	G=0	-=0	A=4	C=0	
Position 11892:	T=0	G=0	-=0	A=4	C=0	
Position 11893:	T=0	G=3	-=0	A=1	C=0	
Position 11894:	T=0	G=4	-=0	A=0	C=0	
Position 11895:	T=0	G=0	-=0	A=4	C=0	
Position 11896:	T=0	G=0	-=0	A=4	C=0	
Position 11897:	T=0	G=2	-=0	A=0	C=0	
Position 11898:	T=0	G=2	-=0	A=0	C=0	
Position 11899:	T=0	G=0	-=0	A=2	C=0	
Position 11900:	T=0	G=2	-=0	A=0	C=0	
Position 11901:	T=2	G=0	-=0	A=0	C=0	
Position 11902:	T=0	G=0	-=0	A=0	C=2	
Position 11903:	T=0	G=2	-=0	A=0	C=0	
Position 11904:	T=0	G=0	-=0	A=2	C=0	
Position 11905:	T=0	G=0	-=0	A=2	C=0	
Position 11906:	T=0	G=0	-=0	A=0	C=2	
Position 11907:	T=0	G=0	-=0	A=0	C=2	
Position 11908:	T=0	G=0	-=0	A=0	C=2	
Position 11909:	T=1	G=0	-=0	A=0	C=0	
Position 11910:	T=0	G=0	-=0	A=0	C=1	
Position 11911:	T=0	G=1	-=0	A=0	C=0	
Position 11912:	T=0	G=1	-=0	A=0	C=0	
Position 11913:	T=0	G=1	-=0	A=0	C=0	
Position 11914:	T=0	G=0	-=0	A=1	C=0	
Position 11915:	T=0	G=0	-=0	A=1	C=0	
Position 11916:	T=1	G=0	-=0	A=0	C=0	
Position 11917:	T=1	G=0	-=0	A=0	C=0	
Position 11918:	T=0	G=1	-=0	A=0	C=0	
Position 11919:	T=0	G=1	-=0	A=0	C=0	
Position 11920:	T=1	G=0	-=0	A=0	C=0	
Position 11921:	T=1	G=0	-=0	A=0	C=0	
Position 11922:	T=1	G=0	-=0	A=0	C=0	
Position 11923:	T=0	G=0	-=0	A=0	C=1	
Position 11924:	T=0	G=0	-=0	A=1	C=0	
Position 11925:	T=0	G=0	-=0	A=1	C=0	
Position 11926:	T=0	G=3	-=0	A=0	C=0	
Position 11927:	T=0	G=0	-=0	A=0	C=3	
Position 11928:	T=0	G=0	-=0	A=0	C=3	
Position 11929:	T=0	G=0	-=0	A=2	C=0	
Position 11930:	T=0	G=0	-=0	A=2	C=0	
Position 11931:	T=2	G=0	-=0	A=0	C=0	
Position 11932:	T=0	G=0	-=0	A=2	C=0	
Position 11933:	T=2	G=0	-=0	A=0	C=0	
Position 11934:	T=0	G=0	-=0	A=0	C=2	
Position 11935:	T=0	G=0	-=0	A=2	C=0	
Position 11936:	T=1	G=0	-=0	A=0	C=0	
Position 11937:	T=0	G=0	-=0	A=1	C=0	
Position 11938:	T=0	G=0	-=0	A=1	C=0	
Position 11939:	T=0	G=0	-=0	A=0	C=1	
Position 11940:	T=0	G=0	-=0	A=0	C=1	
Position 11941:	T=0	G=0	-=0	A=1	C=0	
Position 11942:	T=0	G=0	-=0	A=0	C=1	
Position 11943:	T=1	G=0	-=0	A=0	C=0	
Position 11944:	T=0	G=0	-=0	A=1	C=0	
Position 11945:	T=1	G=0	-=0	A=0	C=0	
Position 11946:	T=0	G=1	-=0	A=0	C=0	
Position 11947:	T=1	G=0	-=0	A=0	C=0	
Position 11948:	T=0	G=0	-=0	A=0	C=1	
Position 11949:	T=1	G=0	-=0	A=0	C=0	
Position 11950:	T=0	G=0	-=0	A=0	C=1	
Position 11951:	T=1	G=0	-=0	A=0	C=0	
Position 11952:	T=0	G=0	-=0	A=0	C=1	
Position 11953:	T=1	G=0	-=0	A=0	C=0	
Position 11954:	T=0	G=0	-=0	A=0	C=1	
Position 11955:	T=0	G=0	-=0	A=1	C=0	
Position 11956:	T=0	G=0	-=0	A=2	C=0	
Position 11957:	T=2	G=0	-=0	A=0	C=0	
Position 11958:	T=0	G=0	-=0	A=2	C=0	
Position 11959:	T=0	G=0	-=0	A=2	C=0	
Position 11960:	T=0	G=0	-=0	A=2	C=0	
Position 11961:	T=0	G=2	-=0	A=0	C=0	
Position 11962:	T=0	G=0	-=0	A=2	C=0	
Position 11963:	T=0	G=2	-=0	A=0	C=0	
Position 11964:	T=0	G=0	-=0	A=2	C=0	
Position 11965:	T=2	G=0	-=0	A=0	C=0	
Position 11966:	T=0	G=0	-=0	A=2	C=0	
Position 11967:	T=2	G=0	-=0	A=0	C=0	
Position 11968:	T=2	G=0	-=0	A=0	C=0	
Position 11969:	T=0	G=0	-=0	A=2	C=0	
Position 11970:	T=0	G=2	-=0	A=0	C=0	
Position 11971:	T=2	G=0	-=0	A=0	C=0	
Position 11972:	T=0	G=0	-=0	A=2	C=0	
Position 11973:	T=0	G=0	-=0	A=2	C=0	
Position 11974:	T=0	G=0	-=0	A=2	C=0	
Position 11975:	T=0	G=0	-=0	A=2	C=0	
Position 11976:	T=0	G=0	-=0	A=2	C=0	
Position 11977:	T=2	G=0	-=0	A=0	C=0	
Position 11978:	T=2	G=0	-=0	A=0	C=0	
Position 11979:	T=0	G=0	-=0	A=2	C=0	
Position 11980:	T=0	G=0	-=0	A=0	C=2	
Position 11981:	T=0	G=0	-=0	A=2	C=0	
Position 11982:	T=2	G=0	-=0	A=0	C=0	
Position 11983:	T=0	G=0	-=0	A=2	C=0	
Position 11984:	T=0	G=0	-=0	A=2	C=0	
Position 11985:	T=0	G=0	-=0	A=0	C=2	
Position 11986:	T=2	G=0	-=0	A=0	C=0	
Position 11987:	T=2	G=0	-=0	A=0	C=0	
Position 11988:	T=2	G=0	-=0	A=0	C=0	
Position 11989:	T=0	G=2	-=0	A=0	C=0	
Position 11990:	T=2	G=0	-=0	A=0	C=0	
Position 11991:	T=0	G=0	-=0	A=0	C=2	
Position 11992:	T=0	G=0	-=0	A=2	C=0	
Position 11993:	T=0	G=2	-=0	A=0	C=0	
Position 11994:	T=0	G=2	-=0	A=0	C=0	
Position 11995:	T=0	G=2	-=0	A=0	C=0	
Position 11996:	T=2	G=0	-=0	A=0	C=0	
Position 11997:	T=2	G=0	-=0	A=0	C=0	
Position 11998:	T=0	G=0	-=0	A=2	C=0	
Position 11999:	T=0	G=0	-=0	A=2	C=0	
Position 12000:	T=0	G=0	-=0	A=2	C=0	
Position 12001:	T=1	G=0	-=0	A=0	C=0	
Position 12002:	T=1	G=0	-=0	A=0	C=0	
Position 12003:	T=0	G=0	-=0	A=1	C=0	
Position 12004:	T=57	G=0	-=0	A=0	C=0	
Position 12005:	T=0	G=0	-=0	A=55	C=0	
Position 12006:	T=0	G=48	-=0	A=4	C=0	
Position 12007:	T=0	G=50	-=0	A=2	C=0	
Position 12008:	T=50	G=0	-=0	A=0	C=0	
Position 12009:	T=0	G=51	-=0	A=0	C=0	
Position 12010:	T=0	G=0	-=0	A=52	C=0	
Position 12011:	T=0	G=0	-=0	A=52	C=0	
Position 12012:	T=0	G=0	-=0	A=51	C=0	
Position 12013:	T=0	G=0	-=0	A=50	C=0	
Position 12014:	T=50	G=0	-=0	A=0	C=0	
Position 12015:	T=2	G=0	-=0	A=0	C=47	
Position 12016:	T=1	G=0	-=0	A=0	C=47	
Position 12017:	T=50	G=0	-=0	A=0	C=0	
Position 12018:	T=54	G=0	-=0	A=0	C=0	
Position 12019:	T=54	G=0	-=0	A=0	C=0	
Position 12020:	T=0	G=0	-=0	A=51	C=0	
Position 12021:	T=50	G=0	-=0	A=0	C=0	
Position 12022:	T=0	G=0	-=0	A=49	C=0	
Position 12023:	T=47	G=0	-=0	A=0	C=0	
Position 12024:	T=1	G=0	-=0	A=0	C=48	
Position 12025:	T=49	G=0	-=0	A=0	C=0	
Position 12026:	T=48	G=0	-=0	A=0	C=0	
Position 12027:	T=48	G=0	-=0	A=0	C=0	
Position 12028:	T=0	G=0	-=0	A=46	C=0	
Position 12029:	T=44	G=0	-=0	A=1	C=0	
Position 12030:	T=0	G=43	-=0	A=2	C=0	
Position 12031:	T=0	G=42	-=0	A=0	C=0	
Position 12032:	T=1	G=0	-=0	A=0	C=39	
Position 12033:	T=0	G=0	-=0	A=38	C=0	
Position 12034:	T=37	G=0	-=0	A=0	C=0	
Position 12035:	T=0	G=37	-=0	A=0	C=0	
Position 12036:	T=0	G=0	-=0	A=0	C=37	
Position 12037:	T=0	G=0	-=0	A=0	C=37	
Position 12038:	T=0	G=0	-=0	A=0	C=37	
Position 12039:	T=0	G=0	-=0	A=0	C=35	
Position 12040:	T=35	G=0	-=0	A=0	C=0	
Position 12041:	T=35	G=0	-=0	A=0	C=0	
Position 12042:	T=0	G=0	-=0	A=0	C=35	
Position 12043:	T=0	G=0	-=0	A=0	C=35	
Position 12044:	T=0	G=0	-=0	A=35	C=0	
Position 12045:	T=0	G=0	-=0	A=35	C=0	
Position 12046:	T=0	G=0	-=0	A=36	C=0	
Position 12047:	T=36	G=0	-=0	A=0	C=0	
Position 12048:	T=0	G=0	-=0	A=36	C=0	
Position 12049:	T=0	G=35	-=0	A=1	C=0	
Position 12050:	T=0	G=31	-=0	A=4	C=0	
Position 12051:	T=31	G=0	-=0	A=0	C=0	
Position 12052:	T=0	G=0	-=0	A=0	C=29	
Position 12053:	T=29	G=0	-=0	A=0	C=0	
Position 12054:	T=28	G=0	-=0	A=0	C=0	
Position 12055:	T=0	G=0	-=0	A=0	C=27	
Position 12056:	T=0	G=0	-=0	A=27	C=0	
Position 12057:	T=0	G=0	-=0	A=26	C=0	
Position 12058:	T=0	G=23	-=0	A=1	C=0	
Position 12059:	T=0	G=0	-=0	A=24	C=0	
Position 12060:	T=0	G=0	-=0	A=0	C=21	
Position 12061:	T=0	G=17	-=0	A=1	C=0	
Position 12062:	T=0	G=0	-=0	A=0	C=17	
Position 12063:	T=0	G=0	-=0	A=17	C=0	
Position 12064:	T=0	G=0	-=0	A=17	C=0	
Position 12065:	T=0	G=0	-=0	A=0	C=16	
Position 12066:	T=14	G=0	-=0	A=0	C=0	
Position 12067:	T=14	G=0	-=0	A=0	C=0	
Position 12068:	T=0	G=0	-=0	A=0	C=14	
Position 12069:	T=11	G=0	-=0	A=0	C=0	
Position 12070:	T=0	G=0	-=0	A=0	C=10	
Position 12071:	T=0	G=0	-=0	A=0	C=10	
Position 12072:	T=0	G=0	-=0	A=0	C=10	
Position 12073:	T=0	G=0	-=0	A=10	C=0	
Position 12074:	T=10	G=0	-=0	A=0	C=0	
Position 12075:	T=0	G=0	-=0	A=0	C=10	
Position 12076:	T=0	G=0	-=0	A=10	C=0	
Position 12077:	T=10	G=0	-=0	A=0	C=0	
Position 12078:	T=0	G=0	-=0	A=9	C=0	
Position 12079:	T=0	G=8	-=0	A=1	C=0	
Position 12080:	T=0	G=0	-=0	A=6	C=0	
Position 12081:	T=0	G=6	-=0	A=0	C=0	
Position 12082:	T=0	G=6	-=0	A=0	C=0	
Position 12083:	T=0	G=0	-=0	A=6	C=0	
Position 12084:	T=0	G=0	-=0	A=5	C=0	
Position 12085:	T=0	G=0	-=0	A=0	C=5	
Position 12086:	T=5	G=0	-=0	A=0	C=0	
Position 12087:	T=5	G=0	-=0	A=0	C=0	
Position 12088:	T=5	G=0	-=0	A=0	C=0	
Position 12089:	T=4	G=0	-=0	A=0	C=0	
Position 12090:	T=0	G=4	-=0	A=0	C=0	
Position 12091:	T=0	G=0	-=0	A=0	C=4	
Position 12092:	T=0	G=0	-=0	A=4	C=0	
Position 12093:	T=3	G=0	-=0	A=0	C=0	
Position 12094:	T=3	G=0	-=0	A=0	C=0	
Position 12095:	T=3	G=0	-=0	A=0	C=0	
Position 12096:	T=3	G=0	-=0	A=0	C=0	
Position 12097:	T=0	G=0	-=0	A=0	C=3	
Position 12098:	T=0	G=0	-=0	A=3	C=0	
Position 12099:	T=3	G=0	-=0	A=0	C=0	
Position 12100:	T=0	G=3	-=0	A=0	C=0	
Position 12101:	T=0	G=0	-=0	A=3	C=0	
Position 12102:	T=3	G=0	-=0	A=0	C=0	
Position 12103:	T=0	G=0	-=0	A=0	C=3	
Position 12104:	T=0	G=0	-=0	A=3	C=0	
Position 12105:	T=3	G=0	-=0	A=0	C=0	
Position 12106:	T=0	G=0	-=0	A=3	C=0	
Position 12107:	T=0	G=0	-=0	A=0	C=2	
Position 12108:	T=0	G=0	-=0	A=1	C=0	
Position 12109:	T=1	G=0	-=0	A=0	C=0	
Position 12110:	T=1	G=0	-=0	A=0	C=0	
Position 12111:	T=0	G=0	-=0	A=1	C=0	
Position 12112:	T=0	G=0	-=0	A=1	C=0	
Position 12113:	T=1	G=0	-=0	A=0	C=0	
Position 12114:	T=0	G=0	-=0	A=1	C=0	
Position 12115:	T=0	G=0	-=0	A=1	C=0	
Position 12116:	T=1	G=0	-=0	A=0	C=0	
Position 12117:	T=1	G=0	-=0	A=0	C=0	
Position 12118:	T=0	G=1	-=0	A=0	C=0	
Position 12119:	T=1	G=0	-=0	A=0	C=0	
Position 12120:	T=0	G=1	-=0	A=0	C=0	
Position 12121:	T=1	G=0	-=0	A=0	C=0	
Position 12122:	T=1	G=0	-=0	A=0	C=0	
Position 12123:	T=0	G=0	-=0	A=0	C=1	
Position 12124:	T=0	G=0	-=0	A=0	C=1	
Position 12125:	T=1	G=0	-=0	A=0	C=0	
Position 12126:	T=0	G=0	-=0	A=1	C=0	
Position 12127:	T=0	G=0	-=0	A=6	C=0	
Position 12128:	T=6	G=0	-=0	A=0	C=0	
Position 12129:	T=5	G=0	-=0	A=0	C=0	
Position 12130:	T=0	G=0	-=0	A=5	C=0	
Position 12131:	T=0	G=3	-=0	A=1	C=0	
Position 12132:	T=0	G=0	-=0	A=0	C=4	
Position 12133:	T=4	G=0	-=0	A=0	C=0	
Position 12134:	T=0	G=0	-=0	A=0	C=3	
Position 12135:	T=0	G=0	-=0	A=0	C=3	
Position 12136:	T=0	G=0	-=0	A=0	C=3	
Position 12137:	T=3	G=0	-=0	A=0	C=0	
Position 12138:	T=0	G=0	-=0	A=3	C=0	
Position 12139:	T=0	G=3	-=0	A=0	C=0	
Position 12140:	T=3	G=0	-=0	A=0	C=0	
Position 12141:	T=2	G=0	-=0	A=0	C=0	
Position 12142:	T=0	G=0	-=0	A=0	C=2	
Position 12143:	T=10	G=0	-=0	A=0	C=0	
Position 12144:	T=0	G=0	-=0	A=0	C=10	
Position 12145:	T=10	G=0	-=0	A=0	C=0	
Position 12146:	T=0	G=0	-=0	A=9	C=0	
Position 12147:	T=9	G=0	-=0	A=0	C=0	
Position 12148:	T=0	G=0	-=0	A=9	C=0	
Position 12149:	T=9	G=0	-=0	A=0	C=0	
Position 12150:	T=9	G=0	-=0	A=0	C=0	
Position 12151:	T=0	G=0	-=0	A=9	C=0	
Position 12152:	T=9	G=0	-=0	A=0	C=0	
Position 12153:	T=0	G=0	-=0	A=0	C=8	
Position 12154:	T=7	G=0	-=0	A=0	C=0	
Position 12155:	T=0	G=0	-=0	A=0	C=7	
Position 12156:	T=0	G=0	-=0	A=5	C=0	
Position 12157:	T=0	G=0	-=0	A=4	C=0	
Position 12158:	T=0	G=0	-=0	A=0	C=4	
Position 12159:	T=4	G=0	-=0	A=0	C=0	
Position 12160:	T=0	G=0	-=0	A=3	C=0	
Position 12161:	T=3	G=0	-=0	A=0	C=0	
Position 12162:	T=0	G=0	-=0	A=2	C=0	
Position 12163:	T=0	G=0	-=0	A=0	C=2	
Position 12164:	T=2	G=0	-=0	A=0	C=0	
Position 12165:	T=0	G=0	-=0	A=2	C=0	
Position 12166:	T=0	G=0	-=0	A=2	C=0	
Position 12167:	T=0	G=0	-=0	A=0	C=2	
Position 12168:	T=0	G=0	-=0	A=0	C=2	
Position 12169:	T=0	G=0	-=0	A=2	C=0	
Position 12170:	T=0	G=0	-=0	A=0	C=2	
Position 12171:	T=0	G=0	-=0	A=0	C=2	
Position 12172:	T=0	G=0	-=0	A=2	C=0	
Position 12173:	T=0	G=0	-=0	A=2	C=0	
Position 12174:	T=0	G=0	-=0	A=2	C=0	
Position 12175:	T=1	G=0	-=0	A=0	C=0	
Position 12176:	T=1	G=0	-=0	A=0	C=0	
Position 12177:	T=0	G=0	-=0	A=1	C=0	
Position 12178:	T=0	G=0	-=0	A=1	C=0	
Position 12179:	T=0	G=0	-=0	A=0	C=1	
Position 12180:	T=0	G=0	-=0	A=1	C=0	
Position 12181:	T=0	G=0	-=0	A=0	C=1	
Position 12182:	T=0	G=0	-=0	A=1	C=0	
Position 12183:	T=0	G=0	-=0	A=0	C=1	
Position 12184:	T=0	G=0	-=0	A=1	C=0	
Position 12185:	T=0	G=0	-=0	A=0	C=1	
Position 12186:	T=0	G=0	-=0	A=1	C=0	
Position 12187:	T=0	G=0	-=0	A=1	C=0	
Position 12188:	T=0	G=1	-=0	A=0	C=0	
Position 12189:	T=1	G=0	-=0	A=0	C=0	
Position 12190:	T=0	G=0	-=0	A=1	C=0	
Position 12191:	T=0	G=0	-=0	A=0	C=1	
Position 12192:	T=0	G=0	-=0	A=1	C=0	
Position 12193:	T=0	G=0	-=0	A=1	C=0	
Position 12194:	T=1	G=0	-=0	A=0	C=0	
Position 12195:	T=0	G=0	-=0	A=9	C=0	
Position 12196:	T=0	G=7	-=0	A=1	C=0	
Position 12197:	T=0	G=0	-=0	A=8	C=0	
Position 12198:	T=0	G=0	-=0	A=0	C=8	
Position 12199:	T=0	G=5	-=0	A=1	C=0	
Position 12200:	T=0	G=0	-=0	A=0	C=4	
Position 12201:	T=0	G=0	-=0	A=4	C=0	
Position 12202:	T=0	G=0	-=0	A=0	C=2	
Position 12203:	T=0	G=0	-=0	A=1	C=0	
Position 12204:	T=0	G=0	-=0	A=1	C=0	
Position 12205:	T=0	G=1	-=0	A=0	C=0	
Position 12206:	T=0	G=0	-=0	A=1	C=0	
Position 12207:	T=0	G=0	-=0	A=1	C=0	
Position 12208:	T=0	G=7	-=0	A=2	C=0	
Position 12209:	T=8	G=0	-=0	A=0	C=0	
Position 12210:	T=0	G=0	-=0	A=6	C=0	
Position 12211:	T=0	G=6	-=0	A=0	C=0	
Position 12212:	T=0	G=0	-=0	A=6	C=0	
Position 12213:	T=0	G=5	-=0	A=0	C=0	
Position 12214:	T=0	G=0	-=0	A=5	C=0	
Position 12215:	T=0	G=0	-=0	A=0	C=5	
Position 12216:	T=0	G=5	-=0	A=0	C=0	
Position 12217:	T=0	G=5	-=0	A=0	C=0	
Position 12218:	T=5	G=0	-=0	A=0	C=0	
Position 12219:	T=0	G=4	-=0	A=0	C=0	
Position 12220:	T=4	G=0	-=0	A=0	C=0	
Position 12221:	T=0	G=4	-=0	A=0	C=0	
Position 12222:	T=0	G=0	-=0	A=4	C=0	
Position 12223:	T=0	G=0	-=0	A=3	C=0	
Position 12224:	T=0	G=0	-=0	A=0	C=3	
Position 12225:	T=3	G=0	-=0	A=0	C=0	
Position 12226:	T=0	G=0	-=0	A=2	C=0	
Position 12227:	T=2	G=0	-=0	A=0	C=0	
Position 12228:	T=0	G=0	-=0	A=0	C=1	
Position 12229:	T=0	G=0	-=0	A=0	C=1	
Position 12230:	T=1	G=0	-=0	A=0	C=0	
Position 12231:	T=0	G=1	-=0	A=0	C=0	
Position 12232:	T=0	G=0	-=0	A=0	C=1	
Position 12233:	T=0	G=0	-=0	A=0	C=1	
Position 12234:	T=0	G=0	-=0	A=1	C=0	
Position 12235:	T=0	G=1	-=0	A=0	C=0	
Position 12236:	T=0	G=0	-=0	A=0	C=1	
Position 12237:	T=1	G=0	-=0	A=0	C=0	
Position 12238:	T=0	G=0	-=0	A=1	C=0	
Position 12239:	T=1	G=0	-=0	A=0	C=0	
Position 12240:	T=1	G=0	-=0	A=0	C=0	
Position 12241:	T=0	G=0	-=0	A=1	C=0	
Position 12242:	T=1	G=0	-=0	A=0	C=0	
Position 12243:	T=0	G=0	-=0	A=0	C=1	
Position 12244:	T=1	G=0	-=0	A=0	C=0	
Position 12245:	T=1	G=0	-=0	A=0	C=0	
Position 12246:	T=0	G=1	-=0	A=0	C=0	
Position 12247:	T=0	G=0	-=0	A=1	C=0	
Position 12248:	T=1	G=0	-=0	A=0	C=0	
Position 12249:	T=1	G=0	-=0	A=0	C=0	
Position 12250:	T=0	G=0	-=0	A=0	C=1	
Position 12251:	T=1	G=0	-=0	A=0	C=0	
Position 12252:	T=0	G=1	-=0	A=0	C=0	
Position 12253:	T=0	G=0	-=0	A=1	C=0	
Position 12254:	T=1	G=0	-=0	A=0	C=0	
Position 12255:	A=0	N=0	C=1	-=0	G=0	T=0	
Position 12256:	T=0	G=1	-=0	A=0	C=0	
Position 12257:	T=0	G=0	-=0	A=0	C=1	
Position 12258:	T=0	G=0	-=0	A=1	C=0	
Position 12259:	T=0	G=0	-=0	A=0	C=1	
Position 12260:	T=1	G=0	-=0	A=0	C=0	
Position 12261:	T=0	G=0	-=0	A=0	C=1	
Position 12262:	T=0	G=0	-=0	A=0	C=1	
Position 12263:	T=0	G=0	-=0	A=0	C=1	
Position 12264:	T=0	G=0	-=0	A=1	C=0	
Position 12265:	T=1	G=0	-=0	A=0	C=0	
Position 12266:	T=0	G=0	-=0	A=0	C=1	
Position 12267:	T=0	G=0	-=0	A=1	C=0	
Position 12268:	T=0	G=0	-=0	A=0	C=16	
Position 12269:	T=16	G=0	-=0	A=0	C=0	
Position 12270:	T=0	G=0	-=0	A=15	C=0	
Position 12271:	T=0	G=0	-=0	A=0	C=15	
Position 12272:	T=0	G=14	-=0	A=0	C=0	
Position 12273:	T=0	G=14	-=0	A=0	C=0	
Position 12274:	T=0	G=0	-=0	A=14	C=0	
Position 12275:	T=14	G=0	-=0	A=0	C=0	
Position 12276:	T=0	G=0	-=0	A=0	C=13	
Position 12277:	T=0	G=0	-=0	A=0	C=13	
Position 12278:	T=13	G=0	-=0	A=0	C=0	
Position 12279:	T=0	G=0	-=0	A=0	C=13	
Position 12280:	T=13	G=0	-=0	A=0	C=0	
Position 12281:	T=0	G=0	-=0	A=12	C=0	
Position 12282:	T=12	G=0	-=0	A=0	C=0	
Position 12283:	T=0	G=0	-=0	A=12	C=0	
Position 12284:	T=11	G=0	-=0	A=0	C=0	
Position 12285:	T=0	G=10	-=0	A=0	C=0	
Position 12286:	T=0	G=0	-=0	A=10	C=0	
Position 12287:	T=9	G=0	-=0	A=0	C=0	
Position 12288:	T=0	G=9	-=0	A=0	C=0	
Position 12289:	T=0	G=9	-=0	A=0	C=0	
Position 12290:	T=0	G=0	-=0	A=9	C=0	
Position 12291:	T=8	G=0	-=0	A=0	C=0	
Position 12292:	T=0	G=8	-=0	A=0	C=0	
Position 12293:	T=0	G=0	-=0	A=8	C=0	
Position 12294:	T=0	G=7	-=0	A=0	C=0	
Position 12295:	T=0	G=0	-=0	A=7	C=0	
Position 12296:	T=7	G=0	-=0	A=0	C=0	
Position 12297:	T=0	G=0	-=0	A=0	C=7	
Position 12298:	T=0	G=0	-=0	A=6	C=0	
Position 12299:	T=0	G=0	-=0	A=6	C=0	
Position 12300:	T=5	G=0	-=0	A=0	C=0	
Position 12301:	T=0	G=0	-=0	A=5	C=0	
Position 12302:	T=0	G=0	-=0	A=5	C=0	
Position 12303:	T=5	G=0	-=0	A=0	C=0	
Position 12304:	T=0	G=0	-=0	A=0	C=5	
Position 12305:	T=0	G=0	-=0	A=0	C=5	
Position 12306:	T=0	G=0	-=0	A=0	C=5	
Position 12307:	T=5	G=0	-=0	A=0	C=0	
Position 12308:	T=0	G=0	-=0	A=0	C=5	
Position 12309:	T=0	G=0	-=0	A=5	C=0	
Position 12310:	T=0	G=0	-=0	A=0	C=5	
Position 12311:	T=5	G=0	-=0	A=0	C=0	
Position 12312:	T=0	G=0	-=0	A=4	C=0	
Position 12313:	T=0	G=0	-=0	A=3	C=0	
Position 12314:	T=0	G=0	-=0	A=0	C=3	
Position 12315:	T=3	G=0	-=0	A=0	C=0	
Position 12316:	T=0	G=3	-=0	A=0	C=0	
Position 12317:	T=3	G=0	-=0	A=0	C=0	
Position 12318:	T=0	G=0	-=0	A=2	C=0	
Position 12319:	T=0	G=0	-=0	A=2	C=0	
Position 12320:	T=0	G=0	-=0	A=2	C=0	
Position 12321:	T=0	G=0	-=0	A=2	C=0	
Position 12322:	T=0	G=0	-=0	A=2	C=0	
Position 12323:	T=0	G=0	-=0	A=0	C=2	
Position 12324:	T=0	G=0	-=0	A=0	C=2	
Position 12325:	T=0	G=0	-=0	A=2	C=0	
Position 12326:	T=2	G=0	-=0	A=0	C=0	
Position 12327:	T=0	G=2	-=0	A=0	C=0	
Position 12328:	T=0	G=2	-=0	A=0	C=0	
Position 12329:	T=0	G=2	-=0	A=0	C=0	
Position 12330:	T=0	G=0	-=0	A=0	C=2	
Position 12331:	T=0	G=0	-=0	A=0	C=2	
Position 12332:	T=0	G=0	-=0	A=2	C=0	
Position 12333:	T=0	G=0	-=0	A=0	C=2	
Position 12334:	T=0	G=0	-=0	A=0	C=2	
Position 12335:	T=0	G=0	-=0	A=2	C=0	
Position 12336:	T=0	G=6	-=0	A=2	C=0	
Position 12337:	T=2	G=0	-=0	A=0	C=0	
Position 12338:	T=0	G=2	-=0	A=0	C=0	
Position 12339:	T=0	G=0	-=0	A=2	C=0	
Position 12340:	T=2	G=0	-=0	A=0	C=0	
Position 12341:	T=0	G=0	-=0	A=1	C=0	
Position 12342:	T=1	G=0	-=0	A=0	C=0	
Position 12343:	T=4	G=0	-=0	A=0	C=0	
Position 12344:	T=0	G=4	-=0	A=0	C=0	
Position 12345:	T=0	G=0	-=0	A=4	C=0	
Position 12346:	T=0	G=0	-=0	A=3	C=0	
Position 12347:	T=0	G=2	-=0	A=0	C=0	
Position 12348:	T=2	G=0	-=0	A=0	C=0	
Position 12349:	T=2	G=0	-=0	A=0	C=0	
Position 12350:	T=0	G=0	-=0	A=1	C=0	
Position 12351:	T=0	G=0	-=0	A=0	C=1	
Position 12352:	T=0	G=3	-=0	A=2	C=0	
Position 12353:	T=0	G=0	-=0	A=1	C=0	
Position 12354:	T=0	G=0	-=0	A=1	C=0	
Position 12355:	T=1	G=0	-=0	A=0	C=0	
Position 12356:	T=0	G=0	-=0	A=1	C=0	
Position 12357:	T=1	G=0	-=0	A=0	C=0	
Position 12358:	T=0	G=0	-=0	A=1	C=0	
Position 12359:	T=0	G=0	-=0	A=0	C=1	
Position 12360:	T=0	G=0	-=0	A=1	C=0	
Position 12361:	T=0	G=2	-=0	A=0	C=0	
Position 12362:	T=0	G=0	-=0	A=2	C=0	
Position 12363:	T=2	G=0	-=0	A=0	C=0	
Position 12364:	T=2	G=0	-=0	A=0	C=0	
Position 12365:	T=0	G=0	-=0	A=2	C=0	
Position 12366:	T=2	G=0	-=0	A=0	C=0	
Position 12367:	T=2	G=0	-=0	A=0	C=0	
Position 12368:	T=0	G=0	-=0	A=1	C=0	
Position 12369:	T=0	G=0	-=0	A=1	C=0	
Position 12370:	T=0	G=1	-=0	A=0	C=0	
Position 12371:	T=0	G=0	-=0	A=1	C=0	
Position 12372:	T=1	G=0	-=0	A=0	C=0	
Position 12373:	T=1	G=0	-=0	A=0	C=0	
Position 12374:	T=1	G=0	-=0	A=0	C=0	
Position 12375:	T=0	G=0	-=0	A=2	C=0	
Position 12376:	T=0	G=0	-=0	A=2	C=0	
Position 12377:	T=0	G=0	-=0	A=2	C=0	
Position 12378:	T=0	G=0	-=0	A=0	C=1	
Position 12379:	T=1	G=0	-=0	A=0	C=0	
Position 12380:	T=1	G=0	-=0	A=0	C=0	
Position 12381:	T=1	G=0	-=0	A=0	C=0	
Position 12382:	T=0	G=13	-=0	A=1	C=0	
Position 12383:	T=0	G=0	-=0	A=1	C=0	
Position 12384:	T=0	G=0	-=0	A=0	C=1	
Position 12385:	T=1	G=0	-=0	A=0	C=0	
Position 12386:	T=0	G=0	-=0	A=0	C=1	
Position 12387:	T=0	G=0	-=0	A=0	C=9	
Position 12388:	T=8	G=0	-=0	A=0	C=0	
Position 12389:	T=0	G=0	-=0	A=7	C=0	
Position 12390:	T=7	G=0	-=0	A=0	C=0	
Position 12391:	T=0	G=0	-=0	A=6	C=0	
Position 12392:	T=6	G=0	-=0	A=0	C=0	
Position 12393:	T=0	G=6	-=0	A=0	C=0	
Position 12394:	T=0	G=0	-=0	A=6	C=0	
Position 12395:	T=6	G=0	-=0	A=0	C=0	
Position 12396:	T=6	G=0	-=0	A=0	C=0	
Position 12397:	T=0	G=0	-=0	A=0	C=6	
Position 12398:	T=0	G=0	-=0	A=0	C=6	
Position 12399:	T=0	G=6	-=0	A=0	C=0	
Position 12400:	T=0	G=0	-=0	A=6	C=0	
Position 12401:	T=0	G=0	-=0	A=0	C=6	
Position 12402:	T=0	G=0	-=0	A=5	C=0	
Position 12403:	T=0	G=0	-=0	A=0	C=5	
Position 12404:	T=0	G=0	-=0	A=5	C=0	
Position 12405:	T=0	G=0	-=0	A=4	C=0	
Position 12406:	T=0	G=15	-=0	A=2	C=0	
Position 12407:	T=0	G=0	-=0	A=3	C=0	
Position 12408:	T=0	G=0	-=0	A=2	C=0	
Position 12409:	A=0	N=0	C=2	-=0	G=0	T=0	
Position 12410:	T=2	G=0	-=0	A=0	C=0	
Position 12411:	T=0	G=0	-=0	A=2	C=0	
Position 12412:	T=0	G=0	-=0	A=2	C=0	
Position 12413:	T=0	G=0	-=0	A=1	C=0	
Position 12414:	T=0	G=1	-=0	A=0	C=0	
Position 12415:	T=0	G=0	-=0	A=0	C=1	
Position 12416:	T=0	G=0	-=0	A=0	C=7	
Position 12417:	T=7	G=0	-=0	A=0	C=0	
Position 12418:	T=0	G=6	-=0	A=1	C=0	
Position 12419:	T=0	G=6	-=0	A=0	C=0	
Position 12420:	T=0	G=0	-=0	A=6	C=0	
Position 12421:	T=0	G=6	-=0	A=0	C=0	
Position 12422:	T=0	G=0	-=0	A=6	C=0	
Position 12423:	T=0	G=0	-=0	A=6	C=0	
Position 12424:	T=6	G=0	-=0	A=0	C=0	
Position 12425:	T=5	G=0	-=0	A=0	C=0	
Position 12426:	T=0	G=5	-=0	A=0	C=0	
Position 12427:	T=0	G=0	-=0	A=0	C=5	
Position 12428:	T=0	G=4	-=0	A=1	C=0	
Position 12429:	T=0	G=4	-=0	A=0	C=0	
Position 12430:	T=4	G=0	-=0	A=0	C=0	
Position 12431:	T=4	G=0	-=0	A=0	C=0	
Position 12432:	T=0	G=0	-=0	A=4	C=0	
Position 12433:	T=3	G=0	-=0	A=0	C=0	
Position 12434:	T=3	G=0	-=0	A=0	C=0	
Position 12435:	T=0	G=0	-=0	A=3	C=0	
Position 12436:	T=0	G=3	-=0	A=0	C=0	
Position 12437:	T=0	G=0	-=0	A=3	C=0	
Position 12438:	T=0	G=0	-=0	A=2	C=0	
Position 12439:	T=0	G=2	-=0	A=0	C=0	
Position 12440:	T=2	G=0	-=0	A=0	C=0	
Position 12441:	T=0	G=1	-=0	A=0	C=0	
Position 12442:	T=0	G=1	-=0	A=0	C=0	
Position 12443:	T=0	G=0	-=0	A=1	C=0	
Position 12444:	T=0	G=0	-=0	A=0	C=1	
Position 12445:	T=0	G=0	-=0	A=1	C=0	
Position 12446:	T=0	G=0	-=0	A=1	C=0	
Position 12447:	T=1	G=0	-=0	A=0	C=0	
Position 12448:	T=0	G=0	-=0	A=0	C=1	
Position 12449:	T=0	G=1	-=0	A=0	C=0	
Position 12450:	T=0	G=0	-=0	A=1	C=0	
Position 12451:	T=0	G=1	-=0	A=0	C=0	
Position 12452:	T=1	G=0	-=0	A=0	C=0	
Position 12453:	T=0	G=0	-=0	A=1	C=0	
Position 12454:	T=0	G=1	-=0	A=0	C=0	
Position 12455:	T=1	G=0	-=0	A=0	C=0	
Position 12456:	T=0	G=1	-=0	A=0	C=0	
Position 12457:	T=0	G=0	-=0	A=0	C=1	
Position 12458:	T=1	G=0	-=0	A=0	C=0	
Position 12459:	T=0	G=1	-=0	A=0	C=0	
Position 12460:	T=0	G=0	-=0	A=0	C=1	
Position 12461:	T=0	G=0	-=0	A=0	C=1	
Position 12462:	T=0	G=0	-=0	A=0	C=1	
Position 12463:	T=0	G=1	-=0	A=0	C=0	
Position 12464:	T=1	G=0	-=0	A=0	C=0	
Position 12465:	T=0	G=0	-=0	A=1	C=0	
Position 12466:	T=0	G=1	-=0	A=0	C=0	
Position 12467:	T=0	G=0	-=0	A=1	C=0	
Position 12468:	T=0	G=0	-=0	A=1	C=0	
Position 12469:	T=0	G=0	-=0	A=1	C=0	
Position 12470:	T=1	G=0	-=0	A=0	C=0	
Position 12471:	T=0	G=0	-=0	A=7	C=0	
Position 12472:	T=0	G=0	-=0	A=7	C=0	
Position 12473:	T=0	G=0	-=0	A=0	C=7	
Position 12474:	T=0	G=7	-=0	A=0	C=0	
Position 12475:	T=0	G=0	-=0	A=7	C=0	
Position 12476:	T=7	G=0	-=0	A=0	C=0	
Position 12477:	T=0	G=0	-=0	A=0	C=7	
Position 12478:	T=0	G=0	-=0	A=0	C=5	
Position 12479:	T=0	G=5	-=0	A=0	C=0	
Position 12480:	T=5	G=0	-=0	A=0	C=0	
Position 12481:	T=0	G=0	-=0	A=5	C=0	
Position 12482:	T=5	G=0	-=0	A=0	C=0	
Position 12483:	T=0	G=0	-=0	A=3	C=0	
Position 12484:	T=0	G=0	-=0	A=0	C=3	
Position 12485:	T=3	G=0	-=0	A=0	C=0	
Position 12486:	T=0	G=3	-=0	A=0	C=0	
Position 12487:	T=0	G=0	-=0	A=3	C=0	
Position 12488:	T=2	G=0	-=0	A=0	C=0	
Position 12489:	T=1	G=0	-=0	A=0	C=2	
Position 12490:	T=2	G=0	-=0	A=0	C=0	
Position 12491:	T=0	G=0	-=0	A=0	C=2	
Position 12492:	T=0	G=2	-=0	A=0	C=0	
Position 12493:	T=2	G=0	-=0	A=0	C=0	
Position 12494:	T=0	G=0	-=0	A=0	C=2	
Position 12495:	T=0	G=0	-=0	A=2	C=0	
Position 12496:	T=0	G=1	-=0	A=0	C=0	
Position 12497:	T=0	G=0	-=0	A=1	C=0	
Position 12498:	T=0	G=0	-=0	A=1	C=0	
Position 12499:	T=0	G=1	-=0	A=0	C=0	
Position 12500:	T=0	G=0	-=0	A=1	C=0	
Position 12501:	T=1	G=0	-=0	A=0	C=0	
Position 12502:	T=0	G=1	-=0	A=0	C=0	
Position 12503:	T=1	G=0	-=0	A=0	C=0	
Position 12504:	T=0	G=0	-=0	A=0	C=1	
Position 12505:	T=1	G=0	-=0	A=0	C=0	
Position 12506:	T=1	G=0	-=0	A=0	C=0	
Position 12507:	T=0	G=1	-=0	A=0	C=0	
Position 12508:	T=0	G=0	-=0	A=0	C=1	
Position 12509:	T=0	G=0	-=0	A=1	C=0	
Position 12510:	T=1	G=0	-=0	A=0	C=0	
Position 12511:	T=6	G=0	-=0	A=0	C=0	
Position 12512:	T=0	G=0	-=0	A=0	C=5	
Position 12513:	T=0	G=0	-=0	A=5	C=0	
Position 12514:	T=4	G=0	-=0	A=0	C=0	
Position 12515:	T=0	G=4	-=0	A=0	C=0	
Position 12516:	T=0	G=0	-=0	A=3	C=0	
Position 12517:	T=0	G=2	-=0	A=1	C=0	
Position 12518:	T=0	G=0	-=0	A=0	C=3	
Position 12519:	T=3	G=0	-=0	A=0	C=0	
Position 12520:	A=2	N=0	C=0	-=0	G=11	T=0	
Position 12521:	T=2	G=0	-=0	A=0	C=0	
Position 12522:	T=0	G=0	-=0	A=2	C=0	
Position 12523:	T=0	G=0	-=0	A=0	C=2	
Position 12524:	T=0	G=0	-=0	A=0	C=1	
Position 12525:	T=0	G=0	-=0	A=1	C=0	
Position 12526:	T=1	G=0	-=0	A=0	C=0	
Position 12527:	T=0	G=0	-=0	A=0	C=1	
Position 12528:	T=0	G=0	-=0	A=0	C=1	
Position 12529:	T=0	G=0	-=0	A=0	C=1	
Position 12530:	T=1	G=0	-=0	A=0	C=0	
Position 12531:	T=0	G=0	-=0	A=1	C=0	
Position 12532:	T=0	G=1	-=0	A=0	C=0	
Position 12533:	T=0	G=1	-=0	A=0	C=0	
Position 12534:	T=0	G=1	-=0	A=0	C=0	
Position 12535:	T=0	G=0	-=0	A=0	C=1	
Position 12536:	T=1	G=0	-=0	A=0	C=0	
Position 12537:	T=0	G=0	-=0	A=1	C=0	
Position 12538:	T=0	G=0	-=0	A=1	C=0	
Position 12539:	T=0	G=0	-=0	A=1	C=0	
Position 12540:	T=0	G=0	-=0	A=1	C=0	
Position 12541:	T=0	G=0	-=0	A=1	C=0	
Position 12542:	T=0	G=0	-=0	A=0	C=1	
Position 12543:	T=1	G=0	-=0	A=0	C=0	
Position 12544:	T=0	G=1	-=0	A=0	C=0	
Position 12545:	T=0	G=0	-=0	A=1	C=0	
Position 12546:	T=1	G=0	-=0	A=0	C=0	
Position 12547:	T=0	G=11	-=0	A=1	C=0	
Position 12548:	T=0	G=0	-=0	A=0	C=1	
Position 12549:	T=0	G=0	-=0	A=1	C=0	
Position 12550:	T=0	G=0	-=0	A=1	C=0	
Position 12551:	T=1	G=0	-=0	A=0	C=0	
Position 12552:	T=0	G=0	-=0	A=0	C=10	
Position 12553:	T=0	G=0	-=0	A=0	C=10	
Position 12554:	T=0	G=0	-=0	A=0	C=10	
Position 12555:	T=0	G=0	-=0	A=10	C=0	
Position 12556:	T=0	G=9	-=0	A=1	C=0	
Position 12557:	T=0	G=10	-=0	A=0	C=0	
Position 12558:	T=0	G=0	-=0	A=10	C=0	
Position 12559:	T=0	G=0	-=0	A=0	C=9	
Position 12560:	T=0	G=7	-=0	A=1	C=0	
Position 12561:	A=0	N=0	C=0	-=0	G=8	T=0	
Position 12562:	T=0	G=0	-=0	A=0	C=8	
Position 12563:	T=7	G=0	-=0	A=0	C=0	
Position 12564:	T=0	G=0	-=0	A=7	C=0	
Position 12565:	T=0	G=0	-=0	A=6	C=0	
Position 12566:	T=0	G=0	-=0	A=6	C=0	
Position 12567:	T=0	G=0	-=0	A=0	C=6	
Position 12568:	T=0	G=0	-=0	A=0	C=6	
Position 12569:	T=0	G=0	-=0	A=6	C=0	
Position 12570:	T=0	G=4	-=0	A=1	C=0	
Position 12571:	T=0	G=0	-=0	A=5	C=0	
Position 12572:	T=0	G=0	-=0	A=0	C=4	
Position 12573:	T=0	G=0	-=0	A=3	C=0	
Position 12574:	T=0	G=0	-=0	A=3	C=0	
Position 12575:	T=0	G=0	-=0	A=0	C=3	
Position 12576:	T=2	G=0	-=0	A=0	C=0	
Position 12577:	T=0	G=0	-=0	A=0	C=2	
Position 12578:	T=2	G=0	-=0	A=0	C=0	
Position 12579:	T=0	G=0	-=0	A=0	C=2	
Position 12580:	T=0	G=0	-=0	A=2	C=0	
Position 12581:	T=2	G=0	-=0	A=0	C=0	
Position 12582:	T=0	G=0	-=0	A=2	C=0	
Position 12583:	T=0	G=1	-=0	A=0	C=0	
Position 12584:	T=0	G=0	-=0	A=0	C=1	
Position 12585:	T=0	G=0	-=0	A=0	C=1	
Position 12586:	T=0	G=0	-=0	A=1	C=0	
Position 12587:	T=1	G=0	-=0	A=0	C=0	
Position 12588:	T=0	G=1	-=0	A=0	C=0	
Position 12589:	T=0	G=0	-=0	A=0	C=1	
Position 12590:	T=0	G=1	-=0	A=0	C=0	
Position 12591:	T=0	G=0	-=0	A=1	C=0	
Position 12592:	T=0	G=0	-=0	A=0	C=1	
Position 12593:	T=0	G=0	-=0	A=0	C=1	
Position 12594:	T=0	G=0	-=0	A=1	C=0	
Position 12595:	T=0	G=14	-=0	A=0	C=0	
Position 12596:	T=0	G=11	-=0	A=1	C=0	
Position 12597:	T=0	G=12	-=0	A=0	C=0	
Position 12598:	T=0	G=0	-=0	A=0	C=11	
Position 12599:	T=11	G=0	-=0	A=0	C=0	
Position 12600:	T=0	G=0	-=0	A=10	C=0	
Position 12601:	T=10	G=0	-=0	A=0	C=0	
Position 12602:	T=0	G=0	-=0	A=9	C=0	
Position 12603:	T=7	G=0	-=0	A=0	C=0	
Position 12604:	T=7	G=0	-=0	A=0	C=0	
Position 12605:	T=0	G=0	-=0	A=5	C=0	
Position 12606:	T=5	G=0	-=0	A=0	C=0	
Position 12607:	T=0	G=5	-=0	A=0	C=0	
Position 12608:	T=0	G=5	-=0	A=0	C=0	
Position 12609:	T=0	G=0	-=0	A=0	C=4	
Position 12610:	T=0	G=0	-=0	A=0	C=4	
Position 12611:	T=0	G=0	-=0	A=4	C=0	
Position 12612:	T=0	G=0	-=0	A=4	C=0	
Position 12613:	T=4	G=0	-=0	A=0	C=0	
Position 12614:	T=0	G=4	-=0	A=0	C=0	
Position 12615:	T=0	G=0	-=0	A=0	C=4	
Position 12616:	T=4	G=0	-=0	A=0	C=0	
Position 12617:	T=0	G=0	-=0	A=0	C=4	
Position 12618:	T=0	G=0	-=0	A=4	C=0	
Position 12619:	T=0	G=3	-=0	A=0	C=0	
Position 12620:	T=0	G=0	-=0	A=3	C=0	
Position 12621:	T=0	G=0	-=0	A=3	C=0	
Position 12622:	T=0	G=0	-=0	A=3	C=0	
Position 12623:	T=3	G=0	-=0	A=0	C=0	
Position 12624:	T=3	G=0	-=0	A=0	C=0	
Position 12625:	T=2	G=0	-=0	A=0	C=0	
Position 12626:	T=0	G=2	-=0	A=0	C=0	
Position 12627:	T=2	G=0	-=0	A=0	C=0	
Position 12628:	T=0	G=2	-=0	A=0	C=0	
Position 12629:	T=0	G=2	-=0	A=0	C=0	
Position 12630:	T=0	G=0	-=0	A=0	C=2	
Position 12631:	T=2	G=0	-=0	A=0	C=0	
Position 12632:	T=0	G=0	-=0	A=0	C=2	
Position 12633:	T=0	G=0	-=0	A=0	C=2	
Position 12634:	T=0	G=0	-=0	A=1	C=0	
Position 12635:	T=0	G=0	-=0	A=1	C=0	
Position 12636:	T=1	G=0	-=0	A=0	C=0	
Position 12637:	T=0	G=0	-=0	A=0	C=1	
Position 12638:	T=0	G=0	-=0	A=1	C=0	
Position 12639:	T=0	G=0	-=0	A=0	C=1	
Position 12640:	T=0	G=0	-=0	A=1	C=0	
Position 12641:	A=0	N=0	C=0	-=0	G=1	T=0	
Position 12642:	T=1	G=0	-=0	A=0	C=0	
Position 12643:	T=1	G=0	-=0	A=0	C=0	
Position 12644:	T=1	G=0	-=0	A=0	C=0	
Position 12645:	T=3	G=0	-=0	A=0	C=0	
Position 12646:	T=0	G=0	-=0	A=3	C=0	
Position 12647:	T=3	G=0	-=0	A=0	C=0	
Position 12648:	T=0	G=0	-=0	A=2	C=0	
Position 12649:	T=0	G=0	-=0	A=0	C=2	
Position 12650:	T=0	G=0	-=0	A=0	C=2	
Position 12651:	T=12	G=0	-=0	A=0	C=0	
Position 12652:	T=0	G=0	-=0	A=12	C=0	
Position 12653:	T=12	G=0	-=0	A=0	C=0	
Position 12654:	T=11	G=0	-=0	A=0	C=0	
Position 12655:	T=0	G=10	-=0	A=0	C=0	
Position 12656:	T=10	G=0	-=0	A=0	C=0	
Position 12657:	T=0	G=0	-=0	A=0	C=10	
Position 12658:	T=0	G=0	-=0	A=0	C=9	
Position 12659:	T=8	G=0	-=0	A=0	C=0	
Position 12660:	T=0	G=0	-=0	A=0	C=8	
Position 12661:	T=0	G=7	-=0	A=1	C=0	
Position 12662:	T=0	G=0	-=0	A=8	C=0	
Position 12663:	T=0	G=6	-=0	A=2	C=0	
Position 12664:	T=0	G=0	-=0	A=0	C=7	
Position 12665:	T=7	G=0	-=0	A=0	C=0	
Position 12666:	T=0	G=0	-=0	A=6	C=0	
Position 12667:	A=2	N=0	C=0	-=0	G=4	T=0	
Position 12668:	T=4	G=0	-=0	A=0	C=0	
Position 12669:	T=0	G=0	-=0	A=0	C=4	
Position 12670:	T=0	G=0	-=0	A=0	C=4	
Position 12671:	T=0	G=0	-=0	A=0	C=3	
Position 12672:	T=0	G=0	-=0	A=3	C=0	
Position 12673:	T=0	G=0	-=0	A=0	C=2	
Position 12674:	T=2	G=0	-=0	A=0	C=0	
Position 12675:	T=0	G=0	-=0	A=2	C=0	
Position 12676:	T=2	G=0	-=0	A=0	C=0	
Position 12677:	T=0	G=0	-=0	A=0	C=2	
Position 12678:	T=0	G=0	-=0	A=0	C=2	
Position 12679:	T=2	G=0	-=0	A=0	C=0	
Position 12680:	T=0	G=0	-=0	A=2	C=0	
Position 12681:	T=1	G=0	-=0	A=0	C=0	
Position 12682:	T=1	G=0	-=0	A=0	C=0	
Position 12683:	T=7	G=0	-=0	A=0	C=0	
Position 12684:	T=7	G=0	-=0	A=0	C=0	
Position 12685:	T=0	G=7	-=0	A=0	C=0	
Position 12686:	T=0	G=0	-=0	A=7	C=0	
Position 12687:	T=0	G=0	-=0	A=7	C=0	
Position 12688:	T=0	G=6	-=0	A=0	C=0	
Position 12689:	T=0	G=0	-=0	A=6	C=0	
Position 12690:	T=0	G=0	-=0	A=6	C=0	
Position 12691:	T=6	G=0	-=0	A=0	C=0	
Position 12692:	T=0	G=5	-=0	A=1	C=0	
Position 12693:	T=0	G=0	-=0	A=6	C=0	
Position 12694:	T=6	G=0	-=0	A=0	C=0	
Position 12695:	T=0	G=0	-=0	A=0	C=5	
Position 12696:	T=0	G=0	-=0	A=0	C=5	
Position 12697:	T=0	G=4	-=0	A=0	C=0	
Position 12698:	T=0	G=0	-=0	A=0	C=4	
Position 12699:	T=4	G=0	-=0	A=0	C=0	
Position 12700:	T=4	G=0	-=0	A=0	C=0	
Position 12701:	T=0	G=0	-=0	A=0	C=3	
Position 12702:	T=0	G=0	-=0	A=3	C=0	
Position 12703:	T=0	G=0	-=0	A=3	C=0	
Position 12704:	T=3	G=0	-=0	A=0	C=0	
Position 12705:	T=0	G=0	-=0	A=2	C=0	
Position 12706:	T=0	G=0	-=0	A=0	C=2	
Position 12707:	T=2	G=0	-=0	A=0	C=0	
Position 12708:	T=0	G=0	-=0	A=2	C=0	
Position 12709:	T=2	G=0	-=0	A=0	C=0	
Position 12710:	T=0	G=0	-=0	A=2	C=0	
Position 12711:	T=0	G=2	-=0	A=0	C=0	
Position 12712:	T=0	G=0	-=0	A=2	C=0	
Position 12713:	T=0	G=0	-=0	A=2	C=0	
Position 12714:	T=2	G=0	-=0	A=0	C=0	
Position 12715:	T=0	G=0	-=0	A=0	C=2	
Position 12716:	T=0	G=0	-=0	A=2	C=0	
Position 12717:	T=2	G=0	-=0	A=0	C=0	
Position 12718:	T=2	G=0	-=0	A=0	C=0	
Position 12719:	T=0	G=2	-=0	A=0	C=0	
Position 12720:	T=0	G=0	-=0	A=2	C=0	
Position 12721:	T=0	G=2	-=0	A=0	C=0	
Position 12722:	T=0	G=0	-=0	A=2	C=0	
Position 12723:	T=0	G=0	-=0	A=2	C=0	
Position 12724:	T=0	G=2	-=0	A=0	C=0	
Position 12725:	T=0	G=0	-=0	A=0	C=2	
Position 12726:	T=2	G=0	-=0	A=0	C=0	
Position 12727:	T=0	G=0	-=0	A=2	C=0	
Position 12728:	T=0	G=0	-=0	A=2	C=0	
Position 12729:	T=0	G=0	-=0	A=0	C=1	
Position 12730:	T=0	G=0	-=0	A=1	C=0	
Position 12731:	T=1	G=0	-=0	A=0	C=0	
Position 12732:	T=0	G=0	-=0	A=1	C=0	
Position 12733:	T=0	G=1	-=0	A=0	C=0	
Position 12734:	T=0	G=0	-=0	A=0	C=1	
Position 12735:	T=0	G=1	-=0	A=0	C=0	
Position 12736:	T=1	G=0	-=0	A=0	C=0	
Position 12737:	T=1	G=0	-=0	A=0	C=0	
Position 12738:	T=0	G=0	-=0	A=1	C=0	
Position 12739:	T=0	G=0	-=0	A=1	C=0	
Position 12740:	T=0	G=0	-=0	A=0	C=1	
Position 12741:	T=0	G=0	-=0	A=0	C=1	
Position 12742:	T=1	G=0	-=0	A=0	C=0	
Position 12743:	T=1	G=0	-=0	A=0	C=0	
Position 12744:	T=1	G=0	-=0	A=0	C=0	
Position 12745:	T=1	G=0	-=0	A=0	C=0	
Position 12746:	T=0	G=0	-=0	A=1	C=0	
Position 12747:	T=0	G=0	-=0	A=8	C=0	
Position 12748:	T=0	G=7	-=0	A=0	C=0	
Position 12749:	T=7	G=0	-=0	A=0	C=0	
Position 12750:	T=7	G=0	-=0	A=0	C=0	
Position 12751:	T=0	G=0	-=0	A=7	C=0	
Position 12752:	T=0	G=0	-=0	A=7	C=0	
Position 12753:	T=0	G=0	-=0	A=7	C=0	
Position 12754:	T=0	G=7	-=0	A=0	C=0	
Position 12755:	T=0	G=0	-=0	A=7	C=0	
Position 12756:	T=0	G=0	-=0	A=0	C=7	
Position 12757:	T=7	G=0	-=0	A=0	C=0	
Position 12758:	T=0	G=4	-=0	A=0	C=0	
Position 12759:	T=0	G=0	-=0	A=4	C=0	
Position 12760:	A=2	N=0	C=0	-=0	G=29	T=0	
Position 12761:	T=0	G=0	-=0	A=1	C=0	
Position 12762:	T=0	G=0	-=0	A=1	C=0	
Position 12763:	T=1	G=0	-=0	A=0	C=0	
Position 12764:	T=0	G=2	-=0	A=1	C=0	
Position 12765:	T=0	G=0	-=0	A=0	C=1	
Position 12766:	T=0	G=0	-=0	A=1	C=0	
Position 12767:	A=1	N=0	C=0	-=0	G=27	T=0	
Position 12768:	T=0	G=0	-=0	A=1	C=0	
Position 12769:	T=0	G=0	-=0	A=0	C=1	
Position 12770:	T=1	G=0	-=0	A=0	C=0	
Position 12771:	T=26	G=0	-=0	A=0	C=0	
Position 12772:	T=0	G=0	-=0	A=0	C=26	
Position 12773:	T=26	G=0	-=0	A=0	C=0	
Position 12774:	T=0	G=0	-=0	A=0	C=26	
Position 12775:	T=0	G=0	-=0	A=0	C=26	
Position 12776:	T=26	G=0	-=0	A=0	C=0	
Position 12777:	T=26	G=0	-=0	A=0	C=0	
Position 12778:	T=0	G=0	-=0	A=26	C=0	
Position 12779:	T=0	G=0	-=0	A=26	C=0	
Position 12780:	T=26	G=0	-=0	A=0	C=0	
Position 12781:	T=0	G=26	-=0	A=0	C=0	
Position 12782:	T=0	G=0	-=0	A=26	C=0	
Position 12783:	T=0	G=0	-=0	A=25	C=0	
Position 12784:	T=0	G=23	-=0	A=2	C=0	
Position 12785:	T=0	G=0	-=0	A=24	C=0	
Position 12786:	T=24	G=0	-=0	A=0	C=0	
Position 12787:	T=0	G=19	-=0	A=4	C=0	
Position 12788:	T=0	G=0	-=0	A=0	C=21	
Position 12789:	T=0	G=0	-=0	A=0	C=17	
Position 12790:	T=0	G=0	-=0	A=15	C=0	
Position 12791:	T=0	G=0	-=0	A=0	C=15	
Position 12792:	T=0	G=0	-=0	A=15	C=0	
Position 12793:	T=0	G=0	-=0	A=15	C=0	
Position 12794:	T=0	G=0	-=0	A=0	C=14	
Position 12795:	T=14	G=0	-=0	A=0	C=0	
Position 12796:	T=0	G=0	-=0	A=12	C=0	
Position 12797:	T=0	G=11	-=0	A=1	C=0	
Position 12798:	T=0	G=0	-=0	A=11	C=0	
Position 12799:	T=10	G=0	-=0	A=0	C=0	
Position 12800:	T=0	G=0	-=0	A=9	C=0	
Position 12801:	T=0	G=0	-=0	A=0	C=8	
Position 12802:	T=0	G=0	-=0	A=8	C=0	
Position 12803:	T=8	G=0	-=0	A=0	C=0	
Position 12804:	T=0	G=0	-=0	A=0	C=7	
Position 12805:	T=0	G=0	-=0	A=7	C=0	
Position 12806:	T=0	G=0	-=0	A=7	C=0	
Position 12807:	T=0	G=0	-=0	A=0	C=7	
Position 12808:	T=0	G=0	-=0	A=5	C=0	
Position 12809:	T=5	G=0	-=0	A=0	C=0	
Position 12810:	T=0	G=4	-=0	A=0	C=0	
Position 12811:	T=0	G=0	-=0	A=4	C=0	
Position 12812:	T=4	G=0	-=0	A=0	C=0	
Position 12813:	T=0	G=0	-=0	A=0	C=3	
Position 12814:	T=3	G=0	-=0	A=0	C=0	
Position 12815:	T=0	G=0	-=0	A=3	C=0	
Position 12816:	T=3	G=0	-=0	A=0	C=0	
Position 12817:	T=2	G=0	-=0	A=0	C=0	
Position 12818:	T=0	G=0	-=0	A=1	C=0	
Position 12819:	T=0	G=0	-=0	A=0	C=1	
Position 12820:	T=0	G=0	-=0	A=1	C=0	
Position 12821:	T=0	G=0	-=0	A=1	C=0	
Position 12822:	T=1	G=0	-=0	A=0	C=0	
Position 12823:	T=9	G=0	-=0	A=0	C=0	
Position 12824:	T=0	G=0	-=0	A=0	C=9	
Position 12825:	T=9	G=0	-=0	A=0	C=0	
Position 12826:	T=0	G=0	-=0	A=9	C=0	
Position 12827:	T=8	G=0	-=0	A=0	C=0	
Position 12828:	T=0	G=0	-=0	A=0	C=8	
Position 12829:	T=0	G=0	-=0	A=0	C=7	
Position 12830:	T=0	G=0	-=0	A=7	C=0	
Position 12831:	T=7	G=0	-=0	A=0	C=0	
Position 12832:	T=0	G=0	-=0	A=7	C=0	
Position 12833:	T=0	G=5	-=0	A=1	C=0	
Position 12834:	T=6	G=0	-=0	A=0	C=0	
Position 12835:	T=6	G=0	-=0	A=0	C=0	
Position 12836:	T=0	G=0	-=0	A=0	C=5	
Position 12837:	T=5	G=0	-=0	A=0	C=0	
Position 12838:	T=0	G=0	-=0	A=5	C=0	
Position 12839:	T=0	G=0	-=0	A=4	C=0	
Position 12840:	T=0	G=0	-=0	A=0	C=4	
Position 12841:	T=0	G=0	-=0	A=4	C=0	
Position 12842:	T=0	G=0	-=0	A=0	C=4	
Position 12843:	T=4	G=0	-=0	A=0	C=0	
Position 12844:	T=0	G=0	-=0	A=3	C=0	
Position 12845:	T=3	G=0	-=0	A=0	C=0	
Position 12846:	T=3	G=0	-=0	A=0	C=0	
Position 12847:	T=3	G=0	-=0	A=0	C=0	
Position 12848:	T=0	G=0	-=0	A=3	C=0	
Position 12849:	T=2	G=0	-=0	A=0	C=0	
Position 12850:	T=0	G=0	-=0	A=0	C=2	
Position 12851:	A=1	N=0	C=0	-=0	G=22	T=0	
Position 12852:	T=0	G=0	-=0	A=0	C=2	
Position 12853:	T=0	G=0	-=0	A=0	C=2	
Position 12854:	T=0	G=0	-=0	A=0	C=2	
Position 12855:	T=1	G=0	-=0	A=0	C=0	
Position 12856:	T=1	G=0	-=0	A=0	C=0	
Position 12857:	T=0	G=0	-=0	A=0	C=1	
Position 12858:	T=0	G=0	-=0	A=1	C=0	
Position 12859:	T=0	G=0	-=0	A=1	C=0	
Position 12860:	T=1	G=0	-=0	A=0	C=0	
Position 12861:	T=1	G=0	-=0	A=0	C=0	
Position 12862:	T=0	G=0	-=0	A=1	C=0	
Position 12863:	T=0	G=0	-=0	A=1	C=0	
Position 12864:	T=0	G=0	-=0	A=1	C=0	
Position 12865:	T=0	G=0	-=0	A=1	C=0	
Position 12866:	T=0	G=1	-=0	A=0	C=0	
Position 12867:	T=1	G=0	-=0	A=0	C=0	
Position 12868:	T=0	G=0	-=0	A=0	C=1	
Position 12869:	T=1	G=0	-=0	A=0	C=0	
Position 12870:	T=0	G=0	-=0	A=0	C=1	
Position 12871:	T=0	G=0	-=0	A=1	C=0	
Position 12872:	T=0	G=0	-=0	A=1	C=0	
Position 12873:	T=0	G=0	-=0	A=1	C=0	
Position 12874:	T=0	G=0	-=0	A=1	C=0	
Position 12875:	T=1	G=0	-=0	A=0	C=0	
Position 12876:	T=0	G=0	-=0	A=1	C=0	
Position 12877:	T=0	G=0	-=0	A=0	C=1	
Position 12878:	T=0	G=0	-=0	A=1	C=0	
Position 12879:	T=0	G=0	-=0	A=1	C=0	
Position 12880:	T=0	G=0	-=0	A=1	C=0	
Position 12881:	T=1	G=0	-=0	A=0	C=0	
Position 12882:	T=0	G=0	-=0	A=1	C=0	
Position 12883:	T=0	G=0	-=0	A=0	C=1	
Position 12884:	T=0	G=0	-=0	A=0	C=1	
Position 12885:	T=0	G=0	-=0	A=0	C=1	
Position 12886:	T=1	G=0	-=0	A=0	C=0	
Position 12887:	T=0	G=1	-=0	A=0	C=0	
Position 12888:	T=0	G=0	-=0	A=1	C=0	
Position 12889:	T=0	G=1	-=0	A=0	C=0	
Position 12890:	T=0	G=0	-=0	A=1	C=0	
Position 12891:	T=1	G=0	-=0	A=0	C=0	
Position 12892:	T=0	G=0	-=0	A=0	C=1	
Position 12893:	T=0	G=0	-=0	A=0	C=7	
Position 12894:	T=0	G=0	-=0	A=0	C=7	
Position 12895:	T=0	G=1	-=0	A=0	C=6	
Position 12896:	T=0	G=7	-=0	A=0	C=0	
Position 12897:	T=0	G=0	-=0	A=7	C=0	
Position 12898:	T=0	G=7	-=0	A=0	C=0	
Position 12899:	T=0	G=0	-=0	A=0	C=7	
Position 12900:	T=0	G=0	-=0	A=0	C=7	
Position 12901:	T=0	G=0	-=0	A=7	C=0	
Position 12902:	T=0	G=0	-=0	A=6	C=0	
Position 12903:	T=0	G=0	-=0	A=5	C=0	
Position 12904:	T=0	G=0	-=0	A=5	C=0	
Position 12905:	T=5	G=0	-=0	A=0	C=0	
Position 12906:	T=0	G=0	-=0	A=0	C=5	
Position 12907:	T=5	G=0	-=0	A=0	C=0	
Position 12908:	T=0	G=0	-=0	A=0	C=5	
Position 12909:	T=5	G=0	-=0	A=0	C=0	
Position 12910:	T=0	G=0	-=0	A=0	C=5	
Position 12911:	T=5	G=0	-=0	A=0	C=0	
Position 12912:	T=0	G=0	-=0	A=0	C=5	
Position 12913:	T=0	G=0	-=0	A=5	C=0	
Position 12914:	T=5	G=0	-=0	A=0	C=0	
Position 12915:	T=0	G=0	-=0	A=0	C=5	
Position 12916:	T=0	G=0	-=0	A=5	C=0	
Position 12917:	T=5	G=0	-=0	A=0	C=0	
Position 12918:	T=0	G=0	-=0	A=0	C=3	
Position 12919:	T=0	G=0	-=0	A=3	C=0	
Position 12920:	T=0	G=0	-=0	A=2	C=0	
Position 12921:	T=0	G=0	-=0	A=2	C=0	
Position 12922:	T=0	G=0	-=0	A=2	C=0	
Position 12923:	T=0	G=0	-=0	A=2	C=0	
Position 12924:	T=0	G=0	-=0	A=2	C=0	
Position 12925:	T=0	G=1	-=0	A=0	C=0	
Position 12926:	T=0	G=0	-=0	A=0	C=1	
Position 12927:	T=1	G=0	-=0	A=0	C=0	
Position 12928:	T=1	G=0	-=0	A=0	C=0	
Position 12929:	T=0	G=1	-=0	A=0	C=0	
Position 12930:	T=1	G=0	-=0	A=0	C=0	
Position 12931:	T=0	G=0	-=0	A=15	C=0	
Position 12932:	T=0	G=0	-=0	A=0	C=14	
Position 12933:	T=0	G=0	-=0	A=0	C=14	
Position 12934:	T=12	G=0	-=0	A=0	C=0	
Position 12935:	T=12	G=0	-=0	A=0	C=0	
Position 12936:	T=0	G=12	-=0	A=0	C=0	
Position 12937:	T=0	G=0	-=0	A=10	C=0	
Position 12938:	T=0	G=10	-=0	A=0	C=0	
Position 12939:	T=0	G=0	-=0	A=10	C=0	
Position 12940:	T=0	G=0	-=0	A=10	C=0	
Position 12941:	T=0	G=8	-=0	A=0	C=0	
Position 12942:	T=0	G=0	-=0	A=8	C=0	
Position 12943:	T=0	G=0	-=0	A=8	C=0	
Position 12944:	T=0	G=0	-=0	A=8	C=0	
Position 12945:	T=0	G=0	-=0	A=8	C=0	
Position 12946:	T=0	G=0	-=0	A=7	C=0	
Position 12947:	T=7	G=0	-=0	A=0	C=0	
Position 12948:	T=0	G=7	-=0	A=0	C=0	
Position 12949:	T=0	G=0	-=0	A=7	C=0	
Position 12950:	T=0	G=0	-=0	A=7	C=0	
Position 12951:	T=0	G=0	-=0	A=0	C=7	
Position 12952:	T=0	G=7	-=0	A=0	C=0	
Position 12953:	T=0	G=0	-=0	A=7	C=0	
Position 12954:	T=0	G=0	-=0	A=6	C=0	
Position 12955:	T=0	G=0	-=0	A=6	C=0	
Position 12956:	T=0	G=0	-=0	A=5	C=0	
Position 12957:	T=5	G=0	-=0	A=0	C=0	
Position 12958:	T=5	G=0	-=0	A=0	C=0	
Position 12959:	T=5	G=0	-=0	A=0	C=0	
Position 12960:	T=0	G=0	-=0	A=5	C=0	
Position 12961:	T=5	G=0	-=0	A=0	C=0	
Position 12962:	T=4	G=0	-=0	A=0	C=0	
Position 12963:	T=3	G=0	-=0	A=0	C=0	
Position 12964:	T=0	G=0	-=0	A=3	C=0	
Position 12965:	T=0	G=0	-=0	A=0	C=3	
Position 12966:	T=0	G=0	-=0	A=0	C=3	
Position 12967:	T=3	G=0	-=0	A=0	C=0	
Position 12968:	T=0	G=0	-=0	A=0	C=3	
Position 12969:	T=3	G=0	-=0	A=0	C=0	
Position 12970:	T=3	G=0	-=0	A=0	C=0	
Position 12971:	T=3	G=0	-=0	A=0	C=0	
Position 12972:	T=2	G=0	-=0	A=0	C=0	
Position 12973:	T=0	G=0	-=0	A=2	C=0	
Position 12974:	T=2	G=0	-=0	A=0	C=0	
Position 12975:	T=0	G=0	-=0	A=0	C=2	
Position 12976:	T=0	G=0	-=0	A=2	C=0	
Position 12977:	T=0	G=0	-=0	A=0	C=2	
Position 12978:	T=0	G=0	-=0	A=0	C=1	
Position 12979:	T=0	G=0	-=0	A=0	C=1	
Position 12980:	T=0	G=0	-=0	A=0	C=1	
Position 12981:	T=0	G=0	-=0	A=1	C=0	
Position 12982:	T=0	G=0	-=0	A=18	C=0	
Position 12983:	T=0	G=0	-=0	A=0	C=18	
Position 12984:	T=0	G=18	-=0	A=0	C=0	
Position 12985:	T=0	G=0	-=0	A=18	C=0	
Position 12986:	T=18	G=0	-=0	A=0	C=0	
Position 12987:	T=0	G=0	-=0	A=18	C=0	
Position 12988:	T=0	G=18	-=0	A=0	C=0	
Position 12989:	T=18	G=0	-=0	A=0	C=0	
Position 12990:	T=0	G=18	-=0	A=0	C=0	
Position 12991:	T=0	G=18	-=0	A=0	C=0	
Position 12992:	T=0	G=18	-=0	A=0	C=0	
Position 12993:	T=0	G=0	-=0	A=18	C=0	
Position 12994:	T=0	G=0	-=0	A=18	C=0	
Position 12995:	T=19	G=0	-=0	A=0	C=0	
Position 12996:	T=19	G=0	-=0	A=0	C=0	
Position 12997:	T=0	G=0	-=0	A=0	C=19	
Position 12998:	T=0	G=0	-=0	A=0	C=19	
Position 12999:	T=19	G=0	-=0	A=0	C=0	
Position 13000:	T=0	G=0	-=0	A=19	C=0	
Position 13001:	T=19	G=0	-=0	A=0	C=0	
Position 13002:	T=18	G=0	-=0	A=0	C=0	
Position 13003:	T=0	G=14	-=0	A=2	C=0	
Position 13004:	T=16	G=0	-=0	A=0	C=0	
Position 13005:	T=0	G=0	-=0	A=13	C=0	
Position 13006:	T=0	G=0	-=0	A=0	C=13	
Position 13007:	T=0	G=0	-=0	A=0	C=13	
Position 13008:	T=11	G=0	-=0	A=0	C=0	
Position 13009:	T=11	G=0	-=0	A=0	C=0	
Position 13010:	T=11	G=0	-=0	A=0	C=0	
Position 13011:	T=0	G=0	-=0	A=11	C=0	
Position 13012:	T=0	G=0	-=0	A=11	C=0	
Position 13013:	T=11	G=0	-=0	A=0	C=0	
Position 13014:	T=11	G=0	-=0	A=0	C=0	
Position 13015:	T=0	G=0	-=0	A=11	C=0	
Position 13016:	T=11	G=0	-=0	A=0	C=0	
Position 13017:	T=0	G=0	-=0	A=0	C=10	
Position 13018:	T=0	G=0	-=0	A=9	C=0	
Position 13019:	T=9	G=0	-=0	A=0	C=0	
Position 13020:	T=0	G=8	-=0	A=0	C=0	
Position 13021:	T=8	G=0	-=0	A=0	C=0	
Position 13022:	T=8	G=0	-=0	A=0	C=0	
Position 13023:	T=8	G=0	-=0	A=0	C=0	
Position 13024:	T=0	G=0	-=0	A=0	C=8	
Position 13025:	T=0	G=0	-=0	A=0	C=8	
Position 13026:	T=0	G=8	-=0	A=0	C=0	
Position 13027:	T=0	G=0	-=0	A=8	C=0	
Position 13028:	T=0	G=8	-=0	A=0	C=0	
Position 13029:	T=0	G=0	-=0	A=0	C=8	
Position 13030:	T=0	G=0	-=0	A=7	C=0	
Position 13031:	T=7	G=0	-=0	A=0	C=0	
Position 13032:	T=7	G=0	-=0	A=0	C=0	
Position 13033:	T=7	G=0	-=0	A=0	C=0	
Position 13034:	T=7	G=0	-=0	A=0	C=0	
Position 13035:	T=0	G=0	-=0	A=7	C=0	
Position 13036:	T=6	G=0	-=0	A=0	C=0	
Position 13037:	T=5	G=0	-=0	A=0	C=0	
Position 13038:	T=4	G=0	-=0	A=0	C=0	
Position 13039:	T=0	G=0	-=0	A=0	C=4	
Position 13040:	T=0	G=0	-=0	A=0	C=4	
Position 13041:	T=4	G=0	-=0	A=0	C=0	
Position 13042:	T=4	G=0	-=0	A=0	C=0	
Position 13043:	T=0	G=0	-=0	A=0	C=3	
Position 13044:	T=3	G=0	-=0	A=0	C=0	
Position 13045:	T=0	G=0	-=0	A=0	C=3	
Position 13046:	T=0	G=0	-=0	A=0	C=3	
Position 13047:	T=0	G=0	-=0	A=0	C=3	
Position 13048:	T=0	G=0	-=0	A=3	C=0	
Position 13049:	T=0	G=3	-=0	A=0	C=0	
Position 13050:	T=3	G=0	-=0	A=0	C=0	
Position 13051:	T=0	G=0	-=0	A=0	C=3	
Position 13052:	T=0	G=3	-=0	A=0	C=0	
Position 13053:	T=0	G=0	-=0	A=3	C=0	
Position 13054:	T=0	G=0	-=0	A=0	C=3	
Position 13055:	T=3	G=0	-=0	A=0	C=0	
Position 13056:	T=0	G=2	-=0	A=1	C=0	
Position 13057:	T=0	G=0	-=0	A=2	C=0	
Position 13058:	T=2	G=0	-=0	A=0	C=0	
Position 13059:	T=0	G=0	-=0	A=0	C=1	
Position 13060:	T=0	G=1	-=0	A=0	C=0	
Position 13061:	T=0	G=0	-=0	A=1	C=0	
Position 13062:	T=1	G=0	-=0	A=0	C=0	
Position 13063:	T=0	G=0	-=0	A=1	C=0	
Position 13064:	T=0	G=0	-=0	A=1	C=0	
Position 13065:	T=1	G=0	-=0	A=0	C=0	
Position 13066:	T=0	G=0	-=0	A=0	C=1	
Position 13067:	T=0	G=2	-=0	A=0	C=0	
Position 13068:	T=0	G=0	-=0	A=0	C=2	
Position 13069:	T=2	G=0	-=0	A=0	C=0	
Position 13070:	T=2	G=0	-=0	A=0	C=0	
Position 13071:	T=0	G=0	-=0	A=2	C=0	
Position 13072:	T=0	G=1	-=0	A=0	C=0	
Position 13073:	T=1	G=0	-=0	A=0	C=0	
Position 13074:	T=0	G=0	-=0	A=1	C=0	
Position 13075:	T=1	G=0	-=0	A=0	C=0	
Position 13076:	T=0	G=0	-=0	A=0	C=1	
Position 13077:	T=1	G=0	-=0	A=0	C=0	
Position 13078:	T=0	G=0	-=0	A=1	C=0	
Position 13079:	T=1	G=0	-=0	A=0	C=0	
Position 13080:	T=1	G=0	-=0	A=0	C=0	
Position 13081:	T=0	G=0	-=0	A=0	C=1	
Position 13082:	T=0	G=0	-=0	A=10	C=0	
Position 13083:	T=0	G=0	-=0	A=8	C=0	
Position 13084:	T=0	G=0	-=0	A=0	C=8	
Position 13085:	T=0	G=0	-=0	A=7	C=0	
Position 13086:	T=0	G=5	-=0	A=2	C=0	
Position 13087:	T=7	G=0	-=0	A=0	C=0	
Position 13088:	T=0	G=4	-=0	A=2	C=0	
Position 13089:	T=0	G=0	-=0	A=6	C=0	
Position 13090:	T=0	G=0	-=0	A=0	C=4	
Position 13091:	T=4	G=0	-=0	A=0	C=0	
Position 13092:	T=0	G=0	-=0	A=4	C=0	
Position 13093:	T=0	G=3	-=0	A=0	C=0	
Position 13094:	T=2	G=0	-=0	A=0	C=0	
Position 13095:	T=2	G=0	-=0	A=0	C=0	
Position 13096:	T=0	G=0	-=0	A=0	C=2	
Position 13097:	T=0	G=2	-=0	A=0	C=0	
Position 13098:	A=1	N=0	C=0	-=0	G=4	T=0	
Position 13099:	T=0	G=0	-=0	A=0	C=1	
Position 13100:	T=1	G=0	-=0	A=0	C=0	
Position 13101:	T=0	G=0	-=0	A=3	C=0	
Position 13102:	T=0	G=0	-=0	A=3	C=0	
Position 13103:	T=0	G=0	-=0	A=3	C=0	
Position 13104:	T=0	G=0	-=0	A=3	C=0	
Position 13105:	T=3	G=0	-=0	A=0	C=0	
Position 13106:	T=0	G=0	-=0	A=0	C=3	
Position 13107:	T=0	G=0	-=0	A=3	C=0	
Position 13108:	T=0	G=0	-=0	A=3	C=0	
Position 13109:	T=0	G=0	-=0	A=3	C=0	
Position 13110:	T=0	G=0	-=0	A=3	C=0	
Position 13111:	T=0	G=0	-=0	A=0	C=3	
Position 13112:	T=0	G=0	-=0	A=3	C=0	
Position 13113:	T=0	G=0	-=0	A=3	C=0	
Position 13114:	T=0	G=0	-=0	A=3	C=0	
Position 13115:	T=2	G=0	-=0	A=0	C=0	
Position 13116:	T=0	G=0	-=0	A=2	C=0	
Position 13117:	T=2	G=0	-=0	A=0	C=0	
Position 13118:	T=2	G=0	-=0	A=0	C=0	
Position 13119:	T=0	G=0	-=0	A=2	C=0	
Position 13120:	T=2	G=0	-=0	A=0	C=0	
Position 13121:	T=0	G=0	-=0	A=0	C=2	
Position 13122:	T=0	G=0	-=0	A=0	C=2	
Position 13123:	T=0	G=0	-=0	A=2	C=0	
Position 13124:	T=2	G=0	-=0	A=0	C=0	
Position 13125:	T=2	G=0	-=0	A=0	C=0	
Position 13126:	T=0	G=0	-=0	A=0	C=2	
Position 13127:	T=0	G=0	-=0	A=2	C=0	
Position 13128:	T=1	G=0	-=0	A=0	C=0	
Position 13129:	T=0	G=0	-=0	A=1	C=0	
Position 13130:	T=0	G=1	-=0	A=0	C=0	
Position 13131:	T=0	G=0	-=0	A=0	C=1	
Position 13132:	T=0	G=0	-=0	A=0	C=1	
Position 13133:	T=0	G=0	-=0	A=1	C=0	
Position 13134:	T=0	G=0	-=0	A=0	C=1	
Position 13135:	T=0	G=0	-=0	A=1	C=0	
Position 13136:	T=0	G=0	-=0	A=1	C=0	
Position 13137:	T=0	G=0	-=0	A=1	C=0	
Position 13138:	T=0	G=1	-=0	A=0	C=0	
Position 13139:	T=0	G=1	-=0	A=0	C=0	
Position 13140:	T=0	G=0	-=0	A=1	C=0	
Position 13141:	T=0	G=0	-=0	A=0	C=1	
Position 13142:	T=0	G=0	-=0	A=1	C=0	
Position 13143:	T=0	G=0	-=0	A=1	C=0	
Position 13144:	T=0	G=0	-=0	A=1	C=0	
Position 13145:	T=0	G=0	-=0	A=0	C=1	
Position 13146:	T=0	G=0	-=0	A=0	C=1	
Position 13147:	T=1	G=0	-=0	A=0	C=0	
Position 13148:	T=0	G=1	-=0	A=0	C=0	
Position 13149:	T=0	G=6	-=0	A=1	C=0	
Position 13150:	T=0	G=1	-=0	A=0	C=0	
Position 13151:	T=0	G=0	-=0	A=0	C=5	
Position 13152:	T=0	G=0	-=0	A=4	C=0	
Position 13153:	T=0	G=0	-=0	A=0	C=4	
Position 13154:	T=3	G=0	-=0	A=0	C=0	
Position 13155:	T=0	G=0	-=0	A=3	C=0	
Position 13156:	T=0	G=0	-=0	A=2	C=0	
Position 13157:	T=2	G=0	-=0	A=0	C=0	
Position 13158:	T=0	G=0	-=0	A=2	C=0	
Position 13159:	T=1	G=0	-=0	A=0	C=0	
Position 13160:	T=1	G=0	-=0	A=0	C=0	
Position 13161:	T=0	G=1	-=0	A=0	C=0	
Position 13162:	T=0	G=0	-=0	A=1	C=0	
Position 13163:	T=1	G=0	-=0	A=0	C=0	
Position 13164:	T=0	G=0	-=0	A=1	C=0	
Position 13165:	T=1	G=0	-=0	A=0	C=0	
Position 13166:	T=0	G=0	-=0	A=0	C=1	
Position 13167:	T=0	G=0	-=0	A=1	C=0	
Position 13168:	T=0	G=0	-=0	A=0	C=1	
Position 13169:	T=1	G=0	-=0	A=0	C=0	
Position 13170:	T=0	G=0	-=0	A=1	C=0	
Position 13171:	T=0	G=0	-=0	A=1	C=0	
Position 13172:	T=1	G=0	-=0	A=0	C=0	
Position 13173:	T=0	G=0	-=0	A=0	C=1	
Position 13174:	T=0	G=0	-=0	A=0	C=1	
Position 13175:	T=1	G=0	-=0	A=0	C=0	
Position 13176:	T=0	G=0	-=0	A=1	C=0	
Position 13177:	T=1	G=0	-=0	A=0	C=0	
Position 13178:	T=1	G=0	-=0	A=0	C=0	
Position 13179:	T=1	G=0	-=0	A=0	C=0	
Position 13180:	T=0	G=0	-=0	A=1	C=0	
Position 13181:	T=1	G=0	-=0	A=0	C=0	
Position 13182:	T=1	G=0	-=0	A=0	C=0	
Position 13183:	T=0	G=1	-=0	A=0	C=0	
Position 13184:	T=0	G=1	-=0	A=0	C=0	
Position 13185:	T=0	G=0	-=0	A=0	C=1	
Position 13186:	T=1	G=0	-=0	A=0	C=0	
Position 13187:	T=0	G=0	-=0	A=0	C=1	
Position 13188:	T=0	G=0	-=0	A=1	C=0	
Position 13189:	T=0	G=0	-=0	A=1	C=0	
Position 13190:	T=0	G=0	-=0	A=0	C=1	
Position 13191:	T=1	G=0	-=0	A=0	C=0	
Position 13192:	T=0	G=0	-=0	A=1	C=0	
Position 13193:	T=0	G=0	-=0	A=1	C=0	
Position 13194:	T=1	G=0	-=0	A=0	C=0	
Position 13195:	T=0	G=0	-=0	A=0	C=1	
Position 13196:	T=1	G=0	-=0	A=0	C=0	
Position 13197:	T=1	G=0	-=0	A=0	C=0	
Position 13198:	T=0	G=0	-=0	A=0	C=1	
Position 13199:	T=1	G=0	-=0	A=0	C=0	
Position 13200:	T=0	G=1	-=0	A=0	C=0	
Position 13201:	T=0	G=5	-=0	A=1	C=0	
Position 13202:	T=0	G=3	-=0	A=1	C=0	
Position 13203:	T=4	G=0	-=0	A=0	C=0	
Position 13204:	T=0	G=0	-=0	A=0	C=3	
Position 13205:	T=3	G=0	-=0	A=0	C=0	
Position 13206:	T=0	G=0	-=0	A=3	C=0	
Position 13207:	T=2	G=0	-=0	A=0	C=0	
Position 13208:	T=2	G=0	-=0	A=0	C=0	
Position 13209:	T=0	G=0	-=0	A=2	C=0	
Position 13210:	T=0	G=0	-=0	A=0	C=2	
Position 13211:	T=0	G=0	-=0	A=0	C=2	
Position 13212:	T=0	G=2	-=0	A=0	C=0	
Position 13213:	T=0	G=0	-=0	A=0	C=2	
Position 13214:	T=0	G=0	-=0	A=2	C=0	
Position 13215:	T=0	G=0	-=0	A=0	C=2	
Position 13216:	T=2	G=0	-=0	A=0	C=0	
Position 13217:	T=0	G=0	-=0	A=0	C=2	
Position 13218:	T=0	G=0	-=0	A=2	C=0	
Position 13219:	T=2	G=0	-=0	A=0	C=0	
Position 13220:	T=2	G=0	-=0	A=0	C=0	
Position 13221:	T=0	G=0	-=0	A=0	C=2	
Position 13222:	T=0	G=0	-=0	A=2	C=0	
Position 13223:	T=0	G=0	-=0	A=0	C=2	
Position 13224:	T=0	G=0	-=0	A=2	C=0	
Position 13225:	T=0	G=0	-=0	A=0	C=2	
Position 13226:	T=0	G=0	-=0	A=0	C=2	
Position 13227:	T=2	G=0	-=0	A=0	C=0	
Position 13228:	T=0	G=0	-=0	A=2	C=0	
Position 13229:	T=0	G=0	-=0	A=0	C=2	
Position 13230:	T=0	G=0	-=0	A=0	C=2	
Position 13231:	T=0	G=0	-=0	A=2	C=0	
Position 13232:	T=0	G=0	-=0	A=0	C=2	
Position 13233:	T=0	G=0	-=0	A=2	C=0	
Position 13234:	T=0	G=0	-=0	A=0	C=2	
Position 13235:	T=0	G=0	-=0	A=2	C=0	
Position 13236:	T=0	G=0	-=0	A=2	C=0	
Position 13237:	T=0	G=0	-=0	A=0	C=1	
Position 13238:	T=1	G=0	-=0	A=0	C=0	
Position 13239:	T=0	G=1	-=0	A=0	C=0	
Position 13240:	T=1	G=0	-=0	A=0	C=0	
Position 13241:	T=0	G=0	-=0	A=0	C=1	
Position 13242:	T=0	G=0	-=0	A=1	C=0	
Position 13243:	T=0	G=0	-=0	A=1	C=0	
Position 13244:	T=1	G=0	-=0	A=0	C=0	
Position 13245:	T=0	G=1	-=0	A=0	C=0	
Position 13246:	T=0	G=0	-=0	A=1	C=0	
Position 13247:	T=0	G=0	-=0	A=1	C=0	
Position 13248:	T=0	G=0	-=0	A=0	C=1	
Position 13249:	T=0	G=0	-=0	A=0	C=1	
Position 13250:	T=1	G=0	-=0	A=0	C=0	
Position 13251:	T=0	G=0	-=0	A=1	C=0	
Position 13252:	T=0	G=1	-=0	A=0	C=0	
Position 13253:	T=0	G=1	-=0	A=0	C=0	
Position 13254:	T=0	G=0	-=0	A=1	C=0	
Position 13255:	T=0	G=0	-=0	A=1	C=0	
Position 13256:	T=1	G=0	-=0	A=0	C=0	
Position 13257:	T=0	G=1	-=0	A=0	C=0	
Position 13258:	T=0	G=5	-=0	A=2	C=0	
Position 13259:	T=0	G=0	-=0	A=0	C=1	
Position 13260:	T=1	G=0	-=0	A=0	C=0	
Position 13261:	T=0	G=0	-=0	A=1	C=0	
Position 13262:	T=1	G=0	-=0	A=0	C=0	
Position 13263:	T=1	G=0	-=0	A=0	C=0	
Position 13264:	A=0	N=0	C=1	-=0	G=0	T=0	
Position 13265:	A=0	N=0	C=2	-=0	G=0	T=0	
Position 13266:	T=0	G=0	-=0	A=0	C=2	
Position 13267:	T=2	G=0	-=0	A=0	C=0	
Position 13268:	T=3	G=0	-=0	A=0	C=0	
Position 13269:	T=0	G=0	-=0	A=3	C=0	
Position 13270:	T=3	G=0	-=0	A=0	C=0	
Position 13271:	T=0	G=3	-=0	A=0	C=0	
Position 13272:	T=0	G=2	-=0	A=1	C=0	
Position 13273:	T=0	G=2	-=0	A=0	C=0	
Position 13274:	A=0	N=0	C=2	-=0	G=0	T=0	
Position 13275:	T=0	G=0	-=0	A=2	C=0	
Position 13276:	T=0	G=2	-=0	A=0	C=0	
Position 13277:	T=0	G=2	-=0	A=0	C=0	
Position 13278:	T=2	G=0	-=0	A=0	C=0	
Position 13279:	T=0	G=0	-=0	A=2	C=0	
Position 13280:	T=0	G=0	-=0	A=0	C=2	
Position 13281:	T=0	G=0	-=0	A=1	C=0	
Position 13282:	T=0	G=1	-=0	A=0	C=0	
Position 13283:	T=1	G=0	-=0	A=0	C=0	
Position 13284:	T=0	G=0	-=0	A=0	C=1	
Position 13285:	T=0	G=1	-=0	A=0	C=0	
Position 13286:	T=0	G=0	-=0	A=0	C=1	
Position 13287:	T=1	G=0	-=0	A=0	C=0	
Position 13288:	T=0	G=0	-=0	A=1	C=0	
Position 13289:	T=0	G=0	-=0	A=0	C=1	
Position 13290:	T=1	G=0	-=0	A=0	C=0	
Position 13291:	T=0	G=3	-=0	A=1	C=0	
Position 13292:	T=0	G=1	-=0	A=0	C=0	
Position 13293:	T=0	G=0	-=0	A=1	C=0	
Position 13294:	T=3	G=0	-=0	A=0	C=0	
Position 13295:	T=3	G=0	-=0	A=0	C=0	
Position 13296:	T=0	G=0	-=0	A=0	C=3	
Position 13297:	T=0	G=0	-=0	A=0	C=3	
Position 13298:	T=0	G=3	-=0	A=0	C=0	
Position 13299:	T=0	G=0	-=0	A=3	C=0	
Position 13300:	T=3	G=0	-=0	A=0	C=0	
Position 13301:	T=0	G=0	-=0	A=3	C=0	
Position 13302:	T=0	G=0	-=0	A=0	C=2	
Position 13303:	T=0	G=0	-=0	A=2	C=0	
Position 13304:	T=0	G=0	-=0	A=2	C=0	
Position 13305:	T=0	G=2	-=0	A=0	C=0	
Position 13306:	T=0	G=0	-=0	A=2	C=0	
Position 13307:	T=0	G=0	-=0	A=0	C=2	
Position 13308:	T=0	G=0	-=0	A=0	C=2	
Position 13309:	T=0	G=0	-=0	A=2	C=0	
Position 13310:	T=0	G=0	-=0	A=2	C=0	
Position 13311:	T=0	G=2	-=0	A=0	C=0	
Position 13312:	T=0	G=2	-=0	A=0	C=0	
Position 13313:	T=0	G=0	-=0	A=0	C=1	
Position 13314:	T=0	G=0	-=0	A=1	C=0	
Position 13315:	T=1	G=0	-=0	A=0	C=0	
Position 13316:	T=0	G=0	-=0	A=0	C=1	
Position 13317:	T=0	G=0	-=0	A=0	C=1	
Position 13318:	T=1	G=0	-=0	A=0	C=0	
Position 13319:	T=1	G=0	-=0	A=0	C=0	
Position 13320:	T=0	G=1	-=0	A=0	C=0	
Position 13321:	T=0	G=1	-=0	A=0	C=0	
Position 13322:	T=0	G=0	-=0	A=0	C=1	
Position 13323:	T=1	G=0	-=0	A=0	C=0	
Position 13324:	T=0	G=0	-=0	A=0	C=1	
Position 13325:	T=0	G=0	-=0	A=1	C=0	
Position 13326:	T=0	G=0	-=0	A=0	C=1	
Position 13327:	T=1	G=0	-=0	A=0	C=0	
Position 13328:	T=1	G=0	-=0	A=0	C=0	
Position 13329:	T=1	G=0	-=0	A=0	C=0	
Position 13330:	T=0	G=0	-=0	A=0	C=1	
Position 13331:	T=1	G=0	-=0	A=0	C=0	
Position 13332:	T=0	G=0	-=0	A=1	C=0	
Position 13333:	T=0	G=0	-=0	A=0	C=1	
Position 13334:	T=0	G=0	-=0	A=0	C=1	
Position 13335:	T=1	G=0	-=0	A=0	C=0	
Position 13336:	T=0	G=0	-=0	A=0	C=1	
Position 13337:	T=0	G=0	-=0	A=1	C=0	
Position 13338:	T=0	G=0	-=0	A=1	C=0	
Position 13339:	T=0	G=2	-=0	A=1	C=0	
Position 13340:	T=0	G=1	-=0	A=0	C=0	
Position 13341:	T=0	G=1	-=0	A=0	C=0	
Position 13342:	T=0	G=0	-=0	A=1	C=0	
Position 13343:	T=0	G=0	-=0	A=0	C=2	
Position 13344:	T=0	G=0	-=0	A=2	C=0	
Position 13345:	T=0	G=0	-=0	A=0	C=2	
Position 13346:	T=0	G=0	-=0	A=0	C=1	
Position 13347:	T=3	G=0	-=0	A=0	C=0	
Position 13348:	T=2	G=0	-=0	A=0	C=0	
Position 13349:	T=2	G=0	-=0	A=0	C=0	
Position 13350:	T=0	G=0	-=0	A=0	C=2	
Position 13351:	T=0	G=0	-=0	A=0	C=2	
Position 13352:	T=0	G=0	-=0	A=0	C=2	
Position 13353:	T=2	G=0	-=0	A=0	C=0	
Position 13354:	T=0	G=0	-=0	A=0	C=2	
Position 13355:	T=1	G=0	-=0	A=0	C=0	
Position 13356:	T=0	G=0	-=0	A=1	C=0	
Position 13357:	T=0	G=0	-=0	A=1	C=0	
Position 13358:	T=1	G=0	-=0	A=0	C=0	
Position 13359:	T=0	G=0	-=0	A=0	C=1	
Position 13360:	T=0	G=0	-=0	A=0	C=1	
Position 13361:	T=0	G=0	-=0	A=0	C=1	
Position 13362:	T=0	G=1	-=0	A=0	C=0	
Position 13363:	T=0	G=0	-=0	A=1	C=0	
Position 13364:	T=1	G=0	-=0	A=0	C=0	
Position 13365:	T=0	G=0	-=0	A=1	C=0	
Position 13366:	T=0	G=0	-=0	A=0	C=1	
Position 13367:	T=1	G=0	-=0	A=0	C=0	
Position 13368:	A=0	N=0	C=1	-=0	G=0	T=0	
Position 13369:	T=0	G=1	-=0	A=0	C=0	
Position 13370:	T=1	G=0	-=0	A=0	C=0	
Position 13371:	T=0	G=0	-=0	A=14	C=0	
Position 13372:	T=0	G=0	-=0	A=14	C=0	
Position 13373:	T=14	G=0	-=0	A=0	C=0	
Position 13374:	T=14	G=0	-=0	A=0	C=0	
Position 13375:	T=0	G=0	-=0	A=14	C=0	
Position 13376:	T=13	G=0	-=0	A=0	C=0	
Position 13377:	T=13	G=0	-=0	A=0	C=0	
Position 13378:	T=0	G=13	-=0	A=0	C=0	
Position 13379:	T=0	G=0	-=0	A=13	C=0	
Position 13380:	T=0	G=0	-=0	A=12	C=0	
Position 13381:	T=0	G=0	-=0	A=12	C=0	
Position 13382:	T=0	G=0	-=0	A=0	C=10	
Position 13383:	T=0	G=0	-=0	A=9	C=0	
Position 13384:	T=0	G=0	-=0	A=8	C=0	
Position 13385:	T=8	G=0	-=0	A=0	C=0	
Position 13386:	T=0	G=0	-=0	A=0	C=7	
Position 13387:	T=0	G=0	-=0	A=7	C=0	
Position 13388:	T=0	G=7	-=0	A=0	C=0	
Position 13389:	T=0	G=0	-=0	A=0	C=6	
Position 13390:	T=0	G=0	-=0	A=0	C=5	
Position 13391:	T=5	G=0	-=0	A=0	C=0	
Position 13392:	T=0	G=0	-=0	A=5	C=0	
Position 13393:	T=4	G=0	-=0	A=0	C=0	
Position 13394:	T=4	G=0	-=0	A=0	C=0	
Position 13395:	T=4	G=0	-=0	A=0	C=0	
Position 13396:	T=0	G=0	-=0	A=4	C=0	
Position 13397:	T=4	G=0	-=0	A=0	C=0	
Position 13398:	T=0	G=0	-=0	A=0	C=4	
Position 13399:	T=0	G=0	-=0	A=0	C=4	
Position 13400:	T=0	G=0	-=0	A=4	C=0	
Position 13401:	T=0	G=4	-=0	A=0	C=0	
Position 13402:	T=0	G=0	-=0	A=0	C=3	
Position 13403:	T=0	G=0	-=0	A=0	C=3	
Position 13404:	T=3	G=0	-=0	A=0	C=0	
Position 13405:	T=0	G=3	-=0	A=0	C=0	
Position 13406:	T=3	G=0	-=0	A=0	C=0	
Position 13407:	T=0	G=3	-=0	A=0	C=0	
Position 13408:	T=0	G=3	-=0	A=0	C=0	
Position 13409:	T=0	G=0	-=0	A=0	C=2	
Position 13410:	T=0	G=0	-=0	A=0	C=2	
Position 13411:	T=0	G=0	-=0	A=0	C=2	
Position 13412:	T=2	G=0	-=0	A=0	C=0	
Position 13413:	T=0	G=2	-=0	A=0	C=0	
Position 13414:	A=1	N=0	C=0	-=0	G=3	T=0	
Position 13415:	T=0	G=0	-=0	A=0	C=2	
Position 13416:	T=0	G=0	-=0	A=0	C=2	
Position 13417:	A=1	N=0	C=0	-=0	G=3	T=0	
Position 13418:	T=2	G=0	-=0	A=0	C=0	
Position 13419:	T=0	G=1	-=0	A=0	C=0	
Position 13420:	T=0	G=0	-=0	A=0	C=1	
Position 13421:	T=0	G=2	-=0	A=1	C=0	
Position 13422:	T=0	G=0	-=0	A=1	C=0	
Position 13423:	T=0	G=0	-=0	A=0	C=1	
Position 13424:	T=1	G=0	-=0	A=0	C=0	
Position 13425:	T=0	G=0	-=0	A=2	C=0	
Position 13426:	T=0	G=0	-=0	A=2	C=0	
Position 13427:	T=0	G=0	-=0	A=0	C=2	
Position 13428:	T=0	G=0	-=0	A=0	C=2	
Position 13429:	T=0	G=12	-=0	A=1	C=0	
Position 13430:	T=0	G=0	-=0	A=0	C=1	
Position 13431:	T=1	G=0	-=0	A=0	C=0	
Position 13432:	T=0	G=0	-=0	A=1	C=0	
Position 13433:	T=0	G=0	-=0	A=1	C=0	
Position 13434:	T=1	G=0	-=0	A=0	C=0	
Position 13435:	T=0	G=0	-=0	A=1	C=0	
Position 13436:	T=1	G=0	-=0	A=0	C=0	
Position 13437:	T=1	G=0	-=0	A=0	C=0	
Position 13438:	T=0	G=0	-=0	A=1	C=0	
Position 13439:	T=0	G=0	-=0	A=0	C=1	
Position 13440:	T=1	G=0	-=0	A=0	C=0	
Position 13441:	T=0	G=1	-=0	A=0	C=0	
Position 13442:	T=0	G=0	-=0	A=0	C=1	
Position 13443:	T=0	G=0	-=0	A=1	C=0	
Position 13444:	T=0	G=1	-=0	A=0	C=0	
Position 13445:	T=0	G=1	-=0	A=0	C=0	
Position 13446:	T=0	G=0	-=0	A=0	C=1	
Position 13447:	T=0	G=0	-=0	A=0	C=1	
Position 13448:	T=0	G=0	-=0	A=1	C=0	
Position 13449:	T=1	G=0	-=0	A=0	C=0	
Position 13450:	T=1	G=0	-=0	A=0	C=0	
Position 13451:	T=1	G=0	-=0	A=0	C=0	
Position 13452:	T=0	G=1	-=0	A=0	C=0	
Position 13453:	T=0	G=0	-=0	A=0	C=1	
Position 13454:	T=1	G=0	-=0	A=0	C=0	
Position 13455:	T=0	G=0	-=0	A=0	C=1	
Position 13456:	T=0	G=0	-=0	A=1	C=0	
Position 13457:	T=1	G=0	-=0	A=0	C=0	
Position 13458:	T=1	G=0	-=0	A=0	C=0	
Position 13459:	T=0	G=0	-=0	A=0	C=1	
Position 13460:	T=0	G=0	-=0	A=1	C=0	
Position 13461:	T=1	G=0	-=0	A=0	C=0	
Position 13462:	T=1	G=0	-=0	A=0	C=0	
Position 13463:	T=1	G=0	-=0	A=0	C=0	
Position 13464:	T=0	G=0	-=0	A=2	C=0	
Position 13465:	T=0	G=0	-=0	A=2	C=0	
Position 13466:	T=2	G=0	-=0	A=0	C=0	
Position 13467:	T=2	G=0	-=0	A=0	C=0	
Position 13468:	T=0	G=2	-=0	A=0	C=0	
Position 13469:	T=0	G=2	-=0	A=0	C=0	
Position 13470:	T=0	G=2	-=0	A=0	C=0	
Position 13471:	T=0	G=1	-=0	A=0	C=0	
Position 13472:	T=0	G=1	-=0	A=0	C=0	
Position 13473:	T=0	G=0	-=0	A=1	C=0	
Position 13474:	T=0	G=1	-=0	A=0	C=0	
Position 13475:	T=0	G=0	-=0	A=0	C=1	
Position 13476:	T=1	G=0	-=0	A=0	C=0	
Position 13477:	T=0	G=0	-=0	A=1	C=0	
Position 13478:	T=0	G=0	-=0	A=0	C=1	
Position 13479:	T=1	G=0	-=0	A=0	C=0	
Position 13480:	T=1	G=0	-=0	A=0	C=0	
Position 13481:	T=1	G=0	-=0	A=0	C=0	
Position 13482:	T=0	G=1	-=0	A=0	C=0	
Position 13483:	T=0	G=0	-=0	A=1	C=0	
Position 13484:	T=0	G=0	-=0	A=0	C=1	
Position 13485:	T=1	G=0	-=0	A=0	C=0	
Position 13486:	T=0	G=0	-=0	A=0	C=1	
Position 13487:	T=1	G=0	-=0	A=0	C=0	
Position 13488:	T=0	G=0	-=0	A=1	C=0	
Position 13489:	T=0	G=0	-=0	A=1	C=0	
Position 13490:	T=0	G=0	-=0	A=0	C=1	
Position 13491:	T=0	G=0	-=0	A=1	C=0	
Position 13492:	T=0	G=0	-=0	A=2	C=0	
Position 13493:	T=0	G=2	-=0	A=0	C=0	
Position 13494:	T=2	G=0	-=0	A=0	C=0	
Position 13495:	T=0	G=0	-=0	A=2	C=0	
Position 13496:	T=2	G=0	-=0	A=0	C=0	
Position 13497:	T=2	G=0	-=0	A=0	C=0	
Position 13498:	T=0	G=0	-=0	A=2	C=0	
Position 13499:	T=0	G=2	-=0	A=0	C=0	
Position 13500:	T=0	G=0	-=0	A=0	C=7	
Position 13501:	T=0	G=0	-=0	A=7	C=0	
Position 13502:	T=0	G=0	-=0	A=0	C=7	
Position 13503:	T=7	G=0	-=0	A=0	C=0	
Position 13504:	T=0	G=0	-=0	A=7	C=0	
Position 13505:	T=7	G=0	-=0	A=0	C=0	
Position 13506:	T=7	G=0	-=0	A=0	C=0	
Position 13507:	T=0	G=0	-=0	A=7	C=0	
Position 13508:	T=0	G=0	-=0	A=0	C=6	
Position 13509:	T=0	G=0	-=0	A=6	C=0	
Position 13510:	T=0	G=5	-=0	A=1	C=0	
Position 13511:	T=0	G=0	-=0	A=0	C=6	
Position 13512:	T=0	G=0	-=0	A=0	C=6	
Position 13513:	T=5	G=0	-=0	A=0	C=0	
Position 13514:	T=5	G=0	-=0	A=0	C=0	
Position 13515:	T=4	G=0	-=0	A=0	C=0	
Position 13516:	T=0	G=0	-=0	A=4	C=0	
Position 13517:	T=4	G=0	-=0	A=0	C=0	
Position 13518:	T=0	G=0	-=0	A=0	C=3	
Position 13519:	T=0	G=0	-=0	A=2	C=0	
Position 13520:	T=0	G=0	-=0	A=0	C=1	
Position 13521:	T=0	G=0	-=0	A=0	C=1	
Position 13522:	T=1	G=0	-=0	A=0	C=0	
Position 13523:	T=1	G=0	-=0	A=0	C=0	
Position 13524:	T=1	G=0	-=0	A=0	C=0	
Position 13525:	T=0	G=0	-=0	A=1	C=0	
Position 13526:	T=0	G=0	-=0	A=0	C=1	
Position 13527:	T=0	G=0	-=0	A=0	C=1	
Position 13528:	T=0	G=1	-=0	A=0	C=0	
Position 13529:	T=1	G=0	-=0	A=0	C=0	
Position 13530:	T=1	G=0	-=0	A=0	C=0	
Position 13531:	T=0	G=0	-=0	A=0	C=1	
Position 13532:	T=1	G=0	-=0	A=0	C=0	
Position 13533:	T=0	G=0	-=0	A=1	C=0	
Position 13534:	T=0	G=1	-=0	A=0	C=0	
Position 13535:	T=1	G=0	-=0	A=0	C=0	
Position 13536:	T=0	G=0	-=0	A=1	C=0	
Position 13537:	T=0	G=0	-=0	A=0	C=1	
Position 13538:	T=1	G=0	-=0	A=0	C=0	
Position 13539:	T=0	G=0	-=0	A=3	C=0	
Position 13540:	T=0	G=0	-=0	A=0	C=3	
Position 13541:	T=3	G=0	-=0	A=0	C=0	
Position 13542:	T=2	G=0	-=0	A=0	C=0	
Position 13543:	T=0	G=0	-=0	A=2	C=0	
Position 13544:	T=0	G=0	-=0	A=0	C=2	
Position 13545:	T=0	G=0	-=0	A=0	C=2	
Position 13546:	T=0	G=0	-=0	A=2	C=0	
Position 13547:	T=2	G=0	-=0	A=0	C=0	
Position 13548:	T=2	G=0	-=0	A=0	C=0	
Position 13549:	T=0	G=0	-=0	A=0	C=2	
Position 13550:	T=2	G=0	-=0	A=0	C=0	
Position 13551:	T=0	G=0	-=0	A=0	C=2	
Position 13552:	T=0	G=2	-=0	A=0	C=0	
Position 13553:	T=0	G=0	-=0	A=2	C=0	
Position 13554:	T=0	G=2	-=0	A=0	C=0	
Position 13555:	T=2	G=0	-=0	A=0	C=0	
Position 13556:	T=1	G=0	-=0	A=0	C=0	
Position 13557:	T=0	G=0	-=0	A=0	C=1	
Position 13558:	T=0	G=1	-=0	A=0	C=0	
Position 13559:	T=0	G=0	-=0	A=0	C=1	
Position 13560:	T=1	G=0	-=0	A=0	C=0	
Position 13561:	T=0	G=1	-=0	A=0	C=0	
Position 13562:	T=1	G=0	-=0	A=0	C=0	
Position 13563:	T=0	G=0	-=0	A=1	C=0	
Position 13564:	T=0	G=1	-=0	A=0	C=0	
Position 13565:	T=0	G=0	-=0	A=0	C=1	
Position 13566:	T=0	G=0	-=0	A=0	C=1	
Position 13567:	T=0	G=0	-=0	A=0	C=1	
Position 13568:	T=1	G=0	-=0	A=0	C=0	
Position 13569:	T=0	G=0	-=0	A=0	C=1	
Position 13570:	T=0	G=0	-=0	A=1	C=0	
Position 13571:	T=1	G=0	-=0	A=0	C=0	
Position 13572:	T=1	G=0	-=0	A=0	C=0	
Position 13573:	T=0	G=0	-=0	A=0	C=1	
Position 13574:	T=0	G=0	-=0	A=1	C=0	
Position 13575:	T=0	G=1	-=0	A=0	C=0	
Position 13576:	T=0	G=1	-=0	A=0	C=0	
Position 13577:	T=0	G=0	-=0	A=0	C=1	
Position 13578:	T=0	G=0	-=0	A=0	C=1	
Position 13579:	T=1	G=0	-=0	A=0	C=0	
Position 13580:	T=0	G=0	-=0	A=1	C=0	
Position 13581:	T=0	G=0	-=0	A=0	C=1	
Position 13582:	T=0	G=1	-=0	A=0	C=0	
Position 13583:	T=1	G=0	-=0	A=0	C=0	
Position 13584:	T=1	G=0	-=0	A=0	C=1	
Position 13585:	T=1	G=0	-=0	A=0	C=0	
Position 13586:	T=1	G=0	-=0	A=0	C=0	
Position 13587:	T=0	G=0	-=0	A=0	C=1	
Position 13588:	T=0	G=0	-=0	A=1	C=0	
Position 13589:	T=0	G=0	-=0	A=0	C=1	
Position 13590:	T=0	G=0	-=0	A=0	C=1	
Position 13591:	T=0	G=0	-=0	A=0	C=1	
Position 13592:	T=1	G=0	-=0	A=0	C=0	
Position 13593:	T=0	G=1	-=0	A=0	C=0	
Position 13594:	T=0	G=0	-=0	A=0	C=1	
Position 13595:	T=1	G=0	-=0	A=0	C=0	
Position 13596:	T=0	G=0	-=0	A=1	C=0	
Position 13597:	T=0	G=1	-=0	A=0	C=0	
Position 13598:	T=1	G=0	-=0	A=0	C=0	
Position 13599:	T=0	G=0	-=0	A=1	C=0	
Position 13600:	T=0	G=0	-=0	A=1	C=0	
Position 13601:	T=0	G=1	-=0	A=0	C=0	
Position 13602:	T=0	G=0	-=0	A=0	C=1	
Position 13603:	T=0	G=0	-=0	A=0	C=1	
Position 13604:	T=1	G=0	-=0	A=0	C=0	
Position 13605:	T=0	G=0	-=0	A=1	C=0	
Position 13606:	T=1	G=0	-=0	A=0	C=0	
Position 13607:	T=0	G=0	-=0	A=1	C=0	
Position 13608:	T=0	G=0	-=0	A=0	C=1	
Position 13609:	T=0	G=0	-=0	A=0	C=1	
Position 13610:	T=1	G=0	-=0	A=0	C=0	
Position 13611:	T=0	G=0	-=0	A=1	C=0	
Position 13612:	T=0	G=0	-=0	A=0	C=1	
Position 13613:	T=0	G=0	-=0	A=1	C=0	
Position 13614:	T=0	G=0	-=0	A=0	C=1	
Position 13615:	T=0	G=1	-=0	A=0	C=0	
Position 13616:	T=0	G=0	-=0	A=1	C=0	
Position 13617:	T=1	G=0	-=0	A=0	C=0	
Position 13618:	T=0	G=0	-=0	A=1	C=0	
Position 13619:	T=0	G=0	-=0	A=1	C=0	
Position 13620:	T=0	G=0	-=0	A=0	C=1	
Position 13621:	T=0	G=0	-=0	A=3	C=0	
Position 13622:	T=0	G=0	-=0	A=0	C=2	
Position 13623:	T=1	G=0	-=0	A=0	C=0	
Position 13624:	T=1	G=0	-=0	A=0	C=0	
Position 13625:	T=0	G=0	-=0	A=1	C=0	
Position 13626:	T=0	G=0	-=0	A=1	C=0	
Position 13627:	T=1	G=0	-=0	A=0	C=0	
Position 13628:	T=0	G=1	-=0	A=0	C=0	
Position 13629:	T=0	G=0	-=0	A=1	C=0	
Position 13630:	T=0	G=0	-=0	A=0	C=1	
Position 13631:	T=1	G=0	-=0	A=0	C=0	
Position 13632:	T=0	G=0	-=0	A=0	C=1	
Position 13633:	T=0	G=0	-=0	A=1	C=0	
Position 13634:	T=0	G=0	-=0	A=0	C=1	
Position 13635:	T=0	G=0	-=0	A=0	C=1	
Position 13636:	T=0	G=0	-=0	A=1	C=0	
Position 13637:	T=0	G=0	-=0	A=1	C=0	
Position 13638:	T=0	G=0	-=0	A=1	C=0	
Position 13639:	T=0	G=0	-=0	A=0	C=1	
Position 13640:	T=0	G=0	-=0	A=1	C=0	
Position 13641:	T=0	G=0	-=0	A=0	C=1	
Position 13642:	T=0	G=0	-=0	A=2	C=0	
Position 13643:	T=2	G=0	-=0	A=0	C=0	
Position 13644:	A=1	N=0	C=0	-=0	G=11	T=0	
Position 13645:	T=0	G=0	-=0	A=0	C=2	
Position 13646:	T=0	G=0	-=0	A=2	C=0	
Position 13647:	T=2	G=0	-=0	A=0	C=0	
Position 13648:	T=0	G=0	-=0	A=2	C=0	
Position 13649:	T=0	G=0	-=0	A=0	C=10	
Position 13650:	T=0	G=0	-=0	A=0	C=10	
Position 13651:	T=0	G=0	-=0	A=9	C=0	
Position 13652:	T=9	G=0	-=0	A=0	C=0	
Position 13653:	T=0	G=0	-=0	A=9	C=0	
Position 13654:	T=7	G=0	-=0	A=0	C=0	
Position 13655:	T=0	G=0	-=0	A=7	C=0	
Position 13656:	T=0	G=7	-=0	A=0	C=0	
Position 13657:	T=7	G=0	-=0	A=0	C=0	
Position 13658:	T=0	G=0	-=0	A=0	C=6	
Position 13659:	T=0	G=0	-=0	A=6	C=0	
Position 13660:	T=0	G=0	-=0	A=6	C=0	
Position 13661:	T=0	G=0	-=0	A=0	C=5	
Position 13662:	T=0	G=0	-=0	A=0	C=5	
Position 13663:	T=0	G=0	-=0	A=0	C=4	
Position 13664:	T=0	G=0	-=0	A=4	C=0	
Position 13665:	T=0	G=0	-=0	A=4	C=0	
Position 13666:	A=4	N=0	C=0	-=0	G=26	T=0	
Position 13667:	T=0	G=0	-=0	A=0	C=4	
Position 13668:	T=0	G=0	-=0	A=0	C=4	
Position 13669:	T=0	G=0	-=0	A=0	C=4	
Position 13670:	T=0	G=0	-=0	A=3	C=0	
Position 13671:	T=3	G=0	-=0	A=0	C=0	
Position 13672:	T=0	G=3	-=0	A=0	C=0	
Position 13673:	T=0	G=0	-=0	A=3	C=0	
Position 13674:	T=0	G=0	-=0	A=0	C=3	
Position 13675:	T=0	G=0	-=0	A=0	C=2	
Position 13676:	T=0	G=0	-=0	A=2	C=0	
Position 13677:	T=0	G=0	-=0	A=0	C=2	
Position 13678:	T=2	G=0	-=0	A=0	C=0	
Position 13679:	T=0	G=0	-=0	A=1	C=0	
Position 13680:	T=0	G=0	-=0	A=1	C=0	
Position 13681:	T=0	G=0	-=0	A=0	C=1	
Position 13682:	T=0	G=0	-=0	A=1	C=0	
Position 13683:	T=0	G=1	-=0	A=0	C=0	
Position 13684:	T=0	G=1	-=0	A=0	C=0	
Position 13685:	T=0	G=0	-=0	A=1	C=0	
Position 13686:	T=0	G=1	-=0	A=0	C=0	
Position 13687:	T=0	G=0	-=0	A=0	C=1	
Position 13688:	T=0	G=0	-=0	A=0	C=1	
Position 13689:	T=0	G=0	-=0	A=0	C=1	
Position 13690:	T=1	G=0	-=0	A=0	C=0	
Position 13691:	T=0	G=0	-=0	A=0	C=1	
Position 13692:	T=1	G=0	-=0	A=0	C=0	
Position 13693:	T=0	G=0	-=0	A=0	C=1	
Position 13694:	T=0	G=0	-=0	A=1	C=0	
Position 13695:	T=0	G=1	-=0	A=0	C=0	
Position 13696:	T=0	G=0	-=0	A=0	C=1	
Position 13697:	T=0	G=0	-=0	A=0	C=1	
Position 13698:	T=0	G=0	-=0	A=0	C=1	
Position 13699:	T=1	G=0	-=0	A=0	C=0	
Position 13700:	T=1	G=0	-=0	A=0	C=0	
Position 13701:	T=0	G=0	-=0	A=0	C=1	
Position 13702:	T=24	G=0	-=0	A=0	C=0	
Position 13703:	T=24	G=0	-=0	A=0	C=0	
Position 13704:	T=0	G=0	-=0	A=23	C=0	
Position 13705:	T=23	G=0	-=0	A=0	C=0	
Position 13706:	T=0	G=0	-=0	A=24	C=0	
Position 13707:	T=0	G=0	-=0	A=24	C=0	
Position 13708:	A=0	N=0	C=22	-=0	G=0	T=1	
Position 13709:	T=0	G=0	-=0	A=24	C=0	
Position 13710:	T=24	G=0	-=0	A=0	C=0	
Position 13711:	T=1	G=0	-=0	A=0	C=24	
Position 13712:	T=0	G=25	-=0	A=0	C=0	
Position 13713:	T=0	G=26	-=0	A=0	C=0	
Position 13714:	T=0	G=23	-=0	A=1	C=0	
Position 13715:	T=0	G=24	-=0	A=0	C=0	
Position 13716:	T=0	G=0	-=0	A=0	C=24	
Position 13717:	T=23	G=0	-=0	A=0	C=0	
Position 13718:	T=0	G=0	-=0	A=22	C=0	
Position 13719:	T=0	G=0	-=0	A=21	C=0	
Position 13720:	T=21	G=0	-=0	A=0	C=0	
Position 13721:	T=20	G=0	-=0	A=0	C=0	
Position 13722:	T=0	G=0	-=0	A=19	C=0	
Position 13723:	T=20	G=0	-=0	A=0	C=0	
Position 13724:	T=0	G=20	-=0	A=0	C=0	
Position 13725:	T=20	G=0	-=0	A=0	C=0	
Position 13726:	T=0	G=19	-=0	A=0	C=0	
Position 13727:	T=0	G=0	-=0	A=18	C=0	
Position 13728:	T=18	G=0	-=0	A=0	C=0	
Position 13729:	T=17	G=0	-=0	A=0	C=0	
Position 13730:	T=16	G=0	-=0	A=0	C=0	
Position 13731:	T=0	G=0	-=0	A=0	C=16	
Position 13732:	T=0	G=0	-=0	A=14	C=0	
Position 13733:	T=0	G=0	-=0	A=0	C=13	
Position 13734:	T=12	G=0	-=0	A=0	C=0	
Position 13735:	T=11	G=0	-=0	A=0	C=0	
Position 13736:	T=9	G=0	-=0	A=0	C=0	
Position 13737:	T=0	G=0	-=0	A=9	C=0	
Position 13738:	T=0	G=0	-=0	A=9	C=0	
Position 13739:	T=0	G=0	-=0	A=0	C=9	
Position 13740:	T=9	G=0	-=0	A=0	C=0	
Position 13741:	T=0	G=0	-=0	A=0	C=8	
Position 13742:	T=8	G=0	-=0	A=0	C=0	
Position 13743:	T=0	G=0	-=0	A=8	C=0	
Position 13744:	T=7	G=0	-=0	A=0	C=0	
Position 13745:	T=0	G=0	-=0	A=7	C=0	
Position 13746:	T=0	G=0	-=0	A=0	C=7	
Position 13747:	T=7	G=0	-=0	A=0	C=0	
Position 13748:	T=0	G=0	-=0	A=0	C=7	
Position 13749:	T=7	G=0	-=0	A=0	C=0	
Position 13750:	T=7	G=0	-=0	A=0	C=0	
Position 13751:	T=0	G=0	-=0	A=7	C=0	
Position 13752:	T=7	G=0	-=0	A=0	C=0	
Position 13753:	T=7	G=0	-=0	A=0	C=0	
Position 13754:	T=0	G=0	-=0	A=7	C=0	
Position 13755:	T=7	G=0	-=0	A=0	C=0	
Position 13756:	T=7	G=0	-=0	A=0	C=0	
Position 13757:	T=0	G=5	-=0	A=2	C=0	
Position 13758:	T=0	G=0	-=0	A=0	C=7	
Position 13759:	T=4	G=0	-=0	A=0	C=0	
Position 13760:	T=0	G=0	-=0	A=2	C=0	
Position 13761:	A=1	N=0	C=0	-=0	G=31	T=0	
Position 13762:	T=0	G=2	-=0	A=0	C=0	
Position 13763:	T=0	G=0	-=0	A=0	C=2	
Position 13764:	T=0	G=0	-=0	A=0	C=2	
Position 13765:	T=1	G=0	-=0	A=0	C=0	
Position 13766:	T=1	G=0	-=0	A=0	C=0	
Position 13767:	T=0	G=0	-=0	A=1	C=0	
Position 13768:	T=0	G=0	-=0	A=0	C=1	
Position 13769:	T=0	G=0	-=0	A=7	C=0	
Position 13770:	T=0	G=0	-=0	A=7	C=0	
Position 13771:	T=0	G=0	-=0	A=0	C=7	
Position 13772:	T=0	G=0	-=0	A=0	C=7	
Position 13773:	T=0	G=0	-=0	A=6	C=0	
Position 13774:	T=0	G=0	-=0	A=6	C=0	
Position 13775:	T=5	G=0	-=0	A=0	C=0	
Position 13776:	T=0	G=0	-=0	A=4	C=0	
Position 13777:	T=4	G=0	-=0	A=0	C=0	
Position 13778:	T=0	G=0	-=0	A=3	C=0	
Position 13779:	T=0	G=0	-=0	A=0	C=3	
Position 13780:	T=2	G=0	-=0	A=0	C=0	
Position 13781:	T=0	G=0	-=0	A=0	C=2	
Position 13782:	A=15	N=0	C=1	-=0	G=0	T=0	
Position 13783:	T=0	G=0	-=0	A=0	C=2	
Position 13784:	T=0	G=0	-=0	A=0	C=2	
Position 13785:	T=0	G=0	-=0	A=2	C=0	
Position 13786:	T=2	G=0	-=0	A=0	C=0	
Position 13787:	T=0	G=2	-=0	A=0	C=0	
Position 13788:	T=2	G=0	-=0	A=0	C=0	
Position 13789:	T=0	G=0	-=0	A=2	C=0	
Position 13790:	T=1	G=0	-=0	A=0	C=0	
Position 13791:	T=0	G=0	-=0	A=0	C=1	
Position 13792:	T=0	G=0	-=0	A=1	C=0	
Position 13793:	T=0	G=0	-=0	A=1	C=0	
Position 13794:	T=1	G=0	-=0	A=0	C=0	
Position 13795:	T=0	G=1	-=0	A=0	C=0	
Position 13796:	T=0	G=1	-=0	A=0	C=0	
Position 13797:	T=5	G=0	-=0	A=0	C=0	
Position 13798:	T=0	G=4	-=0	A=0	C=0	
Position 13799:	T=0	G=0	-=0	A=4	C=0	
Position 13800:	T=0	G=0	-=0	A=0	C=4	
Position 13801:	T=0	G=4	-=0	A=0	C=0	
Position 13802:	T=0	G=4	-=0	A=0	C=0	
Position 13803:	T=0	G=4	-=0	A=0	C=0	
Position 13804:	T=0	G=0	-=0	A=4	C=0	
Position 13805:	T=4	G=0	-=0	A=0	C=0	
Position 13806:	T=0	G=0	-=0	A=4	C=0	
Position 13807:	T=3	G=0	-=0	A=0	C=0	
Position 13808:	T=3	G=0	-=0	A=0	C=0	
Position 13809:	T=0	G=0	-=0	A=3	C=0	
Position 13810:	T=3	G=0	-=0	A=0	C=0	
Position 13811:	T=3	G=0	-=0	A=0	C=0	
Position 13812:	T=0	G=0	-=0	A=0	C=3	
Position 13813:	T=0	G=3	-=0	A=0	C=0	
Position 13814:	T=0	G=0	-=0	A=3	C=0	
Position 13815:	T=0	G=2	-=0	A=1	C=0	
Position 13816:	T=0	G=0	-=0	A=3	C=0	
Position 13817:	T=0	G=3	-=0	A=0	C=0	
Position 13818:	T=0	G=0	-=0	A=3	C=0	
Position 13819:	T=0	G=3	-=0	A=0	C=0	
Position 13820:	T=2	G=0	-=0	A=0	C=0	
Position 13821:	T=0	G=0	-=0	A=2	C=0	
Position 13822:	T=0	G=0	-=0	A=0	C=2	
Position 13823:	T=0	G=0	-=0	A=2	C=0	
Position 13824:	T=2	G=0	-=0	A=0	C=0	
Position 13825:	T=2	G=0	-=0	A=0	C=0	
Position 13826:	T=2	G=0	-=0	A=0	C=0	
Position 13827:	T=0	G=0	-=0	A=0	C=4	
Position 13828:	T=0	G=0	-=0	A=4	C=0	
Position 13829:	T=0	G=0	-=0	A=3	C=0	
Position 13830:	T=0	G=3	-=0	A=0	C=0	
Position 13831:	T=0	G=2	-=0	A=1	C=0	
Position 13832:	T=0	G=0	-=0	A=0	C=3	
Position 13833:	T=0	G=0	-=0	A=0	C=3	
Position 13834:	T=0	G=0	-=0	A=2	C=0	
Position 13835:	T=2	G=0	-=0	A=0	C=0	
Position 13836:	T=0	G=0	-=0	A=0	C=2	
Position 13837:	T=0	G=0	-=0	A=2	C=0	
Position 13838:	T=0	G=0	-=0	A=0	C=2	
Position 13839:	T=0	G=0	-=0	A=2	C=0	
Position 13840:	T=0	G=0	-=0	A=0	C=2	
Position 13841:	T=2	G=0	-=0	A=0	C=0	
Position 13842:	T=0	G=0	-=0	A=0	C=2	
Position 13843:	T=0	G=0	-=0	A=0	C=2	
Position 13844:	T=1	G=0	-=0	A=0	C=0	
Position 13845:	T=0	G=1	-=0	A=0	C=0	
Position 13846:	T=1	G=0	-=0	A=0	C=0	
Position 13847:	T=1	G=0	-=0	A=0	C=0	
Position 13848:	T=0	G=1	-=0	A=0	C=0	
Position 13849:	T=1	G=0	-=0	A=0	C=0	
Position 13850:	T=0	G=0	-=0	A=0	C=1	
Position 13851:	T=0	G=0	-=0	A=0	C=1	
Position 13852:	T=0	G=0	-=0	A=1	C=0	
Position 13853:	T=0	G=0	-=0	A=21	C=0	
Position 13854:	T=0	G=0	-=0	A=21	C=0	
Position 13855:	T=0	G=0	-=0	A=22	C=0	
Position 13856:	T=0	G=22	-=0	A=0	C=0	
Position 13857:	T=0	G=21	-=0	A=0	C=0	
Position 13858:	T=0	G=20	-=0	A=0	C=0	
Position 13859:	T=0	G=0	-=0	A=20	C=0	
Position 13860:	T=0	G=0	-=0	A=0	C=19	
Position 13861:	T=18	G=0	-=0	A=0	C=0	
Position 13862:	T=0	G=17	-=0	A=0	C=0	
Position 13863:	T=0	G=0	-=0	A=0	C=16	
Position 13864:	T=0	G=15	-=0	A=1	C=0	
Position 13865:	T=0	G=15	-=0	A=0	C=0	
Position 13866:	T=15	G=0	-=0	A=0	C=0	
Position 13867:	T=0	G=0	-=0	A=15	C=0	
Position 13868:	T=0	G=0	-=0	A=0	C=15	
Position 13869:	T=0	G=15	-=0	A=0	C=0	
Position 13870:	T=0	G=15	-=0	A=0	C=0	
Position 13871:	T=0	G=0	-=0	A=15	C=0	
Position 13872:	T=0	G=0	-=0	A=15	C=0	
Position 13873:	T=15	G=0	-=0	A=0	C=0	
Position 13874:	T=0	G=0	-=0	A=15	C=0	
Position 13875:	T=0	G=15	-=0	A=0	C=0	
Position 13876:	T=15	G=0	-=0	A=0	C=0	
Position 13877:	T=0	G=0	-=0	A=0	C=14	
Position 13878:	T=0	G=0	-=0	A=0	C=14	
Position 13879:	T=14	G=0	-=0	A=0	C=0	
Position 13880:	T=0	G=0	-=0	A=14	C=0	
Position 13881:	T=13	G=0	-=0	A=0	C=0	
Position 13882:	T=13	G=0	-=0	A=0	C=0	
Position 13883:	T=13	G=0	-=0	A=0	C=0	
Position 13884:	T=0	G=0	-=0	A=13	C=0	
Position 13885:	T=13	G=0	-=0	A=0	C=0	
Position 13886:	T=0	G=0	-=0	A=0	C=13	
Position 13887:	T=0	G=13	-=0	A=0	C=0	
Position 13888:	T=13	G=0	-=0	A=0	C=0	
Position 13889:	T=0	G=0	-=0	A=13	C=0	
Position 13890:	T=13	G=0	-=0	A=0	C=0	
Position 13891:	T=0	G=0	-=0	A=0	C=13	
Position 13892:	T=0	G=0	-=0	A=13	C=0	
Position 13893:	T=0	G=12	-=0	A=0	C=0	
Position 13894:	T=0	G=0	-=0	A=12	C=0	
Position 13895:	T=0	G=0	-=0	A=12	C=0	
Position 13896:	T=0	G=12	-=0	A=0	C=0	
Position 13897:	T=12	G=0	-=0	A=0	C=0	
Position 13898:	T=0	G=0	-=0	A=12	C=0	
Position 13899:	T=11	G=0	-=0	A=0	C=0	
Position 13900:	T=10	G=0	-=0	A=0	C=0	
Position 13901:	T=0	G=0	-=0	A=0	C=10	
Position 13902:	T=8	G=0	-=0	A=0	C=0	
Position 13903:	T=7	G=0	-=0	A=0	C=0	
Position 13904:	T=0	G=0	-=0	A=0	C=7	
Position 13905:	T=7	G=0	-=0	A=0	C=0	
Position 13906:	T=7	G=0	-=0	A=0	C=0	
Position 13907:	T=6	G=0	-=0	A=0	C=0	
Position 13908:	T=0	G=6	-=0	A=0	C=0	
Position 13909:	T=0	G=0	-=0	A=0	C=6	
Position 13910:	T=0	G=0	-=0	A=6	C=0	
Position 13911:	T=0	G=6	-=0	A=0	C=0	
Position 13912:	T=0	G=6	-=0	A=0	C=0	
Position 13913:	T=0	G=0	-=0	A=6	C=0	
Position 13914:	T=6	G=0	-=0	A=0	C=0	
Position 13915:	T=6	G=0	-=0	A=0	C=0	
Position 13916:	T=0	G=0	-=0	A=0	C=6	
Position 13917:	T=6	G=0	-=0	A=0	C=0	
Position 13918:	T=5	G=0	-=0	A=0	C=0	
Position 13919:	T=0	G=0	-=0	A=0	C=4	
Position 13920:	T=4	G=0	-=0	A=0	C=0	
Position 13921:	T=0	G=3	-=0	A=1	C=0	
Position 13922:	T=0	G=0	-=0	A=4	C=0	
Position 13923:	T=0	G=4	-=0	A=0	C=0	
Position 13924:	T=0	G=0	-=0	A=0	C=4	
Position 13925:	T=3	G=0	-=0	A=0	C=0	
Position 13926:	T=3	G=0	-=0	A=0	C=0	
Position 13927:	T=3	G=0	-=0	A=0	C=0	
Position 13928:	T=2	G=0	-=0	A=0	C=0	
Position 13929:	T=2	G=0	-=0	A=0	C=0	
Position 13930:	T=0	G=0	-=0	A=1	C=0	
Position 13931:	T=1	G=0	-=0	A=0	C=0	
Position 13932:	T=0	G=0	-=0	A=0	C=1	
Position 13933:	T=0	G=0	-=0	A=1	C=0	
Position 13934:	T=0	G=0	-=0	A=0	C=1	
Position 13935:	T=1	G=0	-=0	A=0	C=0	
Position 13936:	T=0	G=0	-=0	A=0	C=1	
Position 13937:	T=0	G=0	-=0	A=1	C=0	
Position 13938:	T=0	G=0	-=0	A=1	C=0	
Position 13939:	T=0	G=9	-=0	A=0	C=0	
Position 13940:	T=0	G=0	-=0	A=0	C=9	
Position 13941:	T=0	G=0	-=0	A=0	C=9	
Position 13942:	T=9	G=0	-=0	A=0	C=0	
Position 13943:	T=0	G=0	-=0	A=8	C=0	
Position 13944:	T=0	G=7	-=0	A=1	C=0	
Position 13945:	T=0	G=0	-=0	A=0	C=8	
Position 13946:	T=0	G=0	-=0	A=7	C=0	
Position 13947:	T=0	G=0	-=0	A=0	C=7	
Position 13948:	T=0	G=0	-=0	A=0	C=7	
Position 13949:	T=0	G=0	-=0	A=0	C=7	
Position 13950:	T=0	G=0	-=0	A=6	C=0	
Position 13951:	T=0	G=0	-=0	A=0	C=5	
Position 13952:	T=4	G=0	-=0	A=0	C=0	
Position 13953:	T=0	G=0	-=0	A=0	C=4	
Position 13954:	T=0	G=0	-=0	A=0	C=4	
Position 13955:	T=0	G=0	-=0	A=0	C=4	
Position 13956:	T=0	G=4	-=0	A=0	C=0	
Position 13957:	T=0	G=0	-=0	A=4	C=0	
Position 13958:	T=0	G=0	-=0	A=4	C=0	
Position 13959:	T=0	G=0	-=0	A=0	C=4	
Position 13960:	T=4	G=0	-=0	A=0	C=0	
Position 13961:	T=0	G=0	-=0	A=4	C=0	
Position 13962:	T=0	G=4	-=0	A=0	C=0	
Position 13963:	T=0	G=4	-=0	A=0	C=0	
Position 13964:	T=0	G=0	-=0	A=4	C=0	
Position 13965:	T=0	G=4	-=0	A=0	C=0	
Position 13966:	T=0	G=0	-=0	A=0	C=4	
Position 13967:	T=0	G=0	-=0	A=4	C=0	
Position 13968:	T=4	G=0	-=0	A=0	C=0	
Position 13969:	T=0	G=4	-=0	A=0	C=0	
Position 13970:	T=0	G=0	-=0	A=0	C=4	
Position 13971:	T=4	G=0	-=0	A=0	C=0	
Position 13972:	T=0	G=4	-=0	A=0	C=0	
Position 13973:	T=0	G=0	-=0	A=4	C=0	
Position 13974:	T=0	G=0	-=0	A=0	C=4	
Position 13975:	T=0	G=0	-=0	A=0	C=4	
Position 13976:	T=0	G=0	-=0	A=4	C=0	
Position 13977:	T=0	G=0	-=0	A=0	C=3	
Position 13978:	T=0	G=0	-=0	A=0	C=3	
Position 13979:	T=0	G=0	-=0	A=0	C=2	
Position 13980:	T=0	G=0	-=0	A=2	C=0	
Position 13981:	T=0	G=0	-=0	A=0	C=2	
Position 13982:	T=0	G=0	-=0	A=2	C=0	
Position 13983:	T=0	G=2	-=0	A=0	C=0	
Position 13984:	T=0	G=1	-=0	A=1	C=0	
Position 13985:	T=1	G=0	-=0	A=0	C=0	
Position 13986:	T=0	G=0	-=0	A=1	C=0	
Position 13987:	T=1	G=0	-=0	A=0	C=0	
Position 13988:	T=1	G=0	-=0	A=0	C=0	
Position 13989:	T=0	G=0	-=0	A=1	C=0	
Position 13990:	T=0	G=0	-=0	A=0	C=1	
Position 13991:	T=1	G=0	-=0	A=0	C=0	
Position 13992:	T=0	G=0	-=0	A=0	C=1	
Position 13993:	T=0	G=0	-=0	A=0	C=1	
Position 13994:	T=0	G=0	-=0	A=0	C=2	
Position 13995:	T=0	G=0	-=0	A=0	C=2	
Position 13996:	T=2	G=0	-=0	A=0	C=0	
Position 13997:	T=0	G=0	-=0	A=15	C=0	
Position 13998:	T=0	G=0	-=0	A=15	C=0	
Position 13999:	T=0	G=0	-=0	A=15	C=0	
Position 14000:	T=0	G=0	-=0	A=0	C=14	
Position 14001:	T=0	G=0	-=0	A=0	C=13	
Position 14002:	T=0	G=0	-=0	A=0	C=11	
Position 14003:	T=0	G=11	-=0	A=0	C=0	
Position 14004:	T=0	G=0	-=0	A=0	C=11	
Position 14005:	T=11	G=0	-=0	A=0	C=0	
Position 14006:	T=0	G=0	-=0	A=11	C=0	
Position 14007:	T=0	G=10	-=0	A=1	C=0	
Position 14008:	T=0	G=0	-=0	A=10	C=0	
Position 14009:	T=0	G=0	-=0	A=10	C=0	
Position 14010:	T=0	G=9	-=0	A=0	C=0	
Position 14011:	T=9	G=0	-=0	A=0	C=0	
Position 14012:	T=0	G=0	-=0	A=0	C=7	
Position 14013:	T=0	G=0	-=0	A=0	C=7	
Position 14014:	T=0	G=0	-=0	A=0	C=6	
Position 14015:	T=0	G=0	-=0	A=6	C=0	
Position 14016:	T=0	G=0	-=0	A=0	C=5	
Position 14017:	T=4	G=0	-=0	A=0	C=0	
Position 14018:	T=4	G=0	-=0	A=0	C=0	
Position 14019:	T=0	G=0	-=0	A=0	C=4	
Position 14020:	T=4	G=0	-=0	A=0	C=0	
Position 14021:	T=0	G=0	-=0	A=0	C=4	
Position 14022:	T=0	G=0	-=0	A=4	C=0	
Position 14023:	T=0	G=0	-=0	A=4	C=0	
Position 14024:	T=0	G=0	-=0	A=0	C=4	
Position 14025:	T=0	G=0	-=0	A=3	C=0	
Position 14026:	T=0	G=0	-=0	A=0	C=3	
Position 14027:	T=3	G=0	-=0	A=0	C=0	
Position 14028:	T=3	G=0	-=0	A=0	C=0	
Position 14029:	T=0	G=0	-=0	A=0	C=3	
Position 14030:	T=0	G=3	-=0	A=0	C=0	
Position 14031:	T=0	G=2	-=0	A=0	C=0	
Position 14032:	T=15	G=0	-=0	A=0	C=0	
Position 14033:	T=0	G=0	-=0	A=15	C=0	
Position 14034:	T=0	G=0	-=0	A=0	C=15	
Position 14035:	T=15	G=0	-=0	A=0	C=0	
Position 14036:	T=15	G=0	-=0	A=0	C=0	
Position 14037:	T=0	G=0	-=0	A=0	C=15	
Position 14038:	T=13	G=0	-=0	A=0	C=0	
Position 14039:	T=12	G=0	-=0	A=0	C=0	
Position 14040:	T=0	G=11	-=0	A=1	C=0	
Position 14041:	T=0	G=0	-=0	A=0	C=11	
Position 14042:	T=0	G=0	-=0	A=11	C=0	
Position 14043:	T=11	G=0	-=0	A=0	C=0	
Position 14044:	T=0	G=0	-=0	A=0	C=11	
Position 14045:	T=0	G=0	-=0	A=0	C=11	
Position 14046:	T=0	G=11	-=0	A=0	C=0	
Position 14047:	T=0	G=11	-=0	A=0	C=0	
Position 14048:	T=0	G=0	-=0	A=11	C=0	
Position 14049:	T=0	G=11	-=0	A=0	C=0	
Position 14050:	T=11	G=0	-=0	A=0	C=0	
Position 14051:	T=0	G=11	-=0	A=0	C=0	
Position 14052:	T=11	G=0	-=0	A=0	C=0	
Position 14053:	T=0	G=0	-=0	A=0	C=11	
Position 14054:	T=0	G=0	-=0	A=0	C=11	
Position 14055:	T=0	G=0	-=0	A=10	C=0	
Position 14056:	T=9	G=0	-=0	A=0	C=0	
Position 14057:	T=9	G=0	-=0	A=0	C=0	
Position 14058:	T=0	G=0	-=0	A=9	C=0	
Position 14059:	T=0	G=0	-=0	A=0	C=8	
Position 14060:	T=0	G=0	-=0	A=0	C=8	
Position 14061:	T=8	G=0	-=0	A=0	C=0	
Position 14062:	T=0	G=7	-=0	A=0	C=0	
Position 14063:	T=0	G=0	-=0	A=7	C=0	
Position 14064:	T=0	G=7	-=0	A=0	C=0	
Position 14065:	T=0	G=0	-=0	A=0	C=7	
Position 14066:	T=6	G=0	-=0	A=0	C=0	
Position 14067:	T=0	G=0	-=0	A=0	C=6	
Position 14068:	T=0	G=0	-=0	A=5	C=0	
Position 14069:	T=0	G=0	-=0	A=0	C=5	
Position 14070:	T=0	G=0	-=0	A=0	C=4	
Position 14071:	T=0	G=0	-=0	A=4	C=0	
Position 14072:	T=0	G=0	-=0	A=0	C=4	
Position 14073:	T=0	G=0	-=0	A=3	C=0	
Position 14074:	T=0	G=3	-=0	A=0	C=0	
Position 14075:	T=0	G=0	-=0	A=0	C=2	
Position 14076:	T=2	G=0	-=0	A=0	C=0	
Position 14077:	T=2	G=0	-=0	A=0	C=0	
Position 14078:	T=0	G=0	-=0	A=2	C=0	
Position 14079:	T=0	G=0	-=0	A=2	C=0	
Position 14080:	T=2	G=0	-=0	A=0	C=0	
Position 14081:	T=0	G=0	-=0	A=2	C=0	
Position 14082:	A=1	N=0	C=0	-=0	G=12	T=0	
Position 14083:	T=0	G=0	-=0	A=2	C=0	
Position 14084:	T=0	G=2	-=0	A=0	C=0	
Position 14085:	T=0	G=2	-=0	A=0	C=0	
Position 14086:	A=3	N=0	C=0	-=0	G=9	T=0	
Position 14087:	T=0	G=0	-=0	A=1	C=0	
Position 14088:	T=0	G=0	-=0	A=1	C=0	
Position 14089:	T=0	G=1	-=0	A=0	C=0	
Position 14090:	T=0	G=0	-=0	A=0	C=1	
Position 14091:	T=0	G=0	-=0	A=0	C=1	
Position 14092:	T=0	G=1	-=0	A=0	C=0	
Position 14093:	T=0	G=0	-=0	A=0	C=1	
Position 14094:	T=0	G=0	-=0	A=1	C=0	
Position 14095:	T=0	G=0	-=0	A=1	C=0	
Position 14096:	T=0	G=1	-=0	A=0	C=0	
Position 14097:	T=0	G=0	-=0	A=0	C=1	
Position 14098:	T=0	G=0	-=0	A=1	C=0	
Position 14099:	T=0	G=0	-=0	A=0	C=1	
Position 14100:	T=0	G=0	-=0	A=1	C=0	
Position 14101:	T=1	G=0	-=0	A=0	C=0	
Position 14102:	T=0	G=0	-=0	A=1	C=0	
Position 14103:	T=0	G=0	-=0	A=0	C=2	
Position 14104:	T=2	G=0	-=0	A=0	C=0	
Position 14105:	T=0	G=0	-=0	A=0	C=2	
Position 14106:	T=0	G=0	-=0	A=0	C=1	
Position 14107:	T=0	G=0	-=0	A=1	C=0	
Position 14108:	T=0	G=0	-=0	A=1	C=0	
Position 14109:	T=0	G=1	-=0	A=0	C=0	
Position 14110:	T=0	G=0	-=0	A=0	C=1	
Position 14111:	A=0	N=0	C=1	-=0	G=0	T=0	
Position 14112:	A=0	N=0	C=2	-=0	G=0	T=0	
Position 14113:	T=2	G=0	-=0	A=0	C=0	
Position 14114:	T=0	G=0	-=0	A=2	C=0	
Position 14115:	T=2	G=0	-=0	A=0	C=0	
Position 14116:	T=2	G=0	-=0	A=0	C=0	
Position 14117:	T=0	G=0	-=0	A=0	C=2	
Position 14118:	T=0	G=0	-=0	A=2	C=0	
Position 14119:	T=2	G=0	-=0	A=0	C=0	
Position 14120:	T=2	G=0	-=0	A=0	C=0	
Position 14121:	T=0	G=0	-=0	A=2	C=0	
Position 14122:	T=0	G=0	-=0	A=0	C=2	
Position 14123:	T=2	G=0	-=0	A=0	C=0	
Position 14124:	T=0	G=0	-=0	A=2	C=0	
Position 14125:	T=2	G=0	-=0	A=0	C=0	
Position 14126:	T=2	G=0	-=0	A=0	C=0	
Position 14127:	T=2	G=0	-=0	A=0	C=0	
Position 14128:	T=0	G=0	-=0	A=0	C=2	
Position 14129:	T=2	G=0	-=0	A=0	C=0	
Position 14130:	T=0	G=0	-=0	A=0	C=2	
Position 14131:	T=2	G=0	-=0	A=0	C=0	
Position 14132:	T=0	G=0	-=0	A=2	C=0	
Position 14133:	T=0	G=2	-=0	A=0	C=0	
Position 14134:	T=0	G=2	-=0	A=0	C=0	
Position 14135:	T=0	G=0	-=0	A=0	C=2	
Position 14136:	T=0	G=2	-=0	A=0	C=0	
Position 14137:	T=2	G=0	-=0	A=0	C=0	
Position 14138:	T=0	G=2	-=0	A=0	C=0	
Position 14139:	T=2	G=0	-=0	A=0	C=0	
Position 14140:	T=0	G=0	-=0	A=2	C=0	
Position 14141:	T=0	G=0	-=0	A=0	C=2	
Position 14142:	T=2	G=0	-=0	A=0	C=0	
Position 14143:	T=1	G=0	-=0	A=0	C=0	
Position 14144:	T=1	G=0	-=0	A=0	C=0	
Position 14145:	T=0	G=0	-=0	A=1	C=0	
Position 14146:	T=0	G=0	-=0	A=0	C=1	
Position 14147:	T=0	G=0	-=0	A=1	C=0	
Position 14148:	T=0	G=0	-=0	A=0	C=1	
Position 14149:	T=1	G=0	-=0	A=0	C=0	
Position 14150:	T=0	G=0	-=0	A=0	C=1	
Position 14151:	T=0	G=0	-=0	A=0	C=5	
Position 14152:	T=4	G=0	-=0	A=0	C=0	
Position 14153:	T=0	G=0	-=0	A=3	C=0	
Position 14154:	T=0	G=0	-=0	A=0	C=2	
Position 14155:	T=0	G=0	-=0	A=2	C=0	
Position 14156:	T=0	G=0	-=0	A=2	C=0	
Position 14157:	T=0	G=2	-=0	A=0	C=0	
Position 14158:	T=0	G=0	-=0	A=0	C=2	
Position 14159:	T=0	G=0	-=0	A=0	C=2	
Position 14160:	T=2	G=0	-=0	A=0	C=0	
Position 14161:	T=0	G=0	-=0	A=0	C=2	
Position 14162:	T=0	G=0	-=0	A=0	C=2	
Position 14163:	T=0	G=2	-=0	A=0	C=0	
Position 14164:	T=0	G=0	-=0	A=2	C=0	
Position 14165:	T=0	G=2	-=0	A=0	C=0	
Position 14166:	T=2	G=0	-=0	A=0	C=0	
Position 14167:	T=0	G=0	-=0	A=2	C=0	
Position 14168:	T=0	G=0	-=0	A=0	C=2	
Position 14169:	T=1	G=0	-=0	A=0	C=0	
Position 14170:	T=0	G=0	-=0	A=1	C=0	
Position 14171:	T=1	G=0	-=0	A=0	C=0	
Position 14172:	T=0	G=1	-=0	A=0	C=0	
Position 14173:	T=0	G=0	-=0	A=1	C=0	
Position 14174:	T=0	G=1	-=0	A=0	C=0	
Position 14175:	T=0	G=1	-=0	A=0	C=0	
Position 14176:	T=0	G=0	-=0	A=0	C=1	
Position 14177:	T=0	G=0	-=0	A=1	C=0	
Position 14178:	T=1	G=0	-=0	A=0	C=0	
Position 14179:	T=0	G=0	-=0	A=0	C=1	
Position 14180:	T=0	G=0	-=0	A=0	C=1	
Position 14181:	T=1	G=0	-=0	A=0	C=0	
Position 14182:	T=1	G=0	-=0	A=0	C=0	
Position 14183:	T=0	G=0	-=0	A=0	C=1	
Position 14184:	T=0	G=0	-=0	A=1	C=0	
Position 14185:	T=0	G=0	-=0	A=0	C=1	
Position 14186:	T=4	G=0	-=0	A=0	C=0	
Position 14187:	T=0	G=0	-=0	A=3	C=0	
Position 14188:	T=3	G=0	-=0	A=0	C=0	
Position 14189:	T=3	G=0	-=0	A=0	C=0	
Position 14190:	T=3	G=0	-=0	A=0	C=0	
Position 14191:	T=0	G=0	-=0	A=0	C=3	
Position 14192:	T=0	G=0	-=0	A=3	C=0	
Position 14193:	T=0	G=3	-=0	A=0	C=0	
Position 14194:	T=0	G=0	-=0	A=3	C=0	
Position 14195:	T=2	G=0	-=0	A=0	C=0	
Position 14196:	T=0	G=2	-=0	A=0	C=0	
Position 14197:	T=0	G=2	-=0	A=0	C=0	
Position 14198:	T=0	G=0	-=0	A=2	C=0	
Position 14199:	A=1	N=0	C=0	-=0	G=7	T=0	
Position 14200:	T=2	G=0	-=0	A=0	C=0	
Position 14201:	T=0	G=0	-=0	A=0	C=2	
Position 14202:	T=1	G=0	-=0	A=0	C=0	
Position 14203:	T=0	G=0	-=0	A=1	C=0	
Position 14204:	T=0	G=0	-=0	A=0	C=1	
Position 14205:	T=0	G=1	-=0	A=0	C=0	
Position 14206:	T=0	G=1	-=0	A=0	C=0	
Position 14207:	T=0	G=0	-=0	A=0	C=1	
Position 14208:	T=1	G=0	-=0	A=0	C=0	
Position 14209:	T=0	G=0	-=0	A=0	C=1	
Position 14210:	T=0	G=0	-=0	A=1	C=0	
Position 14211:	T=0	G=0	-=0	A=1	C=0	
Position 14212:	T=0	G=0	-=0	A=0	C=1	
Position 14213:	T=1	G=0	-=0	A=0	C=0	
Position 14214:	T=1	G=0	-=0	A=0	C=0	
Position 14215:	T=1	G=0	-=0	A=0	C=0	
Position 14216:	T=1	G=0	-=0	A=0	C=0	
Position 14217:	T=1	G=0	-=0	A=0	C=0	
Position 14218:	T=1	G=0	-=0	A=0	C=0	
Position 14219:	T=0	G=0	-=0	A=0	C=1	
Position 14220:	T=0	G=0	-=0	A=1	C=0	
Position 14221:	T=1	G=0	-=0	A=0	C=0	
Position 14222:	T=0	G=0	-=0	A=1	C=0	
Position 14223:	T=0	G=1	-=0	A=0	C=0	
Position 14224:	T=0	G=0	-=0	A=0	C=1	
Position 14225:	T=0	G=1	-=0	A=0	C=0	
Position 14226:	T=0	G=0	-=0	A=5	C=0	
Position 14227:	T=0	G=0	-=0	A=0	C=4	
Position 14228:	T=3	G=0	-=0	A=0	C=0	
Position 14229:	T=0	G=2	-=0	A=1	C=0	
Position 14230:	T=0	G=3	-=0	A=0	C=0	
Position 14231:	T=0	G=0	-=0	A=3	C=0	
Position 14232:	T=3	G=0	-=0	A=0	C=0	
Position 14233:	T=3	G=0	-=0	A=0	C=0	
Position 14234:	T=2	G=0	-=0	A=0	C=0	
Position 14235:	T=0	G=0	-=0	A=0	C=2	
Position 14236:	T=0	G=0	-=0	A=2	C=0	
Position 14237:	T=0	G=0	-=0	A=0	C=2	
Position 14238:	T=0	G=2	-=0	A=0	C=0	
Position 14239:	T=0	G=2	-=0	A=0	C=0	
Position 14240:	T=0	G=0	-=0	A=2	C=0	
Position 14241:	T=0	G=0	-=0	A=0	C=2	
Position 14242:	T=2	G=0	-=0	A=0	C=0	
Position 14243:	T=2	G=0	-=0	A=0	C=0	
Position 14244:	T=0	G=0	-=0	A=0	C=2	
Position 14245:	T=0	G=0	-=0	A=1	C=0	
Position 14246:	T=9	G=0	-=0	A=0	C=0	
Position 14247:	T=0	G=9	-=0	A=0	C=0	
Position 14248:	T=9	G=0	-=0	A=0	C=0	
Position 14249:	T=0	G=0	-=0	A=9	C=0	
Position 14250:	T=0	G=0	-=0	A=9	C=0	
Position 14251:	T=8	G=0	-=0	A=0	C=0	
Position 14252:	T=0	G=0	-=0	A=0	C=8	
Position 14253:	T=0	G=0	-=0	A=8	C=0	
Position 14254:	T=8	G=0	-=0	A=0	C=0	
Position 14255:	T=8	G=0	-=0	A=0	C=0	
Position 14256:	T=0	G=8	-=0	A=0	C=0	
Position 14257:	T=0	G=7	-=0	A=1	C=0	
Position 14258:	T=0	G=0	-=0	A=0	C=8	
Position 14259:	T=7	G=0	-=0	A=0	C=0	
Position 14260:	T=0	G=0	-=0	A=0	C=5	
Position 14261:	T=0	G=0	-=0	A=4	C=0	
Position 14262:	T=0	G=0	-=0	A=4	C=0	
Position 14263:	T=0	G=0	-=0	A=0	C=4	
Position 14264:	T=4	G=0	-=0	A=0	C=0	
Position 14265:	T=4	G=0	-=0	A=0	C=0	
Position 14266:	T=3	G=0	-=0	A=0	C=0	
Position 14267:	T=3	G=0	-=0	A=0	C=0	
Position 14268:	T=0	G=0	-=0	A=0	C=3	
Position 14269:	T=3	G=0	-=0	A=0	C=0	
Position 14270:	T=0	G=0	-=0	A=0	C=2	
Position 14271:	T=0	G=0	-=0	A=2	C=0	
Position 14272:	T=0	G=0	-=0	A=0	C=1	
Position 14273:	T=0	G=0	-=0	A=1	C=0	
Position 14274:	T=0	G=1	-=0	A=0	C=0	
Position 14275:	T=1	G=0	-=0	A=0	C=0	
Position 14276:	T=0	G=0	-=0	A=0	C=1	
Position 14277:	T=1	G=0	-=0	A=0	C=0	
Position 14278:	T=0	G=1	-=0	A=0	C=0	
Position 14279:	T=1	G=0	-=0	A=0	C=0	
Position 14280:	T=1	G=0	-=0	A=0	C=0	
Position 14281:	T=1	G=0	-=0	A=0	C=0	
Position 14282:	T=0	G=0	-=0	A=0	C=1	
Position 14283:	T=0	G=0	-=0	A=0	C=1	
Position 14284:	T=1	G=0	-=0	A=0	C=0	
Position 14285:	T=0	G=0	-=0	A=1	C=0	
Position 14286:	T=0	G=0	-=0	A=0	C=1	
Position 14287:	T=0	G=1	-=0	A=0	C=0	
Position 14288:	T=0	G=0	-=0	A=1	C=0	
Position 14289:	T=0	G=0	-=0	A=0	C=1	
Position 14290:	T=0	G=0	-=0	A=1	C=0	
Position 14291:	T=0	G=0	-=0	A=1	C=0	
Position 14292:	T=0	G=0	-=0	A=0	C=1	
Position 14293:	T=1	G=0	-=0	A=0	C=0	
Position 14294:	T=0	G=0	-=0	A=1	C=0	
Position 14295:	T=0	G=0	-=0	A=0	C=1	
Position 14296:	T=0	G=0	-=0	A=1	C=0	
Position 14297:	T=0	G=0	-=0	A=0	C=1	
Position 14298:	T=1	G=0	-=0	A=0	C=0	
Position 14299:	T=1	G=0	-=0	A=0	C=0	
Position 14300:	T=1	G=0	-=0	A=0	C=0	
Position 14301:	T=0	G=0	-=0	A=0	C=1	
Position 14302:	T=0	G=0	-=0	A=1	C=0	
Position 14303:	T=1	G=0	-=0	A=0	C=0	
Position 14304:	T=1	G=0	-=0	A=0	C=0	
Position 14305:	T=1	G=0	-=0	A=0	C=0	
Position 14306:	T=0	G=0	-=0	A=0	C=1	
Position 14307:	T=0	G=0	-=0	A=1	C=0	
Position 14308:	T=0	G=0	-=0	A=0	C=1	
Position 14309:	T=0	G=0	-=0	A=1	C=0	
Position 14310:	T=1	G=0	-=0	A=0	C=0	
Position 14311:	T=0	G=0	-=0	A=0	C=12	
Position 14312:	T=0	G=0	-=0	A=12	C=0	
Position 14313:	T=0	G=0	-=0	A=12	C=0	
Position 14314:	T=0	G=12	-=0	A=0	C=0	
Position 14315:	T=12	G=0	-=0	A=0	C=0	
Position 14316:	T=0	G=0	-=0	A=0	C=12	
Position 14317:	T=0	G=0	-=0	A=12	C=0	
Position 14318:	T=0	G=0	-=0	A=0	C=12	
Position 14319:	T=0	G=0	-=0	A=0	C=12	
Position 14320:	T=0	G=0	-=0	A=12	C=0	
Position 14321:	T=12	G=0	-=0	A=0	C=0	
Position 14322:	T=11	G=0	-=0	A=0	C=0	
Position 14323:	T=11	G=0	-=0	A=0	C=0	
Position 14324:	T=0	G=0	-=0	A=0	C=11	
Position 14325:	T=0	G=10	-=0	A=1	C=0	
Position 14326:	T=0	G=9	-=0	A=1	C=0	
Position 14327:	T=0	G=0	-=0	A=0	C=10	
Position 14328:	T=9	G=0	-=0	A=0	C=0	
Position 14329:	T=9	G=0	-=0	A=0	C=0	
Position 14330:	T=8	G=0	-=0	A=0	C=0	
Position 14331:	T=0	G=7	-=0	A=1	C=0	
Position 14332:	T=0	G=0	-=0	A=7	C=0	
Position 14333:	T=0	G=0	-=0	A=5	C=0	
Position 14334:	T=0	G=5	-=0	A=0	C=0	
Position 14335:	T=0	G=0	-=0	A=0	C=5	
Position 14336:	T=0	G=0	-=0	A=5	C=0	
Position 14337:	T=0	G=4	-=0	A=1	C=0	
Position 14338:	T=0	G=0	-=0	A=0	C=5	
Position 14339:	T=0	G=0	-=0	A=5	C=0	
Position 14340:	T=0	G=5	-=0	A=1	C=0	
Position 14341:	T=0	G=0	-=0	A=0	C=4	
Position 14342:	T=0	G=0	-=0	A=3	C=0	
Position 14343:	T=3	G=0	-=0	A=0	C=0	
Position 14344:	T=0	G=3	-=0	A=0	C=0	
Position 14345:	T=0	G=0	-=0	A=3	C=0	
Position 14346:	T=3	G=0	-=0	A=0	C=0	
Position 14347:	T=0	G=0	-=0	A=3	C=0	
Position 14348:	T=3	G=0	-=0	A=0	C=0	
Position 14349:	T=3	G=0	-=0	A=0	C=0	
Position 14350:	T=0	G=3	-=0	A=0	C=0	
Position 14351:	T=0	G=0	-=0	A=3	C=0	
Position 14352:	A=0	N=0	C=3	-=0	G=0	T=0	
Position 14353:	T=0	G=0	-=0	A=3	C=0	
Position 14354:	T=3	G=0	-=0	A=0	C=0	
Position 14355:	T=3	G=0	-=0	A=0	C=0	
Position 14356:	T=3	G=0	-=0	A=0	C=0	
Position 14357:	T=0	G=0	-=0	A=0	C=3	
Position 14358:	T=0	G=2	-=0	A=0	C=0	
Position 14359:	T=2	G=0	-=0	A=0	C=0	
Position 14360:	T=0	G=0	-=0	A=2	C=0	
Position 14361:	T=0	G=2	-=0	A=0	C=0	
Position 14362:	T=0	G=0	-=0	A=2	C=0	
Position 14363:	T=2	G=0	-=0	A=0	C=0	
Position 14364:	T=0	G=2	-=0	A=0	C=0	
Position 14365:	T=2	G=0	-=0	A=0	C=0	
Position 14366:	T=2	G=0	-=0	A=0	C=0	
Position 14367:	T=0	G=2	-=0	A=0	C=0	
Position 14368:	T=2	G=0	-=0	A=0	C=0	
Position 14369:	T=0	G=0	-=0	A=2	C=0	
Position 14370:	T=1	G=0	-=0	A=0	C=0	
Position 14371:	T=0	G=4	-=0	A=0	C=0	
Position 14372:	T=0	G=0	-=0	A=4	C=0	
Position 14373:	T=0	G=0	-=0	A=0	C=2	
Position 14374:	T=2	G=0	-=0	A=0	C=0	
Position 14375:	T=0	G=0	-=0	A=2	C=0	
Position 14376:	T=2	G=0	-=0	A=0	C=0	
Position 14377:	T=2	G=0	-=0	A=0	C=0	
Position 14378:	T=0	G=0	-=0	A=0	C=2	
Position 14379:	T=0	G=0	-=0	A=0	C=2	
Position 14380:	T=2	G=0	-=0	A=0	C=0	
Position 14381:	T=0	G=0	-=0	A=2	C=0	
Position 14382:	T=2	G=0	-=0	A=0	C=0	
Position 14383:	T=0	G=0	-=0	A=2	C=0	
Position 14384:	T=2	G=0	-=0	A=0	C=0	
Position 14385:	T=0	G=1	-=0	A=0	C=0	
Position 14386:	T=1	G=0	-=0	A=0	C=0	
Position 14387:	T=1	G=0	-=0	A=0	C=0	
Position 14388:	T=1	G=0	-=0	A=0	C=0	
Position 14389:	A=0	N=0	C=1	-=0	G=0	T=0	
Position 14390:	A=0	N=0	C=1	-=0	G=0	T=0	
Position 14391:	T=0	G=0	-=0	A=1	C=0	
Position 14392:	T=1	G=0	-=0	A=0	C=0	
Position 14393:	T=0	G=0	-=0	A=0	C=1	
Position 14394:	T=1	G=0	-=0	A=0	C=0	
Position 14395:	T=0	G=0	-=0	A=1	C=0	
Position 14396:	T=1	G=0	-=0	A=0	C=0	
Position 14397:	T=1	G=0	-=0	A=0	C=0	
Position 14398:	T=0	G=1	-=0	A=0	C=0	
Position 14399:	T=0	G=0	-=0	A=1	C=0	
Position 14400:	T=1	G=0	-=0	A=0	C=0	
Position 14401:	T=0	G=1	-=0	A=0	C=0	
Position 14402:	T=0	G=0	-=0	A=1	C=0	
Position 14403:	T=0	G=1	-=0	A=0	C=0	
Position 14404:	T=0	G=1	-=0	A=0	C=0	
Position 14405:	T=0	G=1	-=0	A=0	C=0	
Position 14406:	T=1	G=0	-=0	A=0	C=0	
Position 14407:	T=0	G=0	-=0	A=0	C=1	
Position 14408:	T=0	G=0	-=0	A=0	C=1	
Position 14409:	T=1	G=0	-=0	A=0	C=0	
Position 14410:	T=0	G=2	-=0	A=0	C=0	
Position 14411:	T=0	G=0	-=0	A=0	C=2	
Position 14412:	T=2	G=0	-=0	A=0	C=0	
Position 14413:	T=2	G=0	-=0	A=0	C=0	
Position 14414:	T=0	G=0	-=0	A=0	C=1	
Position 14415:	T=1	G=0	-=0	A=0	C=0	
Position 14416:	T=1	G=0	-=0	A=0	C=0	
Position 14417:	T=1	G=0	-=0	A=0	C=0	
Position 14418:	T=0	G=0	-=0	A=1	C=0	
Position 14419:	A=2	N=0	C=0	-=0	G=9	T=0	
Position 14420:	T=1	G=0	-=0	A=0	C=0	
Position 14421:	T=0	G=0	-=0	A=3	C=0	
Position 14422:	T=3	G=0	-=0	A=0	C=0	
Position 14423:	T=2	G=0	-=0	A=0	C=0	
Position 14424:	T=0	G=2	-=0	A=0	C=0	
Position 14425:	T=0	G=0	-=0	A=2	C=0	
Position 14426:	T=2	G=0	-=0	A=0	C=0	
Position 14427:	T=0	G=0	-=0	A=0	C=1	
Position 14428:	T=0	G=0	-=0	A=1	C=0	
Position 14429:	T=0	G=1	-=0	A=0	C=0	
Position 14430:	T=1	G=0	-=0	A=0	C=0	
Position 14431:	T=0	G=0	-=0	A=1	C=0	
Position 14432:	T=0	G=0	-=0	A=0	C=1	
Position 14433:	T=0	G=0	-=0	A=1	C=0	
Position 14434:	T=0	G=0	-=0	A=1	C=0	
Position 14435:	T=1	G=0	-=0	A=0	C=0	
Position 14436:	T=1	G=0	-=0	A=0	C=0	
Position 14437:	T=0	G=2	-=0	A=0	C=0	
Position 14438:	T=0	G=0	-=0	A=2	C=0	
Position 14439:	T=0	G=0	-=0	A=0	C=2	
Position 14440:	T=1	G=0	-=0	A=0	C=0	
Position 14441:	T=1	G=0	-=0	A=0	C=0	
Position 14442:	T=0	G=0	-=0	A=0	C=1	
Position 14443:	T=0	G=0	-=0	A=0	C=1	
Position 14444:	T=0	G=0	-=0	A=1	C=0	
Position 14445:	T=0	G=0	-=0	A=1	C=0	
Position 14446:	T=1	G=0	-=0	A=0	C=0	
Position 14447:	T=0	G=0	-=0	A=0	C=1	
Position 14448:	T=0	G=0	-=0	A=1	C=0	
Position 14449:	T=0	G=0	-=0	A=1	C=0	
Position 14450:	T=1	G=0	-=0	A=0	C=0	
Position 14451:	T=0	G=0	-=0	A=1	C=0	
Position 14452:	T=0	G=0	-=0	A=1	C=0	
Position 14453:	T=0	G=1	-=0	A=0	C=0	
Position 14454:	T=0	G=0	-=0	A=0	C=1	
Position 14455:	T=1	G=0	-=0	A=0	C=0	
Position 14456:	T=0	G=0	-=0	A=0	C=1	
Position 14457:	T=0	G=0	-=0	A=0	C=1	
Position 14458:	T=0	G=15	-=0	A=1	C=0	
Position 14459:	T=0	G=11	-=0	A=3	C=0	
Position 14460:	T=0	G=0	-=0	A=0	C=13	
Position 14461:	T=0	G=13	-=0	A=0	C=0	
Position 14462:	T=0	G=0	-=0	A=0	C=13	
Position 14463:	T=0	G=0	-=0	A=13	C=0	
Position 14464:	T=0	G=10	-=0	A=1	C=0	
Position 14465:	T=11	G=0	-=0	A=0	C=0	
Position 14466:	T=0	G=0	-=0	A=0	C=11	
Position 14467:	T=0	G=0	-=0	A=0	C=11	
Position 14468:	T=0	G=0	-=0	A=9	C=0	
Position 14469:	T=0	G=8	-=0	A=1	C=0	
Position 14470:	T=0	G=0	-=0	A=9	C=0	
Position 14471:	T=0	G=0	-=0	A=8	C=0	
Position 14472:	T=0	G=0	-=0	A=8	C=0	
Position 14473:	T=0	G=7	-=0	A=0	C=0	
Position 14474:	T=0	G=0	-=0	A=6	C=0	
Position 14475:	T=0	G=0	-=0	A=3	C=0	
Position 14476:	T=0	G=3	-=0	A=0	C=0	
Position 14477:	T=0	G=0	-=0	A=0	C=3	
Position 14478:	T=0	G=0	-=0	A=3	C=0	
Position 14479:	T=0	G=0	-=0	A=3	C=0	
Position 14480:	T=2	G=0	-=0	A=0	C=0	
Position 14481:	T=0	G=0	-=0	A=0	C=2	
Position 14482:	T=0	G=0	-=0	A=2	C=0	
Position 14483:	T=0	G=0	-=0	A=2	C=0	
Position 14484:	T=0	G=0	-=0	A=0	C=2	
Position 14485:	T=12	G=0	-=0	A=0	C=0	
Position 14486:	T=11	G=0	-=0	A=0	C=0	
Position 14487:	T=0	G=0	-=0	A=11	C=0	
Position 14488:	T=0	G=0	-=0	A=11	C=0	
Position 14489:	T=11	G=0	-=0	A=0	C=0	
Position 14490:	T=0	G=0	-=0	A=0	C=10	
Position 14491:	T=10	G=0	-=0	A=0	C=0	
Position 14492:	T=8	G=0	-=0	A=0	C=0	
Position 14493:	T=0	G=0	-=0	A=8	C=0	
Position 14494:	T=0	G=7	-=0	A=0	C=0	
Position 14495:	T=0	G=0	-=0	A=0	C=7	
Position 14496:	T=0	G=6	-=0	A=1	C=0	
Position 14497:	A=0	N=0	C=7	-=0	G=0	T=0	
Position 14498:	T=7	G=0	-=0	A=0	C=0	
Position 14499:	T=0	G=0	-=0	A=7	C=0	
Position 14500:	T=6	G=0	-=0	A=0	C=0	
Position 14501:	T=6	G=0	-=0	A=0	C=0	
Position 14502:	T=6	G=0	-=0	A=0	C=0	
Position 14503:	T=0	G=0	-=0	A=5	C=0	
Position 14504:	T=0	G=0	-=0	A=0	C=4	
Position 14505:	T=0	G=0	-=0	A=0	C=4	
Position 14506:	T=0	G=0	-=0	A=4	C=0	
Position 14507:	T=0	G=0	-=0	A=4	C=0	
Position 14508:	T=0	G=0	-=0	A=0	C=4	
Position 14509:	T=0	G=0	-=0	A=4	C=0	
Position 14510:	T=4	G=0	-=0	A=0	C=0	
Position 14511:	T=0	G=0	-=0	A=4	C=0	
Position 14512:	T=0	G=0	-=0	A=0	C=4	
Position 14513:	T=4	G=0	-=0	A=0	C=0	
Position 14514:	T=0	G=0	-=0	A=3	C=0	
Position 14515:	T=0	G=0	-=0	A=0	C=3	
Position 14516:	T=3	G=0	-=0	A=0	C=0	
Position 14517:	T=0	G=0	-=0	A=2	C=0	
Position 14518:	T=0	G=2	-=0	A=0	C=0	
Position 14519:	T=0	G=0	-=0	A=0	C=2	
Position 14520:	T=0	G=0	-=0	A=0	C=2	
Position 14521:	T=2	G=0	-=0	A=0	C=0	
Position 14522:	T=0	G=0	-=0	A=0	C=2	
Position 14523:	T=0	G=0	-=0	A=0	C=2	
Position 14524:	T=2	G=0	-=0	A=0	C=0	
Position 14525:	T=2	G=0	-=0	A=0	C=0	
Position 14526:	T=0	G=0	-=0	A=2	C=0	
Position 14527:	T=0	G=0	-=0	A=0	C=2	
Position 14528:	T=2	G=0	-=0	A=0	C=0	
Position 14529:	T=0	G=0	-=0	A=0	C=1	
Position 14530:	T=0	G=9	-=0	A=0	C=0	
Position 14531:	T=9	G=0	-=0	A=0	C=0	
Position 14532:	T=9	G=0	-=0	A=0	C=0	
Position 14533:	T=0	G=0	-=0	A=0	C=8	
Position 14534:	T=8	G=0	-=0	A=0	C=0	
Position 14535:	T=8	G=0	-=0	A=0	C=0	
Position 14536:	T=0	G=0	-=0	A=6	C=0	
Position 14537:	T=6	G=0	-=0	A=0	C=0	
Position 14538:	T=5	G=0	-=0	A=0	C=0	
Position 14539:	T=0	G=5	-=0	A=0	C=0	
Position 14540:	T=0	G=0	-=0	A=0	C=5	
Position 14541:	T=0	G=0	-=0	A=0	C=5	
Position 14542:	T=5	G=0	-=0	A=0	C=0	
Position 14543:	T=5	G=0	-=0	A=0	C=0	
Position 14544:	T=0	G=0	-=0	A=0	C=4	
Position 14545:	T=4	G=0	-=0	A=0	C=0	
Position 14546:	T=0	G=4	-=0	A=0	C=0	
Position 14547:	T=0	G=0	-=0	A=4	C=0	
Position 14548:	T=0	G=0	-=0	A=0	C=3	
Position 14549:	T=3	G=0	-=0	A=0	C=0	
Position 14550:	T=0	G=0	-=0	A=2	C=0	
Position 14551:	T=0	G=0	-=0	A=0	C=2	
Position 14552:	T=0	G=0	-=0	A=0	C=2	
Position 14553:	T=0	G=0	-=0	A=2	C=0	
Position 14554:	T=0	G=0	-=0	A=0	C=2	
Position 14555:	T=0	G=0	-=0	A=2	C=0	
Position 14556:	T=0	G=2	-=0	A=0	C=0	
Position 14557:	T=2	G=0	-=0	A=0	C=0	
Position 14558:	T=2	G=0	-=0	A=0	C=0	
Position 14559:	T=0	G=0	-=0	A=2	C=0	
Position 14560:	T=0	G=0	-=0	A=2	C=0	
Position 14561:	T=0	G=0	-=0	A=2	C=0	
Position 14562:	T=2	G=0	-=0	A=0	C=0	
Position 14563:	T=0	G=0	-=0	A=2	C=0	
Position 14564:	T=2	G=0	-=0	A=0	C=0	
Position 14565:	T=2	G=0	-=0	A=0	C=0	
Position 14566:	T=1	G=0	-=0	A=0	C=0	
Position 14567:	T=0	G=0	-=0	A=1	C=0	
Position 14568:	T=0	G=0	-=0	A=0	C=1	
Position 14569:	T=0	G=3	-=0	A=1	C=0	
Position 14570:	T=0	G=0	-=0	A=0	C=1	
Position 14571:	T=0	G=0	-=0	A=1	C=0	
Position 14572:	T=0	G=1	-=0	A=0	C=0	
Position 14573:	T=0	G=0	-=0	A=1	C=0	
Position 14574:	T=0	G=0	-=0	A=1	C=0	
Position 14575:	T=0	G=0	-=0	A=1	C=0	
Position 14576:	T=0	G=0	-=0	A=1	C=0	
Position 14577:	T=0	G=0	-=0	A=1	C=0	
Position 14578:	T=0	G=1	-=0	A=0	C=0	
Position 14579:	T=0	G=0	-=0	A=0	C=1	
Position 14580:	T=0	G=0	-=0	A=1	C=0	
Position 14581:	T=0	G=0	-=0	A=1	C=0	
Position 14582:	T=0	G=1	-=0	A=0	C=0	
Position 14583:	T=0	G=0	-=0	A=0	C=1	
Position 14584:	T=0	G=0	-=0	A=0	C=1	
Position 14585:	T=0	G=0	-=0	A=0	C=1	
Position 14586:	T=0	G=0	-=0	A=0	C=1	
Position 14587:	T=4	G=0	-=0	A=0	C=0	
Position 14588:	T=0	G=0	-=0	A=3	C=0	
Position 14589:	T=3	G=0	-=0	A=0	C=0	
Position 14590:	T=0	G=2	-=0	A=1	C=0	
Position 14591:	T=0	G=0	-=0	A=3	C=0	
Position 14592:	T=0	G=0	-=0	A=3	C=0	
Position 14593:	T=3	G=0	-=0	A=0	C=0	
Position 14594:	T=0	G=3	-=0	A=0	C=0	
Position 14595:	T=0	G=0	-=0	A=0	C=2	
Position 14596:	T=0	G=2	-=0	A=0	C=0	
Position 14597:	T=0	G=2	-=0	A=0	C=0	
Position 14598:	T=0	G=2	-=0	A=0	C=0	
Position 14599:	T=2	G=0	-=0	A=0	C=0	
Position 14600:	T=2	G=0	-=0	A=0	C=0	
Position 14601:	T=2	G=0	-=0	A=0	C=0	
Position 14602:	A=1	N=0	C=0	-=0	G=2	T=0	
Position 14603:	T=0	G=0	-=0	A=2	C=0	
Position 14604:	T=0	G=0	-=0	A=0	C=2	
Position 14605:	T=0	G=0	-=0	A=0	C=1	
Position 14606:	T=0	G=0	-=0	A=0	C=1	
Position 14607:	T=0	G=0	-=0	A=0	C=1	
Position 14608:	T=0	G=0	-=0	A=1	C=0	
Position 14609:	T=1	G=0	-=0	A=0	C=0	
Position 14610:	T=0	G=0	-=0	A=1	C=0	
Position 14611:	T=0	G=1	-=0	A=0	C=0	
Position 14612:	T=0	G=1	-=0	A=0	C=0	
Position 14613:	T=0	G=0	-=0	A=1	C=0	
Position 14614:	T=1	G=0	-=0	A=0	C=0	
Position 14615:	T=0	G=0	-=0	A=0	C=1	
Position 14616:	T=0	G=1	-=0	A=0	C=0	
Position 14617:	T=0	G=1	-=0	A=0	C=0	
Position 14618:	T=0	G=0	-=0	A=0	C=1	
Position 14619:	T=0	G=0	-=0	A=1	C=0	
Position 14620:	T=0	G=0	-=0	A=0	C=1	
Position 14621:	T=0	G=1	-=0	A=0	C=0	
Position 14622:	T=0	G=0	-=0	A=0	C=1	
Position 14623:	T=0	G=0	-=0	A=0	C=1	
Position 14624:	T=1	G=0	-=0	A=0	C=0	
Position 14625:	T=0	G=0	-=0	A=0	C=1	
Position 14626:	T=0	G=0	-=0	A=0	C=1	
Position 14627:	T=0	G=0	-=0	A=0	C=1	
Position 14628:	T=1	G=0	-=0	A=0	C=0	
Position 14629:	T=1	G=0	-=0	A=0	C=0	
Position 14630:	T=1	G=0	-=0	A=0	C=0	
Position 14631:	T=1	G=0	-=0	A=0	C=0	
Position 14632:	T=1	G=0	-=0	A=0	C=0	
Position 14633:	T=0	G=0	-=0	A=0	C=1	
Position 14634:	T=0	G=0	-=0	A=0	C=1	
Position 14635:	T=0	G=0	-=0	A=1	C=0	
Position 14636:	T=1	G=0	-=0	A=0	C=0	
Position 14637:	T=0	G=1	-=0	A=0	C=0	
Position 14638:	T=0	G=0	-=0	A=1	C=0	
Position 14639:	T=0	G=0	-=0	A=1	C=0	
Position 14640:	T=0	G=0	-=0	A=1	C=0	
Position 14641:	T=1	G=0	-=0	A=0	C=0	
Position 14642:	T=1	G=0	-=0	A=0	C=0	
Position 14643:	T=1	G=0	-=0	A=0	C=0	
Position 14644:	T=1	G=0	-=0	A=0	C=0	
Position 14645:	T=1	G=0	-=0	A=0	C=0	
Position 14646:	T=0	G=0	-=0	A=0	C=1	
Position 14647:	T=0	G=0	-=0	A=0	C=1	
Position 14648:	T=1	G=0	-=0	A=0	C=0	
Position 14649:	T=0	G=0	-=0	A=1	C=0	
Position 14650:	T=0	G=1	-=0	A=0	C=0	
Position 14651:	T=1	G=0	-=0	A=0	C=0	
Position 14652:	T=0	G=0	-=0	A=1	C=0	
Position 14653:	T=0	G=1	-=0	A=0	C=0	
Position 14654:	T=0	G=0	-=0	A=0	C=1	
Position 14655:	T=1	G=0	-=0	A=0	C=0	
Position 14656:	T=0	G=0	-=0	A=1	C=0	
Position 14657:	T=1	G=0	-=0	A=0	C=0	
Position 14658:	T=1	G=0	-=0	A=0	C=0	
Position 14659:	T=0	G=0	-=0	A=1	C=0	
Position 14660:	T=0	G=0	-=0	A=0	C=1	
Position 14661:	T=0	G=0	-=0	A=1	C=0	
Position 14662:	T=1	G=0	-=0	A=0	C=0	
Position 14663:	T=1	G=0	-=0	A=0	C=0	
Position 14664:	T=1	G=0	-=0	A=0	C=0	
Position 14665:	T=0	G=0	-=0	A=0	C=1	
Position 14666:	T=1	G=0	-=0	A=0	C=0	
Position 14667:	T=0	G=0	-=0	A=1	C=0	
Position 14668:	T=0	G=0	-=0	A=0	C=1	
Position 14669:	T=1	G=0	-=0	A=0	C=0	
Position 14670:	T=0	G=0	-=0	A=1	C=0	
Position 14671:	T=1	G=0	-=0	A=0	C=0	
Position 14672:	T=1	G=0	-=0	A=0	C=0	
Position 14673:	T=1	G=0	-=0	A=0	C=0	
Position 14674:	A=2	N=0	C=0	-=0	G=10	T=0	
Position 14675:	T=0	G=0	-=0	A=1	C=0	
Position 14676:	T=0	G=0	-=0	A=0	C=1	
Position 14677:	T=0	G=0	-=0	A=0	C=1	
Position 14678:	T=7	G=0	-=0	A=0	C=0	
Position 14679:	T=0	G=0	-=0	A=6	C=0	
Position 14680:	T=0	G=5	-=0	A=1	C=0	
Position 14681:	T=0	G=0	-=0	A=4	C=0	
Position 14682:	T=0	G=0	-=0	A=2	C=0	
Position 14683:	T=0	G=0	-=0	A=2	C=0	
Position 14684:	T=1	G=0	-=0	A=0	C=0	
Position 14685:	T=1	G=0	-=0	A=0	C=0	
Position 14686:	T=0	G=1	-=0	A=0	C=0	
Position 14687:	T=0	G=0	-=0	A=0	C=20	
Position 14688:	T=0	G=0	-=0	A=20	C=0	
Position 14689:	T=1	G=0	-=0	A=0	C=18	
Position 14690:	T=19	G=0	-=0	A=0	C=0	
Position 14691:	T=0	G=0	-=0	A=20	C=0	
Position 14692:	T=1	G=0	-=0	A=0	C=19	
Position 14693:	T=20	G=0	-=0	A=0	C=0	
Position 14694:	T=2	G=0	-=0	A=0	C=18	
Position 14695:	T=1	G=0	-=0	A=0	C=19	
Position 14696:	T=20	G=0	-=0	A=0	C=0	
Position 14697:	T=0	G=0	-=0	A=0	C=20	
Position 14698:	T=0	G=0	-=0	A=0	C=20	
Position 14699:	T=0	G=0	-=0	A=0	C=19	
Position 14700:	T=17	G=0	-=0	A=0	C=0	
Position 14701:	T=1	G=0	-=0	A=0	C=17	
Position 14702:	T=17	G=0	-=0	A=0	C=0	
Position 14703:	T=17	G=0	-=0	A=0	C=0	
Position 14704:	T=0	G=0	-=0	A=0	C=17	
Position 14705:	T=1	G=0	-=0	A=0	C=16	
Position 14706:	T=0	G=0	-=0	A=0	C=16	
Position 14707:	T=16	G=0	-=0	A=0	C=0	
Position 14708:	T=0	G=15	-=0	A=1	C=0	
Position 14709:	T=0	G=0	-=0	A=16	C=0	
Position 14710:	T=0	G=14	-=0	A=1	C=0	
Position 14711:	T=0	G=0	-=0	A=0	C=14	
Position 14712:	T=0	G=0	-=0	A=14	C=0	
Position 14713:	T=14	G=0	-=0	A=0	C=0	
Position 14714:	T=0	G=0	-=0	A=0	C=14	
Position 14715:	T=0	G=0	-=0	A=14	C=0	
Position 14716:	T=0	G=0	-=0	A=0	C=14	
Position 14717:	T=0	G=0	-=0	A=13	C=0	
Position 14718:	T=0	G=0	-=0	A=12	C=0	
Position 14719:	T=0	G=0	-=0	A=11	C=0	
Position 14720:	T=0	G=0	-=0	A=0	C=11	
Position 14721:	T=11	G=0	-=0	A=0	C=0	
Position 14722:	T=0	G=9	-=0	A=0	C=0	
Position 14723:	T=0	G=0	-=0	A=9	C=0	
Position 14724:	T=0	G=0	-=0	A=0	C=9	
Position 14725:	T=0	G=0	-=0	A=9	C=0	
Position 14726:	T=0	G=0	-=0	A=9	C=0	
Position 14727:	T=0	G=0	-=0	A=0	C=9	
Position 14728:	T=0	G=0	-=0	A=0	C=9	
Position 14729:	T=9	G=0	-=0	A=0	C=0	
Position 14730:	T=0	G=0	-=0	A=9	C=0	
Position 14731:	T=0	G=0	-=0	A=9	C=0	
Position 14732:	T=9	G=0	-=0	A=0	C=0	
Position 14733:	T=0	G=0	-=0	A=9	C=0	
Position 14734:	T=0	G=0	-=0	A=9	C=0	
Position 14735:	T=0	G=0	-=0	A=0	C=9	
Position 14736:	T=0	G=9	-=0	A=0	C=0	
Position 14737:	T=0	G=0	-=0	A=9	C=0	
Position 14738:	T=9	G=0	-=0	A=0	C=0	
Position 14739:	T=0	G=0	-=0	A=8	C=0	
Position 14740:	T=0	G=0	-=0	A=0	C=8	
Position 14741:	T=7	G=0	-=0	A=0	C=0	
Position 14742:	T=0	G=0	-=0	A=0	C=7	
Position 14743:	T=0	G=0	-=0	A=7	C=0	
Position 14744:	T=0	G=0	-=0	A=0	C=7	
Position 14745:	T=0	G=0	-=0	A=0	C=7	
Position 14746:	T=0	G=0	-=0	A=7	C=0	
Position 14747:	T=7	G=0	-=0	A=0	C=0	
Position 14748:	T=0	G=0	-=0	A=7	C=0	
Position 14749:	T=0	G=7	-=0	A=0	C=0	
Position 14750:	T=0	G=0	-=0	A=0	C=7	
Position 14751:	T=0	G=6	-=0	A=1	C=0	
Position 14752:	T=0	G=0	-=0	A=0	C=6	
Position 14753:	T=6	G=0	-=0	A=0	C=0	
Position 14754:	T=0	G=0	-=0	A=6	C=0	
Position 14755:	T=0	G=0	-=0	A=0	C=6	
Position 14756:	T=5	G=0	-=0	A=0	C=0	
Position 14757:	T=0	G=10	-=0	A=4	C=0	
Position 14758:	T=0	G=0	-=0	A=0	C=2	
Position 14759:	T=1	G=0	-=0	A=0	C=0	
Position 14760:	T=1	G=0	-=0	A=0	C=0	
Position 14761:	T=0	G=0	-=0	A=7	C=0	
Position 14762:	T=7	G=0	-=0	A=0	C=0	
Position 14763:	T=0	G=0	-=0	A=0	C=7	
Position 14764:	T=7	G=0	-=0	A=0	C=0	
Position 14765:	T=0	G=0	-=0	A=0	C=6	
Position 14766:	T=0	G=0	-=0	A=0	C=6	
Position 14767:	T=6	G=0	-=0	A=0	C=0	
Position 14768:	T=5	G=0	-=0	A=0	C=0	
Position 14769:	T=0	G=0	-=0	A=5	C=0	
Position 14770:	T=0	G=0	-=0	A=0	C=5	
Position 14771:	T=5	G=0	-=0	A=0	C=0	
Position 14772:	T=0	G=0	-=0	A=5	C=0	
Position 14773:	T=0	G=3	-=0	A=0	C=0	
Position 14774:	T=0	G=0	-=0	A=0	C=3	
Position 14775:	T=0	G=0	-=0	A=0	C=3	
Position 14776:	T=0	G=3	-=0	A=0	C=0	
Position 14777:	T=3	G=0	-=0	A=0	C=0	
Position 14778:	T=0	G=0	-=0	A=2	C=0	
Position 14779:	T=0	G=0	-=0	A=2	C=0	
Position 14780:	T=0	G=2	-=0	A=0	C=0	
Position 14781:	T=2	G=0	-=0	A=0	C=0	
Position 14782:	T=0	G=0	-=0	A=0	C=2	
Position 14783:	T=2	G=0	-=0	A=0	C=0	
Position 14784:	T=0	G=2	-=0	A=0	C=0	
Position 14785:	T=0	G=2	-=0	A=0	C=0	
Position 14786:	T=0	G=0	-=0	A=0	C=2	
Position 14787:	T=0	G=0	-=0	A=0	C=2	
Position 14788:	T=2	G=0	-=0	A=0	C=0	
Position 14789:	T=0	G=0	-=0	A=2	C=0	
Position 14790:	T=2	G=0	-=0	A=0	C=0	
Position 14791:	T=0	G=2	-=0	A=0	C=0	
Position 14792:	T=0	G=0	-=0	A=2	C=0	
Position 14793:	T=0	G=0	-=0	A=2	C=0	
Position 14794:	T=2	G=0	-=0	A=0	C=0	
Position 14795:	T=0	G=2	-=0	A=0	C=0	
Position 14796:	T=0	G=0	-=0	A=2	C=0	
Position 14797:	T=0	G=0	-=0	A=2	C=0	
Position 14798:	T=0	G=0	-=0	A=0	C=2	
Position 14799:	T=2	G=0	-=0	A=0	C=0	
Position 14800:	T=0	G=2	-=0	A=0	C=0	
Position 14801:	T=0	G=0	-=0	A=2	C=0	
Position 14802:	T=0	G=0	-=0	A=2	C=0	
Position 14803:	T=0	G=0	-=0	A=2	C=0	
Position 14804:	T=0	G=0	-=0	A=2	C=0	
Position 14805:	T=0	G=0	-=0	A=2	C=0	
Position 14806:	T=0	G=5	-=0	A=1	C=0	
Position 14807:	T=0	G=4	-=0	A=1	C=0	
Position 14808:	T=4	G=0	-=0	A=0	C=0	
Position 14809:	T=0	G=0	-=0	A=0	C=4	
Position 14810:	T=4	G=0	-=0	A=0	C=0	
Position 14811:	T=0	G=0	-=0	A=4	C=0	
Position 14812:	T=0	G=4	-=0	A=0	C=0	
Position 14813:	T=0	G=0	-=0	A=4	C=0	
Position 14814:	T=0	G=0	-=0	A=4	C=0	
Position 14815:	T=4	G=0	-=0	A=0	C=0	
Position 14816:	T=0	G=4	-=0	A=0	C=0	
Position 14817:	T=0	G=4	-=0	A=0	C=0	
Position 14818:	T=0	G=4	-=0	A=0	C=0	
Position 14819:	T=0	G=0	-=0	A=0	C=4	
Position 14820:	T=0	G=0	-=0	A=0	C=4	
Position 14821:	A=2	N=0	C=0	-=0	G=6	T=0	
Position 14822:	T=0	G=0	-=0	A=4	C=0	
Position 14823:	T=0	G=0	-=0	A=4	C=0	
Position 14824:	T=4	G=0	-=0	A=0	C=0	
Position 14825:	T=0	G=0	-=0	A=3	C=0	
Position 14826:	T=2	G=0	-=0	A=0	C=0	
Position 14827:	T=0	G=2	-=0	A=0	C=0	
Position 14828:	T=0	G=0	-=0	A=1	C=0	
Position 14829:	T=1	G=0	-=0	A=0	C=0	
Position 14830:	T=0	G=0	-=0	A=1	C=0	
Position 14831:	T=0	G=0	-=0	A=1	C=0	
Position 14832:	T=1	G=0	-=0	A=0	C=0	
Position 14833:	T=1	G=0	-=0	A=0	C=0	
Position 14834:	T=0	G=0	-=0	A=1	C=0	
Position 14835:	T=0	G=1	-=0	A=0	C=0	
Position 14836:	T=1	G=0	-=0	A=0	C=0	
Position 14837:	T=1	G=0	-=0	A=0	C=0	
Position 14838:	T=1	G=0	-=0	A=0	C=0	
Position 14839:	T=0	G=0	-=0	A=1	C=0	
Position 14840:	T=0	G=0	-=0	A=1	C=0	
Position 14841:	T=0	G=0	-=0	A=1	C=0	
Position 14842:	T=1	G=0	-=0	A=0	C=0	
Position 14843:	T=0	G=0	-=0	A=0	C=1	
Position 14844:	T=0	G=0	-=0	A=1	C=0	
Position 14845:	T=0	G=0	-=0	A=1	C=0	
Position 14846:	T=0	G=0	-=0	A=1	C=0	
Position 14847:	T=0	G=0	-=0	A=1	C=0	
Position 14848:	T=0	G=0	-=0	A=0	C=1	
Position 14849:	T=0	G=0	-=0	A=1	C=0	
Position 14850:	T=0	G=0	-=0	A=1	C=0	
Position 14851:	T=0	G=2	-=0	A=1	C=0	
Position 14852:	T=1	G=0	-=0	A=0	C=0	
Position 14853:	T=0	G=1	-=0	A=0	C=0	
Position 14854:	T=0	G=0	-=0	A=1	C=0	
Position 14855:	T=2	G=0	-=0	A=0	C=0	
Position 14856:	T=2	G=0	-=0	A=0	C=0	
Position 14857:	T=2	G=0	-=0	A=0	C=0	
Position 14858:	T=0	G=0	-=0	A=0	C=2	
Position 14859:	T=0	G=2	-=0	A=0	C=0	
Position 14860:	T=0	G=0	-=0	A=2	C=0	
Position 14861:	T=0	G=0	-=0	A=0	C=1	
Position 14862:	T=1	G=0	-=0	A=0	C=0	
Position 14863:	T=0	G=0	-=0	A=0	C=1	
Position 14864:	T=0	G=0	-=0	A=1	C=0	
Position 14865:	T=0	G=0	-=0	A=0	C=1	
Position 14866:	T=1	G=0	-=0	A=0	C=0	
Position 14867:	T=0	G=0	-=0	A=1	C=0	
Position 14868:	T=0	G=1	-=0	A=0	C=0	
Position 14869:	T=0	G=0	-=0	A=1	C=0	
Position 14870:	T=1	G=0	-=0	A=0	C=0	
Position 14871:	T=1	G=0	-=0	A=0	C=0	
Position 14872:	T=0	G=0	-=0	A=0	C=1	
Position 14873:	T=1	G=0	-=0	A=0	C=0	
Position 14874:	T=0	G=1	-=0	A=0	C=0	
Position 14875:	T=0	G=0	-=0	A=1	C=0	
Position 14876:	T=0	G=0	-=0	A=1	C=0	
Position 14877:	T=1	G=0	-=0	A=0	C=0	
Position 14878:	T=0	G=0	-=0	A=1	C=0	
Position 14879:	T=0	G=0	-=0	A=1	C=0	
Position 14880:	T=1	G=0	-=0	A=0	C=0	
Position 14881:	T=0	G=0	-=0	A=1	C=0	
Position 14882:	T=0	G=0	-=0	A=1	C=0	
Position 14883:	T=0	G=0	-=0	A=0	C=1	
Position 14884:	T=0	G=0	-=0	A=1	C=0	
Position 14885:	T=1	G=0	-=0	A=0	C=0	
Position 14886:	T=0	G=0	-=0	A=1	C=0	
Position 14887:	T=0	G=0	-=0	A=1	C=0	
Position 14888:	T=1	G=0	-=0	A=0	C=0	
Position 14889:	T=1	G=0	-=0	A=0	C=0	
Position 14890:	T=0	G=0	-=0	A=2	C=0	
Position 14891:	T=2	G=0	-=0	A=0	C=0	
Position 14892:	T=0	G=0	-=0	A=0	C=2	
Position 14893:	T=0	G=0	-=0	A=2	C=0	
Position 14894:	T=0	G=0	-=0	A=2	C=0	
Position 14895:	T=0	G=2	-=0	A=0	C=0	
Position 14896:	T=1	G=0	-=0	A=0	C=0	
Position 14897:	T=0	G=15	-=0	A=1	C=0	
Position 14898:	T=0	G=0	-=0	A=0	C=1	
Position 14899:	T=0	G=0	-=0	A=0	C=1	
Position 14900:	T=1	G=0	-=0	A=0	C=0	
Position 14901:	T=0	G=1	-=0	A=0	C=0	
Position 14902:	T=1	G=0	-=0	A=0	C=0	
Position 14903:	T=0	G=0	-=0	A=1	C=0	
Position 14904:	T=0	G=1	-=0	A=0	C=0	
Position 14905:	T=1	G=0	-=0	A=0	C=0	
Position 14906:	T=1	G=0	-=0	A=0	C=0	
Position 14907:	T=1	G=0	-=0	A=0	C=0	
Position 14908:	T=0	G=0	-=0	A=1	C=0	
Position 14909:	T=12	G=0	-=0	A=0	C=0	
Position 14910:	T=0	G=11	-=0	A=1	C=0	
Position 14911:	T=11	G=0	-=0	A=0	C=0	
Position 14912:	T=10	G=0	-=0	A=0	C=0	
Position 14913:	T=0	G=0	-=0	A=10	C=0	
Position 14914:	T=0	G=0	-=0	A=10	C=0	
Position 14915:	T=10	G=0	-=0	A=0	C=0	
Position 14916:	T=0	G=0	-=0	A=10	C=0	
Position 14917:	T=8	G=0	-=0	A=0	C=0	
Position 14918:	T=7	G=0	-=0	A=0	C=0	
Position 14919:	T=6	G=0	-=0	A=0	C=0	
Position 14920:	T=6	G=0	-=0	A=0	C=0	
Position 14921:	T=0	G=0	-=0	A=0	C=6	
Position 14922:	T=6	G=0	-=0	A=0	C=0	
Position 14923:	T=6	G=0	-=0	A=0	C=0	
Position 14924:	T=0	G=0	-=0	A=6	C=0	
Position 14925:	T=0	G=6	-=0	A=0	C=0	
Position 14926:	T=0	G=0	-=0	A=0	C=6	
Position 14927:	T=0	G=0	-=0	A=0	C=5	
Position 14928:	T=5	G=0	-=0	A=0	C=0	
Position 14929:	T=5	G=0	-=0	A=0	C=0	
Position 14930:	T=0	G=0	-=0	A=0	C=4	
Position 14931:	T=0	G=0	-=0	A=4	C=0	
Position 14932:	T=3	G=0	-=0	A=0	C=0	
Position 14933:	T=3	G=0	-=0	A=0	C=0	
Position 14934:	T=0	G=3	-=0	A=0	C=0	
Position 14935:	T=3	G=0	-=0	A=0	C=0	
Position 14936:	T=0	G=0	-=0	A=3	C=0	
Position 14937:	T=3	G=0	-=0	A=0	C=0	
Position 14938:	T=0	G=0	-=0	A=0	C=3	
Position 14939:	T=0	G=0	-=0	A=0	C=3	
Position 14940:	T=0	G=0	-=0	A=0	C=3	
Position 14941:	T=3	G=0	-=0	A=0	C=0	
Position 14942:	T=0	G=0	-=0	A=2	C=0	
Position 14943:	T=0	G=2	-=0	A=0	C=0	
Position 14944:	T=2	G=0	-=0	A=0	C=0	
Position 14945:	T=0	G=0	-=0	A=1	C=0	
Position 14946:	T=0	G=1	-=0	A=0	C=0	
Position 14947:	T=0	G=1	-=0	A=0	C=0	
Position 14948:	T=0	G=0	-=0	A=1	C=0	
Position 14949:	T=0	G=0	-=0	A=0	C=1	
Position 14950:	T=1	G=0	-=0	A=0	C=0	
Position 14951:	T=0	G=0	-=0	A=1	C=0	
Position 14952:	T=0	G=0	-=0	A=0	C=1	
Position 14953:	T=10	G=0	-=0	A=0	C=0	
Position 14954:	T=0	G=0	-=0	A=0	C=9	
Position 14955:	T=0	G=0	-=0	A=9	C=0	
Position 14956:	T=8	G=0	-=0	A=0	C=0	
Position 14957:	T=7	G=0	-=0	A=0	C=0	
Position 14958:	T=7	G=0	-=0	A=0	C=0	
Position 14959:	T=0	G=0	-=0	A=7	C=0	
Position 14960:	T=7	G=0	-=0	A=0	C=0	
Position 14961:	T=0	G=0	-=0	A=0	C=7	
Position 14962:	T=0	G=7	-=0	A=0	C=0	
Position 14963:	T=0	G=0	-=0	A=7	C=0	
Position 14964:	T=7	G=0	-=0	A=0	C=0	
Position 14965:	T=0	G=0	-=0	A=0	C=7	
Position 14966:	T=0	G=0	-=0	A=0	C=7	
Position 14967:	T=0	G=0	-=0	A=0	C=7	
Position 14968:	T=0	G=0	-=0	A=7	C=0	
Position 14969:	T=7	G=0	-=0	A=0	C=0	
Position 14970:	T=0	G=0	-=0	A=0	C=7	
Position 14971:	T=7	G=0	-=0	A=0	C=0	
Position 14972:	T=0	G=0	-=0	A=7	C=0	
Position 14973:	T=0	G=0	-=0	A=7	C=0	
Position 14974:	T=6	G=0	-=0	A=0	C=0	
Position 14975:	T=0	G=0	-=0	A=6	C=0	
Position 14976:	T=5	G=0	-=0	A=0	C=0	
Position 14977:	T=0	G=0	-=0	A=0	C=5	
Position 14978:	T=0	G=0	-=0	A=0	C=5	
Position 14979:	T=3	G=0	-=0	A=0	C=0	
Position 14980:	T=0	G=0	-=0	A=0	C=3	
Position 14981:	T=0	G=0	-=0	A=0	C=3	
Position 14982:	T=0	G=0	-=0	A=0	C=3	
Position 14983:	T=2	G=0	-=0	A=0	C=0	
Position 14984:	T=0	G=0	-=0	A=2	C=0	
Position 14985:	T=0	G=0	-=0	A=0	C=1	
Position 14986:	T=1	G=0	-=0	A=0	C=0	
Position 14987:	T=1	G=0	-=0	A=0	C=0	
Position 14988:	T=1	G=0	-=0	A=0	C=0	
Position 14989:	T=0	G=1	-=0	A=0	C=0	
Position 14990:	T=0	G=0	-=0	A=0	C=1	
Position 14991:	T=0	G=0	-=0	A=0	C=1	
Position 14992:	T=1	G=0	-=0	A=0	C=0	
Position 14993:	T=0	G=0	-=0	A=1	C=0	
Position 14994:	T=0	G=1	-=0	A=0	C=0	
Position 14995:	T=0	G=0	-=0	A=1	C=0	
Position 14996:	T=0	G=1	-=0	A=0	C=0	
Position 14997:	T=0	G=1	-=0	A=0	C=0	
Position 14998:	T=0	G=1	-=0	A=0	C=0	
Position 14999:	T=1	G=0	-=0	A=0	C=0	
Position 15000:	T=0	G=0	-=0	A=1	C=0	
Position 15001:	T=1	G=0	-=0	A=0	C=0	
Position 15002:	T=0	G=0	-=0	A=1	C=0	
Position 15003:	T=0	G=0	-=0	A=1	C=0	
Position 15004:	T=1	G=0	-=0	A=0	C=0	
Position 15005:	T=0	G=1	-=0	A=0	C=0	
Position 15006:	T=0	G=0	-=0	A=0	C=1	
Position 15007:	T=20	G=0	-=0	A=0	C=0	
Position 15008:	T=0	G=18	-=0	A=2	C=0	
Position 15009:	T=19	G=0	-=0	A=0	C=0	
Position 15010:	T=0	G=0	-=0	A=0	C=17	
Position 15011:	T=18	G=0	-=0	A=0	C=0	
Position 15012:	T=18	G=0	-=0	A=0	C=0	
Position 15013:	T=17	G=0	-=0	A=0	C=0	
Position 15014:	T=0	G=0	-=0	A=17	C=0	
Position 15015:	T=17	G=0	-=0	A=0	C=0	
Position 15016:	T=17	G=0	-=0	A=0	C=0	
Position 15017:	T=17	G=0	-=0	A=0	C=0	
Position 15018:	T=0	G=17	-=0	A=0	C=0	
Position 15019:	T=16	G=0	-=0	A=0	C=0	
Position 15020:	T=16	G=0	-=0	A=0	C=0	
Position 15021:	T=0	G=0	-=0	A=16	C=0	
Position 15022:	T=16	G=0	-=0	A=0	C=0	
Position 15023:	T=0	G=16	-=0	A=0	C=0	
Position 15024:	T=0	G=0	-=0	A=0	C=16	
Position 15025:	T=16	G=0	-=0	A=0	C=0	
Position 15026:	T=0	G=0	-=0	A=15	C=0	
Position 15027:	T=0	G=0	-=0	A=15	C=0	
Position 15028:	T=0	G=0	-=0	A=0	C=15	
Position 15029:	T=0	G=0	-=0	A=15	C=0	
Position 15030:	T=0	G=14	-=0	A=0	C=0	
Position 15031:	T=14	G=0	-=0	A=0	C=0	
Position 15032:	T=0	G=0	-=0	A=14	C=0	
Position 15033:	T=0	G=0	-=0	A=14	C=0	
Position 15034:	T=0	G=0	-=0	A=0	C=14	
Position 15035:	T=0	G=0	-=0	A=14	C=0	
Position 15036:	T=0	G=14	-=0	A=0	C=0	
Position 15037:	T=14	G=0	-=0	A=0	C=0	
Position 15038:	T=14	G=0	-=0	A=0	C=0	
Position 15039:	T=14	G=0	-=0	A=0	C=0	
Position 15040:	T=14	G=0	-=0	A=0	C=0	
Position 15041:	T=0	G=0	-=0	A=14	C=0	
Position 15042:	T=0	G=0	-=0	A=14	C=0	
Position 15043:	T=0	G=0	-=0	A=14	C=0	
Position 15044:	T=0	G=0	-=0	A=0	C=14	
Position 15045:	T=0	G=0	-=0	A=14	C=0	
Position 15046:	T=0	G=0	-=0	A=11	C=0	
Position 15047:	T=10	G=0	-=0	A=0	C=0	
Position 15048:	T=0	G=0	-=0	A=0	C=9	
Position 15049:	T=0	G=0	-=0	A=9	C=0	
Position 15050:	T=0	G=0	-=0	A=0	C=9	
Position 15051:	T=9	G=0	-=0	A=0	C=0	
Position 15052:	T=9	G=0	-=0	A=0	C=0	
Position 15053:	T=9	G=0	-=0	A=0	C=0	
Position 15054:	T=0	G=0	-=0	A=9	C=0	
Position 15055:	T=0	G=0	-=0	A=0	C=9	
Position 15056:	T=0	G=0	-=0	A=9	C=0	
Position 15057:	T=0	G=0	-=0	A=0	C=9	
Position 15058:	T=7	G=0	-=0	A=0	C=0	
Position 15059:	T=0	G=6	-=0	A=1	C=0	
Position 15060:	T=0	G=7	-=0	A=0	C=0	
Position 15061:	T=0	G=0	-=0	A=0	C=7	
Position 15062:	T=7	G=0	-=0	A=0	C=0	
Position 15063:	T=0	G=0	-=0	A=5	C=0	
Position 15064:	T=0	G=0	-=0	A=5	C=0	
Position 15065:	T=5	G=0	-=0	A=0	C=0	
Position 15066:	T=0	G=0	-=0	A=3	C=0	
Position 15067:	T=3	G=0	-=0	A=0	C=0	
Position 15068:	T=0	G=0	-=0	A=2	C=0	
Position 15069:	A=1	N=0	C=0	-=0	G=9	T=0	
Position 15070:	T=0	G=0	-=0	A=0	C=1	
Position 15071:	T=1	G=0	-=0	A=0	C=0	
Position 15072:	T=0	G=0	-=0	A=0	C=1	
Position 15073:	T=0	G=0	-=0	A=0	C=1	
Position 15074:	T=4	G=0	-=0	A=0	C=0	
Position 15075:	T=0	G=0	-=0	A=4	C=0	
Position 15076:	T=4	G=0	-=0	A=0	C=0	
Position 15077:	T=4	G=0	-=0	A=0	C=0	
Position 15078:	T=0	G=0	-=0	A=4	C=0	
Position 15079:	T=3	G=0	-=0	A=0	C=0	
Position 15080:	T=0	G=0	-=0	A=0	C=3	
Position 15081:	T=0	G=0	-=0	A=0	C=2	
Position 15082:	T=2	G=0	-=0	A=0	C=0	
Position 15083:	T=0	G=2	-=0	A=0	C=0	
Position 15084:	T=0	G=0	-=0	A=0	C=2	
Position 15085:	T=2	G=0	-=0	A=0	C=0	
Position 15086:	T=0	G=2	-=0	A=0	C=0	
Position 15087:	T=0	G=2	-=0	A=0	C=0	
Position 15088:	T=2	G=0	-=0	A=0	C=0	
Position 15089:	T=0	G=0	-=0	A=2	C=0	
Position 15090:	T=2	G=0	-=0	A=0	C=0	
Position 15091:	T=2	G=0	-=0	A=0	C=0	
Position 15092:	T=0	G=0	-=0	A=0	C=2	
Position 15093:	T=0	G=2	-=0	A=0	C=0	
Position 15094:	T=0	G=0	-=0	A=0	C=2	
Position 15095:	T=2	G=0	-=0	A=0	C=0	
Position 15096:	T=0	G=2	-=0	A=0	C=0	
Position 15097:	T=0	G=0	-=0	A=0	C=2	
Position 15098:	T=0	G=0	-=0	A=0	C=2	
Position 15099:	T=2	G=0	-=0	A=0	C=0	
Position 15100:	T=0	G=2	-=0	A=0	C=0	
Position 15101:	T=0	G=0	-=0	A=0	C=2	
Position 15102:	A=1	N=0	C=0	-=0	G=5	T=0	
Position 15103:	T=0	G=0	-=0	A=2	C=0	
Position 15104:	T=0	G=1	-=0	A=0	C=0	
Position 15105:	T=0	G=1	-=0	A=0	C=0	
Position 15106:	T=0	G=0	-=0	A=0	C=1	
Position 15107:	T=0	G=0	-=0	A=1	C=0	
Position 15108:	T=0	G=1	-=0	A=0	C=0	
Position 15109:	T=0	G=0	-=0	A=0	C=1	
Position 15110:	T=0	G=0	-=0	A=1	C=0	
Position 15111:	T=0	G=0	-=0	A=0	C=1	
Position 15112:	T=1	G=0	-=0	A=0	C=0	
Position 15113:	T=0	G=0	-=0	A=1	C=0	
Position 15114:	T=0	G=1	-=0	A=0	C=0	
Position 15115:	T=0	G=1	-=0	A=0	C=0	
Position 15116:	T=0	G=0	-=0	A=1	C=0	
Position 15117:	T=0	G=0	-=0	A=0	C=1	
Position 15118:	T=1	G=0	-=0	A=0	C=0	
Position 15119:	T=0	G=4	-=0	A=1	C=0	
Position 15120:	T=1	G=0	-=0	A=0	C=0	
Position 15121:	T=0	G=0	-=0	A=0	C=1	
Position 15122:	T=0	G=0	-=0	A=0	C=1	
Position 15123:	T=0	G=0	-=0	A=0	C=3	
Position 15124:	T=3	G=0	-=0	A=0	C=0	
Position 15125:	T=0	G=3	-=0	A=0	C=0	
Position 15126:	T=2	G=0	-=0	A=0	C=4	
Position 15127:	T=3	G=0	-=0	A=0	C=0	
Position 15128:	T=0	G=0	-=0	A=3	C=0	
Position 15129:	T=0	G=3	-=0	A=0	C=0	
Position 15130:	T=3	G=0	-=0	A=0	C=0	
Position 15131:	T=0	G=0	-=0	A=3	C=0	
Position 15132:	T=0	G=0	-=0	A=3	C=0	
Position 15133:	T=3	G=0	-=0	A=0	C=0	
Position 15134:	T=0	G=0	-=0	A=3	C=0	
Position 15135:	T=0	G=3	-=0	A=0	C=0	
Position 15136:	T=3	G=0	-=0	A=0	C=0	
Position 15137:	T=0	G=0	-=0	A=0	C=3	
Position 15138:	T=3	G=0	-=0	A=0	C=0	
Position 15139:	T=0	G=0	-=0	A=0	C=2	
Position 15140:	T=2	G=0	-=0	A=0	C=0	
Position 15141:	T=0	G=0	-=0	A=2	C=0	
Position 15142:	T=0	G=0	-=0	A=2	C=0	
Position 15143:	T=0	G=0	-=0	A=0	C=2	
Position 15144:	T=0	G=0	-=0	A=6	C=0	
Position 15145:	T=0	G=0	-=0	A=0	C=5	
Position 15146:	T=5	G=0	-=0	A=0	C=0	
Position 15147:	T=5	G=0	-=0	A=0	C=0	
Position 15148:	T=0	G=0	-=0	A=5	C=0	
Position 15149:	T=0	G=0	-=0	A=0	C=5	
Position 15150:	T=0	G=5	-=0	A=0	C=0	
Position 15151:	T=0	G=5	-=0	A=0	C=0	
Position 15152:	T=0	G=0	-=0	A=5	C=0	
Position 15153:	T=0	G=0	-=0	A=5	C=0	
Position 15154:	T=0	G=0	-=0	A=0	C=5	
Position 15155:	T=5	G=0	-=0	A=0	C=0	
Position 15156:	T=0	G=5	-=0	A=0	C=0	
Position 15157:	T=0	G=0	-=0	A=5	C=0	
Position 15158:	T=5	G=0	-=0	A=0	C=0	
Position 15159:	T=5	G=0	-=0	A=0	C=0	
Position 15160:	T=0	G=0	-=0	A=5	C=0	
Position 15161:	T=5	G=0	-=0	A=0	C=0	
Position 15162:	A=3	N=0	C=0	-=0	G=31	T=0	
Position 15163:	T=4	G=0	-=0	A=0	C=0	
Position 15164:	T=0	G=0	-=0	A=2	C=0	
Position 15165:	T=0	G=0	-=0	A=0	C=1	
Position 15166:	T=0	G=0	-=0	A=1	C=0	
Position 15167:	T=0	G=0	-=0	A=1	C=0	
Position 15168:	T=0	G=0	-=0	A=1	C=0	
Position 15169:	T=0	G=0	-=0	A=1	C=0	
Position 15170:	T=0	G=0	-=0	A=0	C=1	
Position 15171:	T=0	G=0	-=0	A=0	C=1	
Position 15172:	T=1	G=0	-=0	A=0	C=0	
Position 15173:	T=0	G=0	-=0	A=0	C=1	
Position 15174:	T=0	G=0	-=0	A=1	C=0	
Position 15175:	T=0	G=0	-=0	A=1	C=0	
Position 15176:	T=1	G=0	-=0	A=0	C=0	
Position 15177:	T=0	G=0	-=0	A=0	C=1	
Position 15178:	T=1	G=0	-=0	A=0	C=0	
Position 15179:	T=0	G=0	-=0	A=0	C=1	
Position 15180:	T=1	G=0	-=0	A=0	C=0	
Position 15181:	T=1	G=0	-=0	A=0	C=0	
Position 15182:	T=0	G=0	-=0	A=1	C=0	
Position 15183:	T=0	G=0	-=0	A=0	C=1	
Position 15184:	T=0	G=0	-=0	A=1	C=0	
Position 15185:	T=0	G=0	-=0	A=1	C=0	
Position 15186:	T=1	G=0	-=0	A=0	C=0	
Position 15187:	T=0	G=1	-=0	A=0	C=0	
Position 15188:	T=0	G=0	-=0	A=0	C=1	
Position 15189:	T=1	G=0	-=0	A=0	C=0	
Position 15190:	T=0	G=0	-=0	A=1	C=0	
Position 15191:	T=0	G=0	-=0	A=1	C=0	
Position 15192:	T=0	G=0	-=0	A=1	C=0	
Position 15193:	T=0	G=0	-=0	A=1	C=0	
Position 15194:	T=0	G=0	-=0	A=1	C=0	
Position 15195:	T=1	G=0	-=0	A=0	C=0	
Position 15196:	T=0	G=0	-=0	A=0	C=1	
Position 15197:	T=0	G=0	-=0	A=1	C=0	
Position 15198:	T=1	G=0	-=0	A=0	C=0	
Position 15199:	T=0	G=0	-=0	A=0	C=1	
Position 15200:	T=1	G=0	-=0	A=0	C=0	
Position 15201:	T=1	G=0	-=0	A=0	C=0	
Position 15202:	T=0	G=0	-=0	A=0	C=1	
Position 15203:	T=0	G=0	-=0	A=0	C=1	
Position 15204:	T=0	G=0	-=0	A=0	C=1	
Position 15205:	T=0	G=0	-=0	A=0	C=1	
Position 15206:	T=0	G=0	-=0	A=1	C=0	
Position 15207:	T=0	G=0	-=0	A=0	C=1	
Position 15208:	T=1	G=0	-=0	A=0	C=0	
Position 15209:	T=0	G=0	-=0	A=1	C=0	
Position 15210:	T=38	G=0	-=0	A=0	C=0	
Position 15211:	T=0	G=0	-=0	A=38	C=0	
Position 15212:	T=0	G=0	-=0	A=38	C=0	
Position 15213:	T=38	G=0	-=0	A=0	C=0	
Position 15214:	T=0	G=37	-=0	A=1	C=0	
Position 15215:	T=1	G=0	-=0	A=0	C=36	
Position 15216:	T=37	G=0	-=0	A=0	C=0	
Position 15217:	T=0	G=0	-=0	A=34	C=0	
Position 15218:	T=0	G=33	-=0	A=1	C=0	
Position 15219:	T=34	G=0	-=0	A=0	C=0	
Position 15220:	T=0	G=0	-=0	A=32	C=0	
Position 15221:	T=0	G=0	-=0	A=0	C=32	
Position 15222:	T=0	G=0	-=0	A=0	C=31	
Position 15223:	T=31	G=0	-=0	A=0	C=0	
Position 15224:	T=1	G=0	-=0	A=0	C=29	
Position 15225:	T=31	G=0	-=0	A=0	C=0	
Position 15226:	T=31	G=0	-=0	A=0	C=0	
Position 15227:	T=0	G=0	-=0	A=31	C=0	
Position 15228:	T=1	G=0	-=0	A=0	C=30	
Position 15229:	T=0	G=0	-=0	A=31	C=0	
Position 15230:	T=30	G=0	-=0	A=0	C=0	
Position 15231:	T=0	G=26	-=0	A=1	C=0	
Position 15232:	T=0	G=0	-=0	A=26	C=0	
Position 15233:	T=0	G=21	-=0	A=1	C=0	
Position 15234:	T=1	G=0	-=0	A=0	C=21	
Position 15235:	T=0	G=21	-=0	A=0	C=0	
Position 15236:	T=19	G=0	-=0	A=0	C=0	
Position 15237:	T=1	G=0	-=0	A=0	C=18	
Position 15238:	T=0	G=0	-=0	A=19	C=0	
Position 15239:	T=0	G=0	-=0	A=19	C=0	
Position 15240:	T=0	G=0	-=0	A=20	C=0	
Position 15241:	T=0	G=19	-=0	A=1	C=0	
Position 15242:	T=0	G=0	-=0	A=0	C=19	
Position 15243:	T=1	G=0	-=0	A=0	C=18	
Position 15244:	T=0	G=0	-=0	A=0	C=16	
Position 15245:	T=0	G=0	-=0	A=15	C=0	
Position 15246:	T=0	G=0	-=0	A=15	C=0	
Position 15247:	T=15	G=0	-=0	A=0	C=0	
Position 15248:	T=0	G=0	-=0	A=15	C=0	
Position 15249:	T=15	G=0	-=0	A=0	C=0	
Position 15250:	T=0	G=0	-=0	A=15	C=0	
Position 15251:	T=0	G=0	-=0	A=15	C=0	
Position 15252:	T=15	G=0	-=0	A=0	C=0	
Position 15253:	T=15	G=0	-=0	A=0	C=0	
Position 15254:	T=15	G=0	-=0	A=0	C=0	
Position 15255:	T=0	G=13	-=0	A=0	C=0	
Position 15256:	T=0	G=13	-=0	A=0	C=0	
Position 15257:	T=0	G=0	-=0	A=11	C=0	
Position 15258:	T=11	G=0	-=0	A=0	C=0	
Position 15259:	T=0	G=0	-=0	A=0	C=11	
Position 15260:	T=0	G=0	-=0	A=11	C=0	
Position 15261:	T=0	G=0	-=0	A=11	C=0	
Position 15262:	T=11	G=0	-=0	A=0	C=0	
Position 15263:	T=0	G=0	-=0	A=11	C=0	
Position 15264:	T=0	G=0	-=0	A=0	C=10	
Position 15265:	T=0	G=0	-=0	A=10	C=0	
Position 15266:	T=0	G=0	-=0	A=9	C=0	
Position 15267:	T=0	G=0	-=0	A=0	C=9	
Position 15268:	T=0	G=0	-=0	A=9	C=0	
Position 15269:	T=0	G=9	-=0	A=0	C=0	
Position 15270:	T=0	G=0	-=0	A=0	C=9	
Position 15271:	T=8	G=0	-=0	A=0	C=0	
Position 15272:	T=8	G=0	-=0	A=0	C=0	
Position 15273:	T=0	G=0	-=0	A=8	C=0	
Position 15274:	T=0	G=0	-=0	A=0	C=8	
Position 15275:	T=0	G=0	-=0	A=8	C=0	
Position 15276:	T=0	G=8	-=0	A=0	C=0	
Position 15277:	T=0	G=0	-=0	A=0	C=8	
Position 15278:	T=0	G=0	-=0	A=0	C=7	
Position 15279:	T=6	G=0	-=0	A=0	C=0	
Position 15280:	T=0	G=6	-=0	A=0	C=0	
Position 15281:	T=0	G=0	-=0	A=0	C=6	
Position 15282:	T=6	G=0	-=0	A=0	C=0	
Position 15283:	T=6	G=0	-=0	A=0	C=0	
Position 15284:	T=0	G=0	-=0	A=6	C=0	
Position 15285:	T=5	G=0	-=0	A=0	C=0	
Position 15286:	T=0	G=0	-=0	A=0	C=5	
Position 15287:	T=0	G=0	-=0	A=5	C=0	
Position 15288:	T=0	G=5	-=0	A=0	C=0	
Position 15289:	T=5	G=0	-=0	A=0	C=0	
Position 15290:	T=0	G=0	-=0	A=0	C=5	
Position 15291:	T=5	G=0	-=0	A=0	C=0	
Position 15292:	T=5	G=0	-=0	A=0	C=0	
Position 15293:	T=0	G=4	-=0	A=0	C=0	
Position 15294:	T=4	G=0	-=0	A=0	C=0	
Position 15295:	T=0	G=0	-=0	A=0	C=4	
Position 15296:	T=0	G=0	-=0	A=4	C=0	
Position 15297:	T=0	G=4	-=0	A=0	C=0	
Position 15298:	T=4	G=0	-=0	A=0	C=0	
Position 15299:	T=4	G=0	-=0	A=0	C=0	
Position 15300:	T=4	G=0	-=0	A=0	C=0	
Position 15301:	T=0	G=0	-=0	A=4	C=0	
Position 15302:	T=0	G=0	-=0	A=4	C=0	
Position 15303:	T=0	G=0	-=0	A=0	C=4	
Position 15304:	T=0	G=0	-=0	A=4	C=0	
Position 15305:	T=4	G=0	-=0	A=0	C=0	
Position 15306:	T=0	G=0	-=0	A=4	C=0	
Position 15307:	T=4	G=0	-=0	A=0	C=0	
Position 15308:	T=0	G=0	-=0	A=0	C=4	
Position 15309:	T=4	G=0	-=0	A=0	C=0	
Position 15310:	T=0	G=0	-=0	A=0	C=4	
Position 15311:	T=0	G=0	-=0	A=4	C=0	
Position 15312:	T=0	G=0	-=0	A=4	C=0	
Position 15313:	T=0	G=0	-=0	A=0	C=4	
Position 15314:	T=0	G=0	-=0	A=0	C=4	
Position 15315:	T=0	G=0	-=0	A=3	C=0	
Position 15316:	T=0	G=3	-=0	A=0	C=0	
Position 15317:	T=0	G=0	-=0	A=0	C=3	
Position 15318:	T=3	G=0	-=0	A=0	C=0	
Position 15319:	T=0	G=0	-=0	A=0	C=3	
Position 15320:	T=0	G=0	-=0	A=3	C=0	
Position 15321:	T=0	G=3	-=0	A=0	C=0	
Position 15322:	T=3	G=0	-=0	A=0	C=0	
Position 15323:	T=0	G=3	-=0	A=0	C=0	
Position 15324:	T=0	G=0	-=0	A=3	C=0	
Position 15325:	T=0	G=0	-=0	A=0	C=3	
Position 15326:	T=0	G=0	-=0	A=3	C=0	
Position 15327:	T=0	G=0	-=0	A=3	C=0	
Position 15328:	T=3	G=0	-=0	A=0	C=0	
Position 15329:	T=0	G=0	-=0	A=2	C=0	
Position 15330:	T=0	G=2	-=0	A=0	C=0	
Position 15331:	T=0	G=0	-=0	A=0	C=2	
Position 15332:	T=0	G=0	-=0	A=0	C=2	
Position 15333:	T=2	G=0	-=0	A=0	C=0	
Position 15334:	T=0	G=0	-=0	A=2	C=0	
Position 15335:	T=0	G=0	-=0	A=1	C=0	
Position 15336:	T=0	G=0	-=0	A=1	C=0	
Position 15337:	T=0	G=0	-=0	A=0	C=1	
Position 15338:	T=1	G=0	-=0	A=0	C=0	
Position 15339:	T=1	G=0	-=0	A=0	C=0	
Position 15340:	T=0	G=0	-=0	A=0	C=1	
Position 15341:	T=1	G=0	-=0	A=0	C=0	
Position 15342:	T=0	G=0	-=0	A=0	C=1	
Position 15343:	T=0	G=0	-=0	A=1	C=0	
Position 15344:	T=1	G=0	-=0	A=0	C=0	
Position 15345:	T=1	G=0	-=0	A=0	C=0	
Position 15346:	T=0	G=1	-=0	A=0	C=0	
Position 15347:	T=0	G=0	-=0	A=0	C=1	
Position 15348:	T=1	G=0	-=0	A=0	C=0	
Position 15349:	T=0	G=0	-=0	A=1	C=0	
Position 15350:	T=1	G=0	-=0	A=0	C=0	
Position 15351:	T=1	G=0	-=0	A=0	C=0	
Position 15352:	T=0	G=0	-=0	A=0	C=1	
Position 15353:	T=1	G=0	-=0	A=0	C=0	
Position 15354:	T=1	G=0	-=0	A=0	C=0	
Position 15355:	T=1	G=0	-=0	A=0	C=0	
Position 15356:	T=0	G=0	-=0	A=50	C=0	
Position 15357:	T=2	G=0	-=0	A=0	C=50	
Position 15358:	T=1	G=0	-=0	A=0	C=50	
Position 15359:	T=0	G=50	-=0	A=2	C=0	
Position 15360:	T=0	G=0	-=0	A=55	C=0	
Position 15361:	T=3	G=0	-=0	A=0	C=52	
Position 15362:	T=55	G=0	-=0	A=0	C=0	
Position 15363:	T=1	G=0	-=0	A=0	C=55	
Position 15364:	T=2	G=0	-=0	A=0	C=53	
Position 15365:	T=2	G=0	-=0	A=0	C=52	
Position 15366:	T=54	G=0	-=0	A=0	C=0	
Position 15367:	T=0	G=0	-=0	A=56	C=0	
Position 15368:	T=56	G=0	-=0	A=0	C=0	
Position 15369:	T=2	G=0	-=0	A=0	C=56	
Position 15370:	T=0	G=0	-=0	A=57	C=0	
Position 15371:	T=0	G=52	-=0	A=4	C=0	
Position 15372:	T=3	G=0	-=0	A=0	C=53	
Position 15373:	T=0	G=0	-=0	A=0	C=56	
Position 15374:	T=2	G=0	-=0	A=0	C=52	
Position 15375:	T=3	G=0	-=0	A=0	C=53	
Position 15376:	T=3	G=0	-=0	A=0	C=51	
Position 15377:	T=2	G=0	-=0	A=0	C=54	
Position 15378:	T=55	G=0	-=0	A=0	C=0	
Position 15379:	T=0	G=0	-=0	A=54	C=0	
Position 15380:	T=56	G=0	-=0	A=0	C=0	
Position 15381:	T=55	G=0	-=0	A=0	C=0	
Position 15382:	T=0	G=0	-=0	A=54	C=0	
Position 15383:	T=0	G=53	-=0	A=2	C=0	
Position 15384:	T=57	G=0	-=0	A=0	C=0	
Position 15385:	T=1	G=0	-=0	A=0	C=57	
Position 15386:	T=3	G=0	-=0	A=0	C=54	
Position 15387:	T=56	G=0	-=0	A=0	C=0	
Position 15388:	T=2	G=0	-=0	A=0	C=53	
Position 15389:	T=0	G=0	-=0	A=54	C=0	
Position 15390:	T=0	G=1	-=0	A=0	C=54	
Position 15391:	T=0	G=0	-=0	A=57	C=0	
Position 15392:	T=0	G=0	-=0	A=60	C=0	
Position 15393:	T=2	G=0	-=0	A=0	C=58	
Position 15394:	T=0	G=0	-=0	A=59	C=0	
Position 15395:	T=61	G=0	-=0	A=0	C=0	
Position 15396:	T=0	G=62	-=0	A=0	C=0	
Position 15397:	T=0	G=0	-=0	A=59	C=0	
Position 15398:	T=2	G=0	-=0	A=0	C=59	
Position 15399:	T=58	G=0	-=0	A=0	C=0	
Position 15400:	T=0	G=0	-=0	A=59	C=0	
Position 15401:	T=3	G=0	-=0	A=0	C=56	
Position 15402:	T=58	G=0	-=0	A=0	C=1	
Position 15403:	T=0	G=0	-=0	A=57	C=0	
Position 15404:	T=0	G=0	-=0	A=0	C=56	
Position 15405:	T=0	G=0	-=0	A=0	C=56	
Position 15406:	T=3	G=0	-=0	A=0	C=54	
Position 15407:	T=1	G=0	-=0	A=0	C=54	
Position 15408:	T=51	G=0	-=0	A=0	C=0	
Position 15409:	T=0	G=0	-=0	A=50	C=0	
Position 15410:	T=0	G=0	-=0	A=54	C=0	
Position 15411:	T=54	G=0	-=0	A=0	C=0	
Position 15412:	T=0	G=52	-=0	A=1	C=0	
Position 15413:	T=0	G=0	-=0	A=0	C=55	
Position 15414:	T=56	G=0	-=0	A=0	C=0	
Position 15415:	T=0	G=0	-=0	A=58	C=0	
Position 15416:	T=0	G=0	-=0	A=58	C=0	
Position 15417:	T=58	G=0	-=0	A=0	C=0	
Position 15418:	T=0	G=58	-=0	A=1	C=0	
Position 15419:	T=0	G=64	-=0	A=0	C=0	
Position 15420:	T=5	G=0	-=0	A=0	C=60	
Position 15421:	T=0	G=63	-=0	A=3	C=0	
Position 15422:	T=0	G=0	-=0	A=65	C=0	
Position 15423:	T=0	G=62	-=0	A=0	C=0	
Position 15424:	T=62	G=0	-=0	A=0	C=0	
Position 15425:	T=2	G=0	-=0	A=0	C=61	
Position 15426:	T=0	G=0	-=0	A=64	C=0	
Position 15427:	T=0	G=0	-=0	A=64	C=0	
Position 15428:	T=63	G=0	-=0	A=0	C=0	
Position 15429:	T=63	G=0	-=0	A=0	C=0	
Position 15430:	T=61	G=0	-=0	A=0	C=0	
Position 15431:	T=3	G=0	-=0	A=0	C=58	
Position 15432:	T=0	G=0	-=0	A=63	C=0	
Position 15433:	T=3	G=0	-=0	A=0	C=60	
Position 15434:	T=1	G=0	-=0	A=0	C=61	
Position 15435:	T=62	G=0	-=0	A=0	C=0	
Position 15436:	T=0	G=62	-=0	A=2	C=0	
Position 15437:	T=67	G=0	-=0	A=0	C=0	
Position 15438:	T=3	G=0	-=0	A=0	C=63	
Position 15439:	T=0	G=0	-=0	A=67	C=0	
Position 15440:	T=0	G=0	-=0	A=69	C=0	
Position 15441:	T=0	G=0	-=0	A=70	C=0	
Position 15442:	T=0	G=69	-=0	A=1	C=0	
Position 15443:	T=0	G=71	-=0	A=1	C=0	
Position 15444:	T=0	G=0	-=0	A=71	C=0	
Position 15445:	T=0	G=0	-=0	A=73	C=0	
Position 15446:	T=0	G=0	-=0	A=74	C=0	
Position 15447:	T=1	G=0	-=0	A=0	C=75	
Position 15448:	T=77	G=0	-=0	A=0	C=0	
Position 15449:	T=4	G=0	-=0	A=0	C=74	
Position 15450:	T=76	G=0	-=0	A=0	C=0	
Position 15451:	T=0	G=78	-=0	A=1	C=0	
Position 15452:	T=0	G=0	-=0	A=79	C=0	
Position 15453:	T=3	G=0	-=0	A=0	C=73	
Position 15454:	T=3	G=0	-=0	A=0	C=75	
Position 15455:	T=2	G=0	-=0	A=0	C=79	
Position 15456:	T=0	G=82	-=0	A=0	C=0	
Position 15457:	T=0	G=0	-=0	A=82	C=0	
Position 15458:	T=0	G=0	-=0	A=81	C=0	
Position 15459:	T=0	G=0	-=0	A=82	C=0	
Position 15460:	T=0	G=77	-=0	A=4	C=0	
Position 15461:	T=0	G=0	-=0	A=82	C=0	
Position 15462:	T=0	G=0	-=0	A=82	C=0	
Position 15463:	T=0	G=0	-=0	A=81	C=0	
Position 15464:	T=82	G=0	-=0	A=0	C=0	
Position 15465:	T=82	G=0	-=0	A=0	C=0	
Position 15466:	T=0	G=0	-=0	A=82	C=0	
Position 15467:	T=79	G=0	-=0	A=0	C=0	
Position 15468:	T=0	G=0	-=0	A=76	C=0	
Position 15469:	T=4	G=0	-=0	A=0	C=75	
Position 15470:	T=0	G=0	-=0	A=78	C=0	
Position 15471:	T=78	G=0	-=0	A=0	C=0	
Position 15472:	T=0	G=0	-=0	A=0	C=77	
Position 15473:	T=0	G=0	-=0	A=77	C=0	
Position 15474:	T=5	G=0	-=0	A=0	C=71	
Position 15475:	T=2	G=0	-=0	A=0	C=75	
Position 15476:	T=0	G=0	-=0	A=78	C=0	
Position 15477:	T=82	G=0	-=0	A=0	C=0	
Position 15478:	T=0	G=0	-=0	A=83	C=0	
Position 15479:	T=2	G=0	-=0	A=0	C=83	
Position 15480:	T=84	G=0	-=0	A=0	C=0	
Position 15481:	T=0	G=0	-=0	A=85	C=0	
Position 15482:	T=0	G=81	-=0	A=4	C=0	
Position 15483:	T=85	G=0	-=0	A=0	C=0	
Position 15484:	T=1	G=0	-=0	A=0	C=87	
Position 15485:	T=3	G=0	-=0	A=0	C=85	
Position 15486:	T=88	G=0	-=0	A=0	C=0	
Position 15487:	T=83	G=0	-=0	A=0	C=0	
Position 15488:	T=2	G=0	-=0	A=0	C=84	
Position 15489:	T=87	G=0	-=0	A=0	C=0	
Position 15490:	T=0	G=0	-=0	A=88	C=0	
Position 15491:	T=2	G=0	-=0	A=0	C=84	
Position 15492:	T=0	G=0	-=0	A=87	C=0	
Position 15493:	T=0	G=0	-=0	A=85	C=0	
Position 15494:	T=1	G=0	-=0	A=0	C=83	
Position 15495:	T=84	G=0	-=0	A=0	C=0	
Position 15496:	T=0	G=0	-=0	A=81	C=0	
Position 15497:	T=81	G=0	-=0	A=0	C=0	
Position 15498:	T=83	G=0	-=0	A=0	C=0	
Position 15499:	T=2	G=0	-=0	A=0	C=81	
Position 15500:	T=2	G=0	-=0	A=0	C=82	
Position 15501:	T=86	G=0	-=0	A=0	C=0	
Position 15502:	T=0	G=84	-=0	A=1	C=0	
Position 15503:	T=0	G=0	-=0	A=84	C=0	
Position 15504:	T=82	G=0	-=0	A=0	C=0	
Position 15505:	T=2	G=0	-=0	A=0	C=78	
Position 15506:	T=0	G=0	-=0	A=81	C=0	
Position 15507:	T=81	G=0	-=0	A=0	C=0	
Position 15508:	T=0	G=0	-=0	A=80	C=0	
Position 15509:	T=0	G=0	-=0	A=80	C=0	
Position 15510:	T=2	G=0	-=0	A=0	C=80	
Position 15511:	T=2	G=0	-=0	A=0	C=78	
Position 15512:	T=79	G=0	-=0	A=0	C=0	
Position 15513:	T=79	G=0	-=0	A=0	C=0	
Position 15514:	T=77	G=0	-=0	A=0	C=0	
Position 15515:	T=77	G=0	-=0	A=0	C=0	
Position 15516:	T=1	G=0	-=0	A=0	C=77	
Position 15517:	T=80	G=0	-=0	A=0	C=0	
Position 15518:	T=0	G=73	-=0	A=7	C=0	
Position 15519:	T=1	G=0	-=0	A=0	C=76	
Position 15520:	T=75	G=0	-=0	A=0	C=0	
Position 15521:	T=0	G=0	-=0	A=72	C=0	
Position 15522:	T=73	G=0	-=0	A=0	C=0	
Position 15523:	T=0	G=0	-=0	A=72	C=0	
Position 15524:	T=0	G=71	-=0	A=1	C=0	
Position 15525:	T=0	G=0	-=0	A=71	C=0	
Position 15526:	T=0	G=72	-=0	A=0	C=0	
Position 15527:	T=1	G=0	-=0	A=0	C=66	
Position 15528:	T=67	G=0	-=0	A=0	C=0	
Position 15529:	T=0	G=0	-=0	A=69	C=0	
Position 15530:	T=0	G=0	-=0	A=67	C=0	
Position 15531:	T=66	G=0	-=0	A=0	C=0	
Position 15532:	T=2	G=0	-=0	A=0	C=61	
Position 15533:	T=2	G=0	-=0	A=0	C=61	
Position 15534:	T=63	G=0	-=0	A=0	C=0	
Position 15535:	T=0	G=0	-=0	A=61	C=0	
Position 15536:	T=58	G=0	-=0	A=0	C=0	
Position 15537:	T=56	G=0	-=0	A=0	C=0	
Position 15538:	T=1	G=0	-=0	A=0	C=55	
Position 15539:	T=54	G=0	-=0	A=0	C=0	
Position 15540:	T=0	G=0	-=0	A=54	C=0	
Position 15541:	T=54	G=0	-=0	A=0	C=0	
Position 15542:	T=0	G=0	-=0	A=56	C=0	
Position 15543:	T=55	G=0	-=0	A=0	C=0	
Position 15544:	T=2	G=0	-=0	A=0	C=53	
Position 15545:	T=55	G=0	-=0	A=0	C=0	
Position 15546:	T=54	G=0	-=0	A=0	C=0	
Position 15547:	T=0	G=49	-=0	A=3	C=0	
Position 15548:	T=51	G=0	-=0	A=0	C=0	
Position 15549:	T=50	G=0	-=0	A=0	C=0	
Position 15550:	T=1	G=0	-=0	A=0	C=48	
Position 15551:	T=0	G=46	-=0	A=3	C=0	
Position 15552:	T=0	G=0	-=0	A=48	C=0	
Position 15553:	T=0	G=0	-=0	A=48	C=0	
Position 15554:	T=0	G=45	-=0	A=3	C=0	
Position 15555:	T=1	G=0	-=0	A=0	C=46	
Position 15556:	T=0	G=0	-=0	A=0	C=46	
Position 15557:	T=0	G=0	-=0	A=48	C=0	
Position 15558:	T=2	G=0	-=0	A=0	C=47	
Position 15559:	T=1	G=0	-=0	A=0	C=46	
Position 15560:	T=1	G=0	-=0	A=0	C=46	
Position 15561:	T=51	G=0	-=0	A=0	C=0	
Position 15562:	T=0	G=0	-=0	A=49	C=0	
Position 15563:	T=0	G=46	-=0	A=0	C=0	
Position 15564:	T=46	G=0	-=0	A=0	C=0	
Position 15565:	T=0	G=0	-=0	A=47	C=0	
Position 15566:	T=2	G=0	-=0	A=0	C=46	
Position 15567:	T=1	G=0	-=0	A=0	C=49	
Position 15568:	T=1	G=0	-=0	A=0	C=48	
Position 15569:	T=0	G=0	-=0	A=47	C=0	
Position 15570:	T=1	G=0	-=0	A=0	C=45	
Position 15571:	T=45	G=0	-=0	A=0	C=0	
Position 15572:	T=1	G=0	-=0	A=0	C=41	
Position 15573:	T=43	G=0	-=0	A=0	C=0	
Position 15574:	T=0	G=42	-=0	A=0	C=0	
Position 15575:	T=0	G=41	-=0	A=1	C=0	
Position 15576:	T=42	G=0	-=0	A=0	C=0	
Position 15577:	T=42	G=0	-=0	A=0	C=0	
Position 15578:	T=0	G=0	-=0	A=39	C=0	
Position 15579:	T=36	G=0	-=0	A=0	C=0	
Position 15580:	T=36	G=0	-=0	A=0	C=0	
Position 15581:	T=0	G=0	-=0	A=35	C=0	
Position 15582:	T=35	G=0	-=0	A=0	C=0	
Position 15583:	T=0	G=0	-=0	A=0	C=35	
Position 15584:	T=0	G=0	-=0	A=34	C=0	
Position 15585:	T=0	G=0	-=0	A=0	C=33	
Position 15586:	T=32	G=0	-=0	A=0	C=0	
Position 15587:	T=0	G=0	-=0	A=0	C=32	
Position 15588:	T=0	G=29	-=0	A=2	C=0	
Position 15589:	T=0	G=0	-=0	A=28	C=0	
Position 15590:	T=27	G=0	-=0	A=0	C=0	
Position 15591:	T=0	G=25	-=0	A=2	C=0	
Position 15592:	T=0	G=0	-=0	A=28	C=0	
Position 15593:	T=0	G=25	-=0	A=1	C=0	
Position 15594:	T=0	G=24	-=0	A=0	C=0	
Position 15595:	T=0	G=0	-=0	A=23	C=0	
Position 15596:	T=0	G=0	-=0	A=23	C=0	
Position 15597:	T=0	G=0	-=0	A=22	C=0	
Position 15598:	T=23	G=0	-=0	A=0	C=0	
Position 15599:	T=1	G=0	-=0	A=0	C=20	
Position 15600:	T=0	G=0	-=0	A=20	C=0	
Position 15601:	T=0	G=0	-=0	A=19	C=0	
Position 15602:	T=0	G=0	-=0	A=17	C=0	
Position 15603:	T=0	G=0	-=0	A=0	C=14	
Position 15604:	T=0	G=0	-=0	A=13	C=0	
Position 15605:	T=0	G=10	-=0	A=0	C=0	
Position 15606:	T=0	G=0	-=0	A=10	C=0	
Position 15607:	T=0	G=0	-=0	A=10	C=0	
Position 15608:	T=0	G=0	-=0	A=0	C=9	
Position 15609:	T=0	G=6	-=0	A=2	C=0	
Position 15610:	T=0	G=0	-=0	A=6	C=0	
Position 15611:	T=0	G=0	-=0	A=0	C=4	
Position 15612:	T=4	G=0	-=0	A=0	C=0	
Position 15613:	T=0	G=0	-=0	A=4	C=0	
Position 15614:	T=0	G=0	-=0	A=6	C=0	
Position 15615:	T=0	G=0	-=0	A=6	C=0	
Position 15616:	T=0	G=0	-=0	A=0	C=7	
Position 15617:	T=0	G=7	-=0	A=1	C=0	
Position 15618:	T=1	G=0	-=0	A=0	C=9	
Position 15619:	T=0	G=13	-=0	A=0	C=0	
Position 15620:	T=0	G=14	-=0	A=1	C=0	
Position 15621:	T=0	G=16	-=0	A=1	C=0	
Position 15622:	T=2	G=0	-=0	A=0	C=16	
Position 15623:	T=3	G=0	-=0	A=0	C=16	
Position 15624:	T=19	G=0	-=0	A=0	C=0	
Position 15625:	T=19	G=0	-=0	A=0	C=0	
Position 15626:	T=18	G=0	-=0	A=0	C=0	
Position 15627:	T=0	G=0	-=0	A=17	C=0	
Position 15628:	T=0	G=0	-=0	A=0	C=18	
Position 15629:	T=20	G=0	-=0	A=0	C=0	
Position 15630:	T=22	G=0	-=0	A=0	C=0	
Position 15631:	T=22	G=0	-=0	A=0	C=0	
Position 15632:	T=2	G=0	-=0	A=0	C=23	
Position 15633:	T=25	G=0	-=0	A=0	C=0	
Position 15634:	T=0	G=27	-=0	A=0	C=0	
Position 15635:	T=27	G=0	-=0	A=0	C=0	
Position 15636:	T=27	G=0	-=0	A=0	C=0	
Position 15637:	T=29	G=0	-=0	A=0	C=0	
Position 15638:	T=29	G=0	-=0	A=0	C=0	
Position 15639:	T=0	G=0	-=0	A=29	C=0	
Position 15640:	T=30	G=0	-=0	A=0	C=0	
Position 15641:	T=0	G=0	-=0	A=30	C=0	
Position 15642:	T=0	G=0	-=0	A=0	C=30	
Position 15643:	T=29	G=0	-=0	A=0	C=0	
Position 15644:	T=0	G=0	-=0	A=0	C=30	
Position 15645:	T=30	G=0	-=0	A=0	C=0	
Position 15646:	T=0	G=0	-=0	A=31	C=0	
Position 15647:	T=0	G=30	-=0	A=2	C=0	
Position 15648:	T=32	G=0	-=0	A=0	C=0	
Position 15649:	T=0	G=0	-=0	A=34	C=0	
Position 15650:	T=0	G=33	-=0	A=1	C=0	
Position 15651:	T=0	G=33	-=0	A=2	C=0	
Position 15652:	T=0	G=32	-=0	A=2	C=0	
Position 15653:	T=33	G=0	-=0	A=0	C=0	
Position 15654:	T=1	G=0	-=0	A=0	C=32	
Position 15655:	T=32	G=0	-=0	A=0	C=0	
Position 15656:	T=0	G=0	-=0	A=0	C=31	
Position 15657:	T=31	G=0	-=0	A=0	C=0	
Position 15658:	T=0	G=0	-=0	A=31	C=0	
Position 15659:	T=0	G=0	-=0	A=0	C=31	
Position 15660:	T=1	G=0	-=0	A=0	C=30	
Position 15661:	T=0	G=0	-=0	A=28	C=0	
Position 15662:	T=28	G=0	-=0	A=0	C=0	
Position 15663:	T=28	G=0	-=0	A=0	C=0	
Position 15664:	T=0	G=0	-=0	A=26	C=0	
Position 15665:	T=0	G=0	-=0	A=0	C=26	
Position 15666:	T=25	G=0	-=0	A=0	C=0	
Position 15667:	T=0	G=0	-=0	A=27	C=0	
Position 15668:	T=0	G=24	-=0	A=1	C=0	
Position 15669:	T=26	G=0	-=0	A=0	C=0	
Position 15670:	T=27	G=0	-=0	A=0	C=0	
Position 15671:	T=0	G=24	-=0	A=2	C=0	
Position 15672:	T=1	G=0	-=0	A=0	C=25	
Position 15673:	T=0	G=0	-=0	A=26	C=0	
Position 15674:	T=0	G=0	-=0	A=0	C=27	
Position 15675:	T=27	G=0	-=0	A=0	C=0	
Position 15676:	T=0	G=23	-=0	A=1	C=0	
Position 15677:	T=3	G=0	-=0	A=0	C=23	
Position 15678:	T=28	G=0	-=0	A=0	C=0	
Position 15679:	T=0	G=0	-=0	A=27	C=0	
Position 15680:	T=3	G=0	-=0	A=0	C=28	
Position 15681:	T=0	G=0	-=0	A=31	C=0	
Position 15682:	T=3	G=0	-=0	A=0	C=28	
Position 15683:	T=0	G=0	-=0	A=32	C=0	
Position 15684:	T=1	G=0	-=0	A=0	C=36	
Position 15685:	T=5	G=0	-=0	A=0	C=34	
Position 15686:	T=0	G=0	-=0	A=0	C=39	
Position 15687:	T=0	G=0	-=0	A=39	C=0	
Position 15688:	T=0	G=0	-=0	A=40	C=0	
Position 15689:	T=0	G=0	-=0	A=40	C=0	
Position 15690:	T=0	G=0	-=0	A=39	C=0	
Position 15691:	T=40	G=0	-=0	A=0	C=0	
Position 15692:	T=0	G=0	-=0	A=41	C=0	
Position 15693:	T=0	G=0	-=0	A=41	C=0	
Position 15694:	T=44	G=0	-=0	A=0	C=0	
Position 15695:	T=0	G=0	-=0	A=0	C=46	
Position 15696:	T=47	G=0	-=0	A=0	C=0	
Position 15697:	T=0	G=0	-=0	A=48	C=0	
Position 15698:	T=0	G=51	-=0	A=0	C=0	
Position 15699:	T=0	G=52	-=0	A=0	C=0	
Position 15700:	T=3	G=0	-=0	A=0	C=50	
Position 15701:	T=56	G=0	-=0	A=0	C=0	
Position 15702:	T=3	G=0	-=0	A=0	C=55	
Position 15703:	T=2	G=0	-=0	A=0	C=57	
Position 15704:	T=3	G=0	-=0	A=0	C=57	
Position 15705:	T=62	G=0	-=0	A=0	C=0	
Position 15706:	T=0	G=0	-=0	A=62	C=0	
Position 15707:	T=0	G=0	-=0	A=62	C=0	
Position 15708:	T=0	G=0	-=0	A=63	C=0	
Position 15709:	T=64	G=0	-=0	A=0	C=0	
Position 15710:	T=63	G=0	-=0	A=0	C=0	
Position 15711:	T=62	G=0	-=0	A=0	C=0	
Position 15712:	T=63	G=0	-=0	A=0	C=0	
Position 15713:	T=3	G=0	-=0	A=0	C=63	
Position 15714:	T=66	G=0	-=0	A=0	C=0	
Position 15715:	T=1	G=0	-=0	A=0	C=67	
Position 15716:	T=69	G=0	-=0	A=0	C=0	
Position 15717:	T=70	G=0	-=0	A=0	C=0	
Position 15718:	T=0	G=0	-=0	A=70	C=0	
Position 15719:	T=0	G=0	-=0	A=70	C=0	
Position 15720:	T=68	G=0	-=0	A=0	C=0	
Position 15721:	T=0	G=0	-=0	A=67	C=0	
Position 15722:	T=2	G=0	-=0	A=0	C=66	
Position 15723:	T=0	G=0	-=0	A=70	C=0	
Position 15724:	T=0	G=0	-=0	A=70	C=0	
Position 15725:	T=71	G=0	-=0	A=0	C=0	
Position 15726:	T=0	G=0	-=0	A=70	C=0	
Position 15727:	T=1	G=0	-=0	A=0	C=69	
Position 15728:	T=71	G=0	-=0	A=0	C=0	
Position 15729:	T=0	G=72	-=0	A=2	C=0	
Position 15730:	T=0	G=0	-=0	A=76	C=0	
Position 15731:	T=0	G=0	-=0	A=72	C=0	
Position 15732:	T=0	G=0	-=0	A=0	C=72	
Position 15733:	T=0	G=0	-=0	A=0	C=70	
Position 15734:	T=2	G=0	-=0	A=0	C=68	
Position 15735:	T=0	G=0	-=0	A=66	C=0	
Position 15736:	T=0	G=0	-=0	A=66	C=0	
Position 15737:	T=0	G=0	-=0	A=0	C=65	
Position 15738:	T=0	G=0	-=0	A=0	C=64	
Position 15739:	T=62	G=0	-=0	A=0	C=0	
Position 15740:	T=1	G=0	-=0	A=0	C=60	
Position 15741:	T=56	G=0	-=0	A=0	C=0	
Position 15742:	T=0	G=50	-=0	A=3	C=0	
Position 15743:	T=1	G=0	-=0	A=0	C=49	
Position 15744:	T=1	G=0	-=0	A=0	C=48	
Position 15745:	T=0	G=0	-=0	A=49	C=0	
Position 15746:	T=0	G=0	-=0	A=47	C=0	
Position 15747:	T=0	G=0	-=0	A=46	C=0	
Position 15748:	T=47	G=0	-=0	A=0	C=0	
Position 15749:	T=47	G=0	-=0	A=0	C=0	
Position 15750:	T=0	G=0	-=0	A=0	C=43	
Position 15751:	T=0	G=0	-=0	A=0	C=43	
Position 15752:	T=43	G=0	-=0	A=0	C=0	
Position 15753:	T=0	G=40	-=0	A=2	C=0	
Position 15754:	T=0	G=0	-=0	A=43	C=0	
Position 15755:	T=43	G=0	-=0	A=0	C=0	
Position 15756:	T=1	G=0	-=0	A=0	C=42	
Position 15757:	T=40	G=0	-=0	A=0	C=0	
Position 15758:	T=0	G=0	-=0	A=38	C=0	
Position 15759:	T=0	G=36	-=0	A=1	C=0	
Position 15760:	T=0	G=0	-=0	A=0	C=37	
Position 15761:	T=0	G=0	-=0	A=36	C=0	
Position 15762:	T=37	G=0	-=0	A=0	C=0	
Position 15763:	T=0	G=0	-=0	A=34	C=0	
Position 15764:	T=34	G=0	-=0	A=0	C=0	
Position 15765:	T=33	G=0	-=0	A=0	C=0	
Position 15766:	T=33	G=0	-=0	A=0	C=0	
Position 15767:	T=1	G=0	-=0	A=0	C=33	
Position 15768:	T=33	G=0	-=0	A=0	C=0	
Position 15769:	T=0	G=32	-=0	A=0	C=0	
Position 15770:	T=33	G=0	-=0	A=0	C=0	
Position 15771:	T=0	G=32	-=0	A=1	C=0	
Position 15772:	T=0	G=0	-=0	A=36	C=0	
Position 15773:	T=2	G=0	-=0	A=0	C=35	
Position 15774:	T=35	G=0	-=0	A=0	C=0	
Position 15775:	T=0	G=0	-=0	A=35	C=0	
Position 15776:	T=0	G=35	-=0	A=0	C=0	
Position 15777:	T=0	G=0	-=0	A=0	C=33	
Position 15778:	T=0	G=33	-=0	A=0	C=0	
Position 15779:	T=35	G=0	-=0	A=0	C=0	
Position 15780:	T=0	G=36	-=0	A=1	C=0	
Position 15781:	T=37	G=0	-=0	A=0	C=0	
Position 15782:	T=0	G=0	-=0	A=39	C=0	
Position 15783:	T=43	G=0	-=0	A=0	C=0	
Position 15784:	T=0	G=0	-=0	A=45	C=0	
Position 15785:	T=0	G=0	-=0	A=45	C=0	
Position 15786:	T=45	G=0	-=0	A=0	C=0	
Position 15787:	T=0	G=47	-=0	A=0	C=0	
Position 15788:	T=0	G=49	-=0	A=0	C=0	
Position 15789:	T=0	G=0	-=0	A=0	C=48	
Position 15790:	T=0	G=0	-=0	A=49	C=0	
Position 15791:	T=50	G=0	-=0	A=0	C=0	
Position 15792:	T=51	G=0	-=0	A=0	C=0	
Position 15793:	T=52	G=0	-=0	A=0	C=0	
Position 15794:	T=0	G=0	-=0	A=51	C=0	
Position 15795:	T=51	G=0	-=0	A=0	C=0	
Position 15796:	T=0	G=49	-=0	A=1	C=0	
Position 15797:	T=0	G=52	-=0	A=0	C=0	
Position 15798:	T=53	G=0	-=0	A=0	C=0	
Position 15799:	T=0	G=0	-=0	A=53	C=0	
Position 15800:	T=0	G=0	-=0	A=51	C=0	
Position 15801:	T=0	G=0	-=0	A=48	C=0	
Position 15802:	T=0	G=0	-=0	A=48	C=0	
Position 15803:	T=0	G=0	-=0	A=47	C=0	
Position 15804:	T=48	G=0	-=0	A=0	C=0	
Position 15805:	T=0	G=0	-=0	A=47	C=0	
Position 15806:	T=0	G=0	-=0	A=0	C=45	
Position 15807:	T=1	G=0	-=0	A=0	C=44	
Position 15808:	T=44	G=0	-=0	A=0	C=0	
Position 15809:	T=0	G=0	-=0	A=0	C=41	
Position 15810:	T=41	G=0	-=0	A=0	C=0	
Position 15811:	T=0	G=0	-=0	A=41	C=0	
Position 15812:	T=41	G=0	-=0	A=0	C=0	
Position 15813:	T=0	G=0	-=0	A=41	C=0	
Position 15814:	T=1	G=0	-=0	A=0	C=38	
Position 15815:	T=0	G=34	-=0	A=4	C=0	
Position 15816:	T=0	G=35	-=0	A=0	C=0	
Position 15817:	T=34	G=0	-=0	A=0	C=0	
Position 15818:	T=0	G=0	-=0	A=0	C=34	
Position 15819:	T=32	G=0	-=0	A=0	C=0	
Position 15820:	T=30	G=0	-=0	A=0	C=0	
Position 15821:	T=0	G=0	-=0	A=0	C=28	
Position 15822:	T=0	G=0	-=0	A=27	C=0	
Position 15823:	T=1	G=0	-=0	A=0	C=26	
Position 15824:	T=0	G=0	-=0	A=0	C=26	
Position 15825:	T=25	G=0	-=0	A=0	C=0	
Position 15826:	T=0	G=23	-=0	A=2	C=0	
Position 15827:	T=22	G=0	-=0	A=0	C=0	
Position 15828:	T=0	G=21	-=0	A=1	C=0	
Position 15829:	T=0	G=0	-=0	A=21	C=0	
Position 15830:	T=19	G=0	-=0	A=0	C=0	
Position 15831:	T=19	G=0	-=0	A=0	C=0	
Position 15832:	T=0	G=0	-=0	A=20	C=0	
Position 15833:	T=0	G=0	-=0	A=0	C=21	
Position 15834:	T=0	G=0	-=0	A=0	C=21	
Position 15835:	T=0	G=0	-=0	A=20	C=0	
Position 15836:	T=0	G=0	-=0	A=20	C=0	
Position 15837:	T=0	G=0	-=0	A=19	C=0	
Position 15838:	T=0	G=0	-=0	A=18	C=0	
Position 15839:	T=0	G=18	-=0	A=0	C=0	
Position 15840:	T=0	G=0	-=0	A=0	C=17	
Position 15841:	T=0	G=0	-=0	A=17	C=0	
Position 15842:	T=0	G=0	-=0	A=0	C=16	
Position 15843:	T=0	G=0	-=0	A=14	C=0	
Position 15844:	T=0	G=0	-=0	A=0	C=13	
Position 15845:	T=0	G=14	-=0	A=0	C=0	
Position 15846:	T=12	G=0	-=0	A=0	C=0	
Position 15847:	T=0	G=0	-=0	A=14	C=0	
Position 15848:	T=0	G=14	-=0	A=2	C=0	
Position 15849:	T=0	G=0	-=0	A=18	C=0	
Position 15850:	T=0	G=18	-=0	A=0	C=0	
Position 15851:	T=0	G=19	-=0	A=1	C=0	
Position 15852:	T=3	G=0	-=0	A=0	C=19	
Position 15853:	T=0	G=0	-=0	A=26	C=0	
Position 15854:	T=2	G=0	-=0	A=0	C=26	
Position 15855:	T=2	G=0	-=0	A=0	C=26	
Position 15856:	T=31	G=0	-=0	A=0	C=0	
Position 15857:	T=0	G=0	-=0	A=32	C=0	
Position 15858:	T=32	G=0	-=0	A=0	C=0	
Position 15859:	T=33	G=0	-=0	A=0	C=0	
Position 15860:	T=0	G=30	-=0	A=1	C=0	
Position 15861:	T=1	G=0	-=0	A=0	C=30	
Position 15862:	T=0	G=0	-=0	A=32	C=0	
Position 15863:	T=0	G=30	-=0	A=0	C=0	
Position 15864:	T=0	G=30	-=0	A=1	C=0	
Position 15865:	T=0	G=0	-=0	A=31	C=0	
Position 15866:	T=32	G=0	-=0	A=0	C=0	
Position 15867:	T=0	G=0	-=0	A=0	C=32	
Position 15868:	T=2	G=0	-=0	A=0	C=31	
Position 15869:	T=0	G=0	-=0	A=33	C=0	
Position 15870:	T=33	G=0	-=0	A=0	C=0	
Position 15871:	T=0	G=0	-=0	A=34	C=0	
Position 15872:	T=0	G=36	-=0	A=0	C=0	
Position 15873:	T=36	G=0	-=0	A=0	C=0	
Position 15874:	T=0	G=0	-=0	A=36	C=0	
Position 15875:	T=1	G=0	-=0	A=0	C=35	
Position 15876:	T=35	G=0	-=0	A=0	C=0	
Position 15877:	T=36	G=0	-=0	A=0	C=0	
Position 15878:	T=0	G=36	-=0	A=0	C=0	
Position 15879:	T=1	G=0	-=0	A=0	C=36	
Position 15880:	T=37	G=0	-=0	A=0	C=0	
Position 15881:	T=0	G=37	-=0	A=0	C=0	
Position 15882:	T=2	G=0	-=0	A=0	C=35	
Position 15883:	T=1	G=0	-=0	A=0	C=36	
Position 15884:	T=0	G=34	-=0	A=2	C=0	
Position 15885:	T=38	G=0	-=0	A=0	C=0	
Position 15886:	T=0	G=0	-=0	A=41	C=0	
Position 15887:	T=1	G=0	-=0	A=0	C=39	
Position 15888:	T=40	G=0	-=0	A=0	C=0	
Position 15889:	T=1	G=0	-=0	A=0	C=40	
Position 15890:	T=2	G=0	-=0	A=0	C=39	
Position 15891:	T=42	G=0	-=0	A=0	C=0	
Position 15892:	T=0	G=0	-=0	A=41	C=0	
Position 15893:	T=0	G=0	-=0	A=42	C=0	
Position 15894:	T=0	G=0	-=0	A=42	C=0	
Position 15895:	T=0	G=0	-=0	A=41	C=0	
Position 15896:	T=1	G=0	-=0	A=0	C=37	
Position 15897:	T=36	G=0	-=0	A=0	C=0	
Position 15898:	T=0	G=0	-=0	A=37	C=0	
Position 15899:	T=0	G=35	-=0	A=1	C=0	
Position 15900:	T=0	G=33	-=0	A=3	C=0	
Position 15901:	T=0	G=0	-=0	A=35	C=0	
Position 15902:	T=0	G=33	-=0	A=0	C=0	
Position 15903:	T=0	G=30	-=0	A=2	C=0	
Position 15904:	T=1	G=0	-=0	A=0	C=30	
Position 15905:	T=30	G=0	-=0	A=0	C=0	
Position 15906:	T=0	G=0	-=0	A=30	C=0	
Position 15907:	T=27	G=0	-=0	A=0	C=0	
Position 15908:	T=0	G=26	-=0	A=0	C=0	
Position 15909:	T=0	G=24	-=0	A=1	C=0	
Position 15910:	T=0	G=0	-=0	A=0	C=24	
Position 15911:	T=0	G=0	-=0	A=22	C=0	
Position 15912:	T=22	G=0	-=0	A=0	C=0	
Position 15913:	T=0	G=19	-=0	A=2	C=0	
Position 15914:	T=0	G=0	-=0	A=19	C=0	
Position 15915:	T=20	G=0	-=0	A=0	C=0	
Position 15916:	T=0	G=0	-=0	A=19	C=0	
Position 15917:	T=0	G=0	-=0	A=0	C=20	
Position 15918:	T=0	G=17	-=0	A=1	C=0	
Position 15919:	T=0	G=0	-=0	A=17	C=0	
Position 15920:	T=0	G=0	-=0	A=14	C=0	
Position 15921:	T=12	G=0	-=0	A=0	C=0	
Position 15922:	T=13	G=0	-=0	A=0	C=0	
Position 15923:	T=0	G=0	-=0	A=14	C=0	
Position 15924:	T=0	G=0	-=0	A=0	C=14	
Position 15925:	T=0	G=0	-=0	A=18	C=0	
Position 15926:	T=0	G=0	-=0	A=18	C=0	
Position 15927:	T=4	G=0	-=0	A=0	C=14	
Position 15928:	T=0	G=0	-=0	A=19	C=0	
Position 15929:	T=1	G=0	-=0	A=0	C=19	
Position 15930:	T=23	G=0	-=0	A=0	C=0	
Position 15931:	T=0	G=0	-=0	A=23	C=0	
Position 15932:	T=0	G=0	-=0	A=0	C=23	
Position 15933:	T=23	G=0	-=0	A=0	C=0	
Position 15934:	T=23	G=0	-=0	A=0	C=0	
Position 15935:	T=0	G=23	-=0	A=1	C=0	
Position 15936:	T=0	G=25	-=0	A=0	C=0	
Position 15937:	T=28	G=0	-=0	A=0	C=0	
Position 15938:	T=0	G=0	-=0	A=0	C=29	
Position 15939:	T=3	G=0	-=0	A=0	C=28	
Position 15940:	T=34	G=0	-=0	A=0	C=0	
Position 15941:	T=35	G=0	-=0	A=0	C=0	
Position 15942:	T=37	G=0	-=0	A=0	C=0	
Position 15943:	T=0	G=0	-=0	A=38	C=0	
Position 15944:	T=0	G=0	-=0	A=39	C=0	
Position 15945:	T=2	G=0	-=0	A=0	C=37	
Position 15946:	T=0	G=39	-=0	A=0	C=0	
Position 15947:	T=0	G=0	-=0	A=40	C=0	
Position 15948:	T=0	G=40	-=0	A=0	C=0	
Position 15949:	T=2	G=0	-=0	A=0	C=39	
Position 15950:	T=41	G=0	-=0	A=0	C=0	
Position 15951:	T=41	G=0	-=0	A=0	C=0	
Position 15952:	T=0	G=0	-=0	A=0	C=42	
Position 15953:	T=0	G=0	-=0	A=42	C=0	
Position 15954:	T=42	G=0	-=0	A=0	C=0	
Position 15955:	T=0	G=41	-=0	A=1	C=0	
Position 15956:	T=0	G=41	-=0	A=2	C=0	
Position 15957:	T=1	G=0	-=0	A=0	C=42	
Position 15958:	T=43	G=0	-=0	A=0	C=0	
Position 15959:	T=43	G=0	-=0	A=0	C=0	
Position 15960:	T=0	G=0	-=0	A=42	C=0	
Position 15961:	T=2	G=0	-=0	A=0	C=40	
Position 15962:	T=0	G=0	-=0	A=0	C=41	
Position 15963:	T=2	G=0	-=0	A=0	C=37	
Position 15964:	T=0	G=0	-=0	A=0	C=37	
Position 15965:	T=35	G=0	-=0	A=0	C=0	
Position 15966:	T=35	G=0	-=0	A=0	C=0	
Position 15967:	T=0	G=0	-=0	A=0	C=36	
Position 15968:	T=0	G=0	-=0	A=37	C=0	
Position 15969:	T=38	G=0	-=0	A=0	C=0	
Position 15970:	T=0	G=0	-=0	A=38	C=0	
Position 15971:	T=0	G=0	-=0	A=39	C=0	
Position 15972:	T=40	G=0	-=0	A=0	C=0	
Position 15973:	T=0	G=0	-=0	A=41	C=0	
Position 15974:	T=0	G=0	-=0	A=0	C=39	
Position 15975:	T=41	G=0	-=0	A=0	C=0	
Position 15976:	T=1	G=0	-=0	A=0	C=43	
Position 15977:	T=42	G=0	-=0	A=0	C=0	
Position 15978:	T=2	G=0	-=0	A=0	C=37	
Position 15979:	T=0	G=35	-=0	A=3	C=0	
Position 15980:	T=0	G=0	-=0	A=0	C=38	
Position 15981:	T=38	G=0	-=0	A=0	C=0	
Position 15982:	T=0	G=0	-=0	A=38	C=0	
Position 15983:	T=36	G=0	-=0	A=0	C=0	
Position 15984:	T=0	G=34	-=0	A=3	C=0	
Position 15985:	T=0	G=36	-=0	A=1	C=0	
Position 15986:	T=0	G=39	-=0	A=0	C=0	
Position 15987:	T=0	G=39	-=0	A=0	C=0	
Position 15988:	T=0	G=0	-=0	A=0	C=38	
Position 15989:	T=0	G=0	-=0	A=38	C=0	
Position 15990:	T=40	G=0	-=0	A=0	C=0	
Position 15991:	T=0	G=0	-=0	A=40	C=0	
Position 15992:	T=0	G=0	-=0	A=40	C=0	
Position 15993:	T=40	G=0	-=0	A=0	C=0	
Position 15994:	T=42	G=0	-=0	A=0	C=0	
Position 15995:	T=0	G=0	-=0	A=44	C=0	
Position 15996:	T=45	G=0	-=0	A=0	C=0	
Position 15997:	T=0	G=0	-=0	A=45	C=0	
Position 15998:	T=0	G=0	-=0	A=47	C=0	
Position 15999:	T=1	G=0	-=0	A=0	C=46	
Position 16000:	T=0	G=0	-=0	A=45	C=0	
Position 16001:	T=0	G=0	-=0	A=46	C=0	
Position 16002:	T=0	G=46	-=0	A=0	C=0	
Position 16003:	T=47	G=0	-=0	A=0	C=0	
Position 16004:	T=48	G=0	-=0	A=0	C=0	
Position 16005:	T=1	G=0	-=0	A=0	C=48	
Position 16006:	T=49	G=0	-=0	A=0	C=0	
Position 16007:	T=0	G=0	-=0	A=50	C=0	
Position 16008:	T=50	G=0	-=0	A=0	C=0	
Position 16009:	T=1	G=0	-=0	A=0	C=49	
Position 16010:	T=54	G=0	-=0	A=0	C=0	
Position 16011:	T=0	G=53	-=0	A=1	C=0	
Position 16012:	T=1	G=0	-=0	A=0	C=54	
Position 16013:	T=3	G=0	-=0	A=0	C=54	
Position 16014:	T=53	G=0	-=0	A=0	C=0	
Position 16015:	T=0	G=0	-=0	A=56	C=0	
Position 16016:	T=2	G=0	-=0	A=0	C=54	
Position 16017:	T=0	G=54	-=0	A=1	C=0	
Position 16018:	T=0	G=0	-=0	A=0	C=56	
Position 16019:	T=0	G=0	-=0	A=0	C=56	
Position 16020:	T=0	G=0	-=0	A=55	C=0	
Position 16021:	T=0	G=0	-=0	A=54	C=0	
Position 16022:	T=0	G=0	-=0	A=56	C=0	
Position 16023:	T=0	G=0	-=0	A=0	C=55	
Position 16024:	T=0	G=54	-=0	A=1	C=0	
Position 16025:	T=0	G=52	-=0	A=2	C=0	
Position 16026:	T=0	G=0	-=0	A=52	C=0	
Position 16027:	T=51	G=0	-=0	A=0	C=0	
Position 16028:	T=49	G=0	-=0	A=0	C=0	
Position 16029:	T=49	G=0	-=0	A=0	C=0	
Position 16030:	T=0	G=0	-=0	A=50	C=0	
Position 16031:	T=0	G=0	-=0	A=51	C=0	
Position 16032:	T=0	G=0	-=0	A=50	C=0	
Position 16033:	T=0	G=50	-=0	A=1	C=0	
Position 16034:	T=53	G=0	-=0	A=0	C=0	
Position 16035:	T=1	G=0	-=0	A=0	C=56	
Position 16036:	T=6	G=0	-=0	A=0	C=51	
Position 16037:	T=1	G=0	-=0	A=0	C=54	
Position 16038:	T=55	G=0	-=0	A=0	C=0	
Position 16039:	T=0	G=0	-=0	A=55	C=0	
Position 16040:	T=0	G=0	-=0	A=55	C=0	
Position 16041:	T=56	G=0	-=0	A=0	C=0	
Position 16042:	T=56	G=0	-=0	A=0	C=0	
Position 16043:	T=0	G=51	-=0	A=4	C=0	
Position 16044:	T=1	G=0	-=0	A=0	C=54	
Position 16045:	T=54	G=0	-=0	A=0	C=0	
Position 16046:	T=54	G=0	-=0	A=0	C=0	
Position 16047:	T=0	G=0	-=0	A=54	C=0	
Position 16048:	T=54	G=0	-=0	A=0	C=0	
Position 16049:	T=54	G=0	-=0	A=0	C=0	
Position 16050:	T=4	G=0	-=0	A=0	C=50	
Position 16051:	T=2	G=0	-=0	A=0	C=49	
Position 16052:	T=52	G=0	-=0	A=0	C=0	
Position 16053:	T=0	G=0	-=0	A=0	C=52	
Position 16054:	T=52	G=0	-=0	A=0	C=0	
Position 16055:	T=0	G=49	-=0	A=2	C=0	
Position 16056:	T=50	G=0	-=0	A=0	C=0	
Position 16057:	T=48	G=0	-=0	A=0	C=0	
Position 16058:	T=0	G=0	-=0	A=47	C=0	
Position 16059:	T=0	G=43	-=0	A=1	C=0	
Position 16060:	T=0	G=0	-=0	A=0	C=43	
Position 16061:	T=0	G=0	-=0	A=0	C=42	
Position 16062:	T=0	G=0	-=0	A=42	C=0	
Position 16063:	T=0	G=0	-=0	A=0	C=41	
Position 16064:	T=0	G=0	-=0	A=40	C=0	
Position 16065:	T=39	G=0	-=0	A=0	C=0	
Position 16066:	T=0	G=35	-=0	A=3	C=0	
Position 16067:	T=0	G=36	-=0	A=1	C=0	
Position 16068:	T=0	G=0	-=0	A=0	C=34	
Position 16069:	T=1	G=0	-=0	A=0	C=29	
Position 16070:	T=0	G=0	-=0	A=0	C=28	
Position 16071:	T=26	G=0	-=0	A=0	C=0	
Position 16072:	T=0	G=23	-=0	A=1	C=0	
Position 16073:	T=0	G=19	-=0	A=2	C=0	
Position 16074:	T=21	G=0	-=0	A=0	C=0	
Position 16075:	T=0	G=0	-=0	A=0	C=21	
Position 16076:	T=0	G=0	-=0	A=18	C=0	
Position 16077:	T=18	G=0	-=0	A=0	C=0	
Position 16078:	T=19	G=0	-=0	A=0	C=0	
Position 16079:	T=0	G=18	-=0	A=0	C=0	
Position 16080:	T=19	G=0	-=0	A=0	C=0	
Position 16081:	T=0	G=0	-=0	A=18	C=0	
Position 16082:	T=0	G=18	-=0	A=1	C=0	
Position 16083:	T=0	G=0	-=0	A=0	C=18	
Position 16084:	T=0	G=0	-=0	A=19	C=0	
Position 16085:	T=0	G=18	-=0	A=1	C=0	
Position 16086:	T=22	G=0	-=0	A=0	C=0	
Position 16087:	T=0	G=0	-=0	A=23	C=0	
Position 16088:	T=22	G=0	-=0	A=0	C=0	
Position 16089:	T=22	G=0	-=0	A=0	C=0	
Position 16090:	T=0	G=0	-=0	A=23	C=0	
Position 16091:	T=0	G=0	-=0	A=20	C=0	
Position 16092:	T=18	G=0	-=0	A=0	C=0	
Position 16093:	T=2	G=0	-=0	A=0	C=17	
Position 16094:	T=2	G=0	-=0	A=0	C=19	
Position 16095:	T=0	G=0	-=0	A=21	C=0	
Position 16096:	T=0	G=0	-=0	A=22	C=0	
Position 16097:	T=0	G=0	-=0	A=22	C=0	
Position 16098:	T=3	G=0	-=0	A=0	C=21	
Position 16099:	T=0	G=0	-=0	A=0	C=24	
Position 16100:	T=2	G=0	-=0	A=0	C=25	
Position 16101:	T=1	G=0	-=0	A=0	C=28	
Position 16102:	T=0	G=0	-=0	A=31	C=0	
Position 16103:	T=32	G=0	-=0	A=0	C=0	
Position 16104:	T=0	G=33	-=0	A=1	C=0	
Position 16105:	T=0	G=0	-=0	A=34	C=0	
Position 16106:	T=0	G=0	-=0	A=35	C=0	
Position 16107:	T=0	G=35	-=0	A=0	C=0	
Position 16108:	T=2	G=0	-=0	A=0	C=33	
Position 16109:	T=35	G=0	-=0	A=0	C=0	
Position 16110:	T=0	G=0	-=0	A=35	C=0	
Position 16111:	T=35	G=0	-=0	A=0	C=0	
Position 16112:	T=0	G=0	-=0	A=36	C=0	
Position 16113:	T=41	G=0	-=0	A=0	C=0	
Position 16114:	T=0	G=0	-=0	A=43	C=0	
Position 16115:	T=0	G=43	-=0	A=0	C=0	
Position 16116:	T=0	G=43	-=0	A=1	C=0	
Position 16117:	T=0	G=0	-=0	A=43	C=0	
Position 16118:	T=0	G=45	-=0	A=0	C=0	
Position 16119:	T=1	G=0	-=0	A=0	C=46	
Position 16120:	T=0	G=0	-=0	A=47	C=0	
Position 16121:	T=0	G=0	-=0	A=48	C=0	
Position 16122:	T=4	G=0	-=0	A=0	C=44	
Position 16123:	T=0	G=0	-=0	A=48	C=0	
Position 16124:	T=0	G=47	-=0	A=1	C=0	
Position 16125:	T=0	G=0	-=0	A=0	C=48	
Position 16126:	T=0	G=0	-=0	A=0	C=48	
Position 16127:	T=48	G=0	-=0	A=0	C=0	
Position 16128:	T=47	G=0	-=0	A=0	C=0	
Position 16129:	T=0	G=0	-=0	A=48	C=0	
Position 16130:	T=0	G=0	-=0	A=48	C=0	
Position 16131:	T=48	G=0	-=0	A=0	C=0	
Position 16132:	T=0	G=0	-=0	A=50	C=0	
Position 16133:	T=0	G=0	-=0	A=49	C=0	
Position 16134:	T=54	G=0	-=0	A=0	C=0	
Position 16135:	T=3	G=0	-=0	A=0	C=50	
Position 16136:	T=0	G=51	-=0	A=2	C=0	
Position 16137:	T=2	G=0	-=0	A=0	C=52	
Position 16138:	T=3	G=0	-=0	A=0	C=51	
Position 16139:	T=1	G=0	-=0	A=0	C=54	
Position 16140:	T=0	G=0	-=0	A=55	C=0	
Position 16141:	T=1	G=0	-=0	A=0	C=54	
Position 16142:	T=0	G=57	-=0	A=0	C=0	
Position 16143:	T=0	G=54	-=0	A=0	C=0	
Position 16144:	T=0	G=0	-=0	A=57	C=0	
Position 16145:	T=3	G=0	-=0	A=0	C=54	
Position 16146:	T=55	G=0	-=0	A=0	C=0	
Position 16147:	T=0	G=0	-=0	A=54	C=0	
Position 16148:	T=0	G=0	-=0	A=53	C=0	
Position 16149:	T=0	G=0	-=0	A=0	C=53	
Position 16150:	T=0	G=0	-=0	A=52	C=0	
Position 16151:	T=56	G=0	-=0	A=0	C=0	
Position 16152:	T=2	G=0	-=0	A=0	C=53	
Position 16153:	T=3	G=0	-=0	A=0	C=54	
Position 16154:	T=56	G=0	-=0	A=0	C=0	
Position 16155:	T=4	G=0	-=0	A=0	C=53	
Position 16156:	T=3	G=0	-=0	A=0	C=55	
Position 16157:	T=59	G=0	-=0	A=0	C=0	
Position 16158:	T=58	G=0	-=0	A=0	C=0	
Position 16159:	T=0	G=0	-=0	A=59	C=0	
Position 16160:	T=1	G=0	-=0	A=0	C=57	
Position 16161:	T=57	G=0	-=0	A=0	C=0	
Position 16162:	T=0	G=0	-=0	A=59	C=0	
Position 16163:	T=57	G=0	-=0	A=0	C=0	
Position 16164:	T=57	G=0	-=0	A=0	C=0	
Position 16165:	T=2	G=0	-=0	A=0	C=55	
Position 16166:	T=58	G=0	-=0	A=0	C=0	
Position 16167:	T=0	G=56	-=0	A=3	C=0	
Position 16168:	T=58	G=0	-=0	A=0	C=0	
Position 16169:	T=2	G=0	-=0	A=0	C=55	
Position 16170:	T=58	G=0	-=0	A=0	C=0	
Position 16171:	T=61	G=0	-=0	A=0	C=0	
Position 16172:	T=0	G=59	-=0	A=1	C=0	
Position 16173:	T=0	G=0	-=0	A=0	C=59	
Position 16174:	T=0	G=0	-=0	A=58	C=0	
Position 16175:	T=0	G=0	-=0	A=57	C=0	
Position 16176:	T=0	G=0	-=0	A=56	C=0	
Position 16177:	T=1	G=0	-=0	A=0	C=55	
Position 16178:	T=56	G=0	-=0	A=0	C=0	
Position 16179:	T=0	G=0	-=0	A=0	C=55	
Position 16180:	T=2	G=0	-=0	A=0	C=53	
Position 16181:	T=0	G=0	-=0	A=54	C=0	
Position 16182:	T=0	G=0	-=0	A=51	C=0	
Position 16183:	T=2	G=0	-=0	A=0	C=49	
Position 16184:	T=51	G=0	-=0	A=0	C=0	
Position 16185:	T=0	G=0	-=0	A=52	C=0	
Position 16186:	T=53	G=0	-=0	A=0	C=0	
Position 16187:	T=0	G=51	-=0	A=2	C=0	
Position 16188:	T=0	G=0	-=0	A=55	C=0	
Position 16189:	T=0	G=0	-=0	A=57	C=0	
Position 16190:	T=1	G=0	-=0	A=0	C=55	
Position 16191:	T=0	G=55	-=0	A=0	C=0	
Position 16192:	T=0	G=0	-=0	A=56	C=0	
Position 16193:	T=0	G=0	-=0	A=53	C=0	
Position 16194:	T=54	G=0	-=0	A=0	C=0	
Position 16195:	T=3	G=0	-=0	A=0	C=51	
Position 16196:	T=1	G=0	-=0	A=0	C=52	
Position 16197:	T=0	G=0	-=0	A=52	C=0	
Position 16198:	T=50	G=0	-=0	A=0	C=0	
Position 16199:	T=0	G=0	-=0	A=50	C=0	
Position 16200:	T=0	G=46	-=0	A=3	C=0	
Position 16201:	T=0	G=0	-=0	A=0	C=47	
Position 16202:	T=0	G=0	-=0	A=0	C=46	
Position 16203:	T=0	G=43	-=0	A=4	C=0	
Position 16204:	T=0	G=0	-=0	A=45	C=0	
Position 16205:	T=0	G=0	-=0	A=44	C=0	
Position 16206:	T=2	G=0	-=0	A=0	C=40	
Position 16207:	T=41	G=0	-=0	A=0	C=0	
Position 16208:	T=0	G=0	-=0	A=41	C=0	
Position 16209:	T=41	G=0	-=0	A=0	C=0	
Position 16210:	T=0	G=39	-=0	A=1	C=0	
Position 16211:	T=0	G=0	-=0	A=39	C=0	
Position 16212:	T=39	G=0	-=0	A=0	C=0	
Position 16213:	T=0	G=0	-=0	A=0	C=39	
Position 16214:	T=0	G=0	-=0	A=0	C=39	
Position 16215:	T=38	G=0	-=0	A=0	C=0	
Position 16216:	T=1	G=0	-=0	A=0	C=37	
Position 16217:	T=0	G=34	-=0	A=5	C=0	
Position 16218:	T=0	G=0	-=0	A=0	C=37	
Position 16219:	T=0	G=35	-=0	A=2	C=0	
Position 16220:	T=0	G=0	-=0	A=0	C=38	
Position 16221:	T=0	G=36	-=0	A=0	C=0	
Position 16222:	T=0	G=0	-=0	A=33	C=0	
Position 16223:	T=0	G=31	-=0	A=2	C=0	
Position 16224:	T=0	G=31	-=0	A=1	C=0	
Position 16225:	T=1	G=0	-=0	A=0	C=32	
Position 16226:	T=4	G=0	-=0	A=0	C=31	
Position 16227:	T=35	G=0	-=0	A=0	C=0	
Position 16228:	T=0	G=0	-=0	A=36	C=0	
Position 16229:	T=1	G=0	-=0	A=0	C=32	
Position 16230:	T=0	G=0	-=0	A=36	C=0	
Position 16231:	T=0	G=0	-=0	A=37	C=0	
Position 16232:	T=0	G=0	-=0	A=36	C=0	
Position 16233:	T=2	G=0	-=0	A=0	C=37	
Position 16234:	T=0	G=0	-=0	A=38	C=0	
Position 16235:	T=3	G=0	-=0	A=0	C=34	
Position 16236:	T=37	G=0	-=0	A=0	C=0	
Position 16237:	T=39	G=0	-=0	A=0	C=0	
Position 16238:	T=2	G=0	-=0	A=0	C=36	
Position 16239:	T=37	G=0	-=0	A=0	C=0	
Position 16240:	T=2	G=0	-=0	A=0	C=35	
Position 16241:	T=0	G=0	-=0	A=0	C=38	
Position 16242:	T=0	G=0	-=0	A=0	C=39	
Position 16243:	T=0	G=0	-=0	A=39	C=0	
Position 16244:	T=1	G=0	-=0	A=0	C=38	
Position 16245:	T=41	G=0	-=0	A=0	C=0	
Position 16246:	T=40	G=0	-=0	A=0	C=0	
Position 16247:	T=0	G=0	-=0	A=41	C=0	
Position 16248:	T=43	G=0	-=0	A=0	C=0	
Position 16249:	T=0	G=43	-=0	A=1	C=0	
Position 16250:	T=0	G=43	-=0	A=1	C=0	
Position 16251:	T=1	G=0	-=0	A=0	C=43	
Position 16252:	T=0	G=0	-=0	A=44	C=0	
Position 16253:	T=0	G=49	-=0	A=0	C=0	
Position 16254:	T=1	G=0	-=0	A=0	C=51	
Position 16255:	T=51	G=0	-=0	A=0	C=1	
Position 16256:	T=53	G=0	-=0	A=0	C=0	
Position 16257:	T=0	G=52	-=0	A=1	C=0	
Position 16258:	T=0	G=0	-=0	A=54	C=0	
Position 16259:	T=55	G=0	-=0	A=0	C=0	
Position 16260:	T=0	G=54	-=0	A=0	C=0	
Position 16261:	T=0	G=0	-=0	A=56	C=0	
Position 16262:	T=1	G=0	-=0	A=0	C=55	
Position 16263:	T=55	G=0	-=0	A=0	C=0	
Position 16264:	T=0	G=0	-=0	A=55	C=0	
Position 16265:	T=1	G=0	-=0	A=0	C=54	
Position 16266:	T=54	G=0	-=0	A=0	C=0	
Position 16267:	T=0	G=0	-=0	A=54	C=0	
Position 16268:	T=0	G=54	-=0	A=1	C=0	
Position 16269:	T=2	G=0	-=0	A=0	C=53	
Position 16270:	T=0	G=0	-=0	A=54	C=0	
Position 16271:	T=0	G=0	-=0	A=52	C=0	
Position 16272:	T=0	G=52	-=0	A=1	C=0	
Position 16273:	T=54	G=0	-=0	A=0	C=0	
Position 16274:	T=1	G=0	-=0	A=0	C=53	
Position 16275:	T=54	G=0	-=0	A=0	C=0	
Position 16276:	T=1	G=0	-=0	A=0	C=51	
Position 16277:	T=0	G=0	-=0	A=52	C=0	
Position 16278:	T=0	G=0	-=0	A=0	C=52	
Position 16279:	T=51	G=0	-=0	A=0	C=0	
Position 16280:	T=0	G=0	-=0	A=51	C=0	
Position 16281:	T=0	G=0	-=0	A=49	C=0	
Position 16282:	T=48	G=0	-=0	A=0	C=0	
Position 16283:	T=0	G=0	-=0	A=0	C=44	
Position 16284:	T=40	G=0	-=0	A=0	C=0	
Position 16285:	T=0	G=0	-=0	A=37	C=0	
Position 16286:	T=37	G=0	-=0	A=0	C=0	
Position 16287:	T=0	G=0	-=0	A=0	C=37	
Position 16288:	T=0	G=0	-=0	A=36	C=0	
Position 16289:	T=1	G=0	-=0	A=0	C=35	
Position 16290:	T=35	G=0	-=0	A=0	C=0	
Position 16291:	T=0	G=0	-=0	A=0	C=34	
Position 16292:	T=0	G=0	-=0	A=0	C=33	
Position 16293:	T=1	G=0	-=0	A=0	C=31	
Position 16294:	T=31	G=0	-=0	A=0	C=0	
Position 16295:	T=1	G=0	-=0	A=0	C=28	
Position 16296:	T=0	G=0	-=0	A=0	C=30	
Position 16297:	T=30	G=0	-=0	A=0	C=0	
Position 16298:	T=0	G=0	-=0	A=28	C=0	
Position 16299:	T=1	G=0	-=0	A=0	C=27	
Position 16300:	T=0	G=0	-=0	A=0	C=27	
Position 16301:	T=0	G=0	-=0	A=26	C=0	
Position 16302:	T=24	G=0	-=0	A=0	C=0	
Position 16303:	T=0	G=0	-=0	A=0	C=23	
Position 16304:	T=0	G=0	-=0	A=23	C=0	
Position 16305:	T=0	G=0	-=0	A=21	C=0	
Position 16306:	T=1	G=0	-=0	A=0	C=19	
Position 16307:	T=0	G=0	-=0	A=0	C=19	
Position 16308:	T=18	G=0	-=0	A=0	C=0	
Position 16309:	T=18	G=0	-=0	A=0	C=0	
Position 16310:	T=0	G=0	-=0	A=18	C=0	
Position 16311:	T=16	G=0	-=0	A=0	C=0	
Position 16312:	T=0	G=0	-=0	A=0	C=16	
Position 16313:	T=0	G=13	-=0	A=3	C=0	
Position 16314:	T=0	G=16	-=0	A=1	C=0	
Position 16315:	T=0	G=0	-=0	A=17	C=0	
Position 16316:	T=0	G=16	-=0	A=1	C=0	
Position 16317:	T=0	G=0	-=0	A=16	C=0	
Position 16318:	T=0	G=0	-=0	A=17	C=0	
Position 16319:	T=1	G=0	-=0	A=0	C=16	
Position 16320:	T=17	G=0	-=0	A=0	C=0	
Position 16321:	T=0	G=16	-=0	A=1	C=0	
Position 16322:	T=17	G=0	-=0	A=0	C=0	
Position 16323:	T=17	G=0	-=0	A=0	C=0	
Position 16324:	T=18	G=0	-=0	A=0	C=0	
Position 16325:	T=0	G=17	-=0	A=1	C=0	
Position 16326:	T=12	G=0	-=0	A=0	C=0	
Position 16327:	T=0	G=0	-=0	A=13	C=0	
Position 16328:	T=0	G=14	-=0	A=0	C=0	
Position 16329:	T=15	G=0	-=0	A=0	C=0	
Position 16330:	T=0	G=0	-=0	A=16	C=0	
Position 16331:	T=0	G=17	-=0	A=0	C=0	
Position 16332:	T=17	G=0	-=0	A=0	C=0	
Position 16333:	T=0	G=0	-=0	A=17	C=0	
Position 16334:	T=0	G=19	-=0	A=0	C=0	
Position 16335:	T=0	G=0	-=0	A=0	C=20	
Position 16336:	T=20	G=0	-=0	A=0	C=0	
Position 16337:	T=0	G=0	-=0	A=21	C=0	
Position 16338:	T=1	G=0	-=0	A=0	C=21	
Position 16339:	T=0	G=0	-=0	A=22	C=0	
Position 16340:	T=24	G=0	-=0	A=0	C=0	
Position 16341:	T=24	G=0	-=0	A=0	C=0	
Position 16342:	T=24	G=0	-=0	A=0	C=0	
Position 16343:	T=24	G=0	-=0	A=0	C=0	
Position 16344:	T=1	G=0	-=0	A=0	C=23	
Position 16345:	T=0	G=0	-=0	A=23	C=0	
Position 16346:	T=23	G=0	-=0	A=0	C=0	
Position 16347:	T=0	G=24	-=0	A=0	C=0	
Position 16348:	T=0	G=0	-=0	A=24	C=0	
Position 16349:	T=24	G=0	-=0	A=0	C=0	
Position 16350:	T=0	G=0	-=0	A=0	C=23	
Position 16351:	T=26	G=0	-=0	A=0	C=0	
Position 16352:	T=0	G=0	-=0	A=26	C=0	
Position 16353:	T=0	G=0	-=0	A=26	C=0	
Position 16354:	T=1	G=0	-=0	A=0	C=25	
Position 16355:	T=0	G=0	-=0	A=26	C=0	
Position 16356:	T=24	G=0	-=0	A=0	C=0	
Position 16357:	T=2	G=0	-=0	A=0	C=22	
Position 16358:	T=0	G=0	-=0	A=24	C=0	
Position 16359:	T=0	G=0	-=0	A=0	C=24	
Position 16360:	T=1	G=0	-=0	A=0	C=24	
Position 16361:	T=0	G=0	-=0	A=25	C=0	
Position 16362:	T=26	G=0	-=0	A=0	C=0	
Position 16363:	T=0	G=0	-=0	A=0	C=25	
Position 16364:	T=0	G=0	-=0	A=25	C=0	
Position 16365:	T=0	G=0	-=0	A=0	C=25	
Position 16366:	T=23	G=0	-=0	A=0	C=0	
Position 16367:	T=0	G=0	-=0	A=0	C=23	
Position 16368:	T=19	G=0	-=0	A=0	C=0	
Position 16369:	T=0	G=0	-=0	A=19	C=0	
Position 16370:	T=0	G=0	-=0	A=18	C=0	
Position 16371:	T=20	G=0	-=0	A=0	C=0	
Position 16372:	T=0	G=0	-=0	A=21	C=0	
Position 16373:	T=0	G=23	-=0	A=0	C=0	
Position 16374:	T=0	G=24	-=0	A=1	C=0	
Position 16375:	T=0	G=0	-=0	A=26	C=0	
Position 16376:	T=0	G=0	-=0	A=28	C=0	
Position 16377:	T=3	G=0	-=0	A=0	C=26	
Position 16378:	T=2	G=0	-=0	A=0	C=24	
Position 16379:	T=0	G=0	-=0	A=27	C=0	
Position 16380:	T=0	G=0	-=0	A=27	C=0	
Position 16381:	T=1	G=0	-=0	A=0	C=23	
Position 16382:	T=0	G=0	-=0	A=25	C=0	
Position 16383:	T=26	G=0	-=0	A=0	C=0	
Position 16384:	T=27	G=0	-=0	A=0	C=0	
Position 16385:	T=0	G=0	-=0	A=24	C=0	
Position 16386:	T=25	G=0	-=0	A=0	C=0	
Position 16387:	T=0	G=0	-=0	A=0	C=26	
Position 16388:	T=0	G=0	-=0	A=25	C=0	
Position 16389:	T=23	G=0	-=0	A=0	C=0	
Position 16390:	T=24	G=0	-=0	A=0	C=0	
Position 16391:	T=0	G=0	-=0	A=28	C=0	
Position 16392:	T=2	G=0	-=0	A=0	C=28	
Position 16393:	T=30	G=0	-=0	A=0	C=0	
Position 16394:	T=0	G=33	-=0	A=0	C=0	
Position 16395:	T=4	G=0	-=0	A=0	C=30	
Position 16396:	T=4	G=0	-=0	A=0	C=31	
Position 16397:	T=1	G=0	-=0	A=0	C=35	
Position 16398:	T=39	G=0	-=0	A=0	C=0	
Position 16399:	T=2	G=0	-=0	A=0	C=38	
Position 16400:	T=41	G=0	-=0	A=0	C=0	
Position 16401:	T=0	G=0	-=0	A=42	C=0	
Position 16402:	T=1	G=0	-=0	A=0	C=41	
Position 16403:	T=41	G=0	-=0	A=0	C=0	
Position 16404:	T=0	G=0	-=0	A=0	C=40	
Position 16405:	T=3	G=0	-=0	A=0	C=39	
Position 16406:	T=0	G=0	-=0	A=0	C=43	
Position 16407:	T=44	G=0	-=0	A=0	C=0	
Position 16408:	T=1	G=0	-=0	A=0	C=43	
Position 16409:	T=46	G=0	-=0	A=0	C=0	
Position 16410:	T=0	G=0	-=0	A=47	C=0	
Position 16411:	T=3	G=0	-=0	A=0	C=45	
Position 16412:	T=0	G=0	-=0	A=47	C=0	
Position 16413:	T=46	G=0	-=0	A=0	C=0	
Position 16414:	T=0	G=0	-=0	A=45	C=0	
Position 16415:	T=0	G=0	-=0	A=0	C=45	
Position 16416:	T=45	G=0	-=0	A=0	C=0	
Position 16417:	T=0	G=0	-=0	A=44	C=0	
Position 16418:	T=0	G=0	-=0	A=44	C=0	
Position 16419:	T=44	G=0	-=0	A=0	C=0	
Position 16420:	T=0	G=0	-=0	A=0	C=44	
Position 16421:	T=0	G=0	-=0	A=41	C=0	
Position 16422:	T=0	G=0	-=0	A=0	C=41	
Position 16423:	T=0	G=39	-=0	A=1	C=0	
Position 16424:	T=0	G=0	-=0	A=37	C=0	
Position 16425:	T=0	G=0	-=0	A=0	C=34	
Position 16426:	T=0	G=0	-=0	A=34	C=0	
Position 16427:	T=0	G=0	-=0	A=0	C=33	
Position 16428:	T=0	G=0	-=0	A=30	C=0	
Position 16429:	T=0	G=0	-=0	A=32	C=0	
Position 16430:	T=1	G=0	-=0	A=0	C=32	
Position 16431:	T=0	G=30	-=0	A=1	C=0	
Position 16432:	T=0	G=0	-=0	A=31	C=0	
Position 16433:	T=0	G=27	-=0	A=2	C=0	
Position 16434:	T=0	G=26	-=0	A=3	C=0	
Position 16435:	T=0	G=0	-=0	A=0	C=27	
Position 16436:	T=0	G=0	-=0	A=24	C=0	
Position 16437:	T=0	G=0	-=0	A=23	C=0	
Position 16438:	T=0	G=19	-=0	A=3	C=0	
Position 16439:	T=19	G=0	-=0	A=0	C=0	
Position 16440:	T=0	G=16	-=0	A=2	C=0	
Position 16441:	T=1	G=0	-=0	A=0	C=16	
Position 16442:	T=0	G=0	-=0	A=16	C=0	
Position 16443:	T=2	G=0	-=0	A=0	C=17	
Position 16444:	T=0	G=0	-=0	A=19	C=0	
Position 16445:	T=0	G=0	-=0	A=19	C=0	
Position 16446:	T=0	G=0	-=0	A=19	C=0	
Position 16447:	T=2	G=0	-=0	A=0	C=16	
Position 16448:	T=0	G=0	-=0	A=0	C=18	
Position 16449:	T=0	G=0	-=0	A=20	C=0	
Position 16450:	T=21	G=0	-=0	A=0	C=0	
Position 16451:	T=0	G=22	-=0	A=0	C=0	
Position 16452:	T=23	G=0	-=0	A=0	C=0	
Position 16453:	T=0	G=0	-=0	A=0	C=23	
Position 16454:	T=0	G=0	-=0	A=26	C=0	
Position 16455:	T=0	G=0	-=0	A=27	C=0	
Position 16456:	T=0	G=0	-=0	A=30	C=0	
Position 16457:	T=0	G=0	-=0	A=31	C=0	
Position 16458:	T=0	G=33	-=0	A=0	C=0	
Position 16459:	T=34	G=0	-=0	A=0	C=0	
Position 16460:	T=0	G=0	-=0	A=37	C=0	
Position 16461:	T=37	G=0	-=0	A=0	C=0	
Position 16462:	T=39	G=0	-=0	A=0	C=0	
Position 16463:	T=0	G=0	-=0	A=41	C=0	
Position 16464:	T=0	G=0	-=0	A=43	C=0	
Position 16465:	T=0	G=0	-=0	A=44	C=0	
Position 16466:	T=0	G=0	-=0	A=0	C=44	
Position 16467:	T=0	G=0	-=0	A=0	C=44	
Position 16468:	T=0	G=0	-=0	A=46	C=0	
Position 16469:	T=46	G=0	-=0	A=0	C=0	
Position 16470:	T=1	G=0	-=0	A=0	C=49	
Position 16471:	T=0	G=0	-=0	A=0	C=52	
Position 16472:	T=54	G=0	-=0	A=0	C=0	
Position 16473:	T=55	G=0	-=0	A=0	C=0	
Position 16474:	T=56	G=0	-=0	A=0	C=0	
Position 16475:	T=0	G=0	-=0	A=56	C=1	
Position 16476:	T=5	G=0	-=0	A=0	C=53	
Position 16477:	T=0	G=0	-=0	A=58	C=0	
Position 16478:	T=2	G=0	-=0	A=0	C=55	
Position 16479:	T=0	G=58	-=0	A=0	C=0	
Position 16480:	T=0	G=0	-=0	A=58	C=0	
Position 16481:	T=0	G=58	-=0	A=0	C=0	
Position 16482:	T=0	G=0	-=0	A=57	C=0	
Position 16483:	T=0	G=0	-=0	A=58	C=0	
Position 16484:	T=0	G=0	-=0	A=58	C=0	
Position 16485:	T=0	G=0	-=0	A=57	C=0	
Position 16486:	T=0	G=0	-=0	A=0	C=56	
Position 16487:	T=0	G=58	-=0	A=0	C=0	
Position 16488:	T=1	G=0	-=0	A=0	C=58	
Position 16489:	T=0	G=0	-=0	A=0	C=60	
Position 16490:	T=2	G=0	-=0	A=0	C=56	
Position 16491:	T=59	G=0	-=0	A=0	C=0	
Position 16492:	T=0	G=56	-=0	A=1	C=0	
Position 16493:	T=0	G=0	-=0	A=59	C=0	
Position 16494:	T=56	G=0	-=0	A=0	C=0	
Position 16495:	T=0	G=0	-=0	A=55	C=0	
Position 16496:	T=0	G=53	-=0	A=1	C=0	
Position 16497:	T=0	G=0	-=0	A=0	C=52	
Position 16498:	T=51	G=0	-=0	A=0	C=0	
Position 16499:	T=0	G=0	-=0	A=0	C=50	
Position 16500:	T=48	G=0	-=0	A=0	C=0	
Position 16501:	T=0	G=0	-=0	A=0	C=49	
Position 16502:	T=0	G=0	-=0	A=0	C=49	
Position 16503:	T=0	G=0	-=0	A=47	C=0	
Position 16504:	T=46	G=0	-=0	A=0	C=0	
Position 16505:	T=0	G=0	-=0	A=0	C=46	
Position 16506:	T=46	G=0	-=0	A=0	C=0	
Position 16507:	T=0	G=0	-=0	A=0	C=46	
Position 16508:	T=45	G=0	-=0	A=0	C=0	
Position 16509:	T=45	G=0	-=0	A=0	C=0	
Position 16510:	T=0	G=0	-=0	A=47	C=0	
Position 16511:	T=1	G=0	-=0	A=0	C=47	
Position 16512:	T=0	G=0	-=0	A=0	C=49	
Position 16513:	T=1	G=0	-=0	A=0	C=47	
Position 16514:	T=0	G=0	-=0	A=0	C=48	
Position 16515:	T=48	G=0	-=0	A=0	C=0	
Position 16516:	T=48	G=0	-=0	A=0	C=0	
Position 16517:	T=1	G=0	-=0	A=0	C=46	
Position 16518:	T=49	G=0	-=0	A=0	C=0	
Position 16519:	T=0	G=47	-=0	A=2	C=0	
Position 16520:	T=2	G=0	-=0	A=0	C=44	
Position 16521:	T=45	G=0	-=0	A=0	C=0	
Position 16522:	T=0	G=0	-=0	A=45	C=0	
Position 16523:	T=1	G=0	-=0	A=0	C=42	
Position 16524:	T=42	G=0	-=0	A=0	C=0	
Position 16525:	T=0	G=0	-=0	A=41	C=0	
Position 16526:	T=42	G=0	-=0	A=0	C=0	
Position 16527:	T=0	G=0	-=0	A=0	C=41	
Position 16528:	T=0	G=0	-=0	A=0	C=41	
Position 16529:	T=2	G=0	-=0	A=0	C=40	
Position 16530:	T=43	G=0	-=0	A=0	C=0	
Position 16531:	T=43	G=0	-=0	A=0	C=0	
Position 16532:	T=0	G=0	-=0	A=44	C=0	
Position 16533:	T=0	G=0	-=0	A=44	C=0	
Position 16534:	T=45	G=0	-=0	A=0	C=0	
Position 16535:	T=1	G=0	-=0	A=0	C=47	
Position 16536:	T=1	G=0	-=0	A=0	C=44	
Position 16537:	T=3	G=0	-=0	A=0	C=40	
Position 16538:	T=0	G=0	-=0	A=41	C=0	
Position 16539:	T=0	G=0	-=0	A=41	C=0	
Position 16540:	T=0	G=0	-=0	A=41	C=0	
Position 16541:	T=0	G=0	-=0	A=39	C=0	
Position 16542:	T=41	G=0	-=0	A=0	C=0	
Position 16543:	T=0	G=0	-=0	A=45	C=0	
Position 16544:	T=0	G=0	-=0	A=44	C=0	
Position 16545:	T=44	G=0	-=0	A=0	C=0	
Position 16546:	T=44	G=0	-=0	A=0	C=0	
Position 16547:	T=1	G=0	-=0	A=0	C=41	
Position 16548:	T=42	G=0	-=0	A=0	C=0	
Position 16549:	T=0	G=0	-=0	A=42	C=0	
Position 16550:	T=0	G=42	-=0	A=0	C=0	
Position 16551:	T=0	G=43	-=0	A=0	C=0	
Position 16552:	T=0	G=0	-=0	A=43	C=0	
Position 16553:	T=0	G=0	-=0	A=0	C=42	
Position 16554:	T=0	G=0	-=0	A=0	C=42	
Position 16555:	T=42	G=0	-=0	A=0	C=0	
Position 16556:	T=0	G=0	-=0	A=42	C=0	
Position 16557:	T=40	G=0	-=0	A=0	C=0	
Position 16558:	T=38	G=0	-=0	A=0	C=0	
Position 16559:	T=39	G=0	-=0	A=0	C=0	
Position 16560:	T=0	G=0	-=0	A=40	C=0	
Position 16561:	T=1	G=0	-=0	A=0	C=39	
Position 16562:	T=40	G=0	-=0	A=0	C=0	
Position 16563:	T=0	G=36	-=0	A=4	C=0	
Position 16564:	T=40	G=0	-=0	A=0	C=0	
Position 16565:	T=0	G=0	-=0	A=39	C=0	
Position 16566:	T=0	G=0	-=0	A=37	C=0	
Position 16567:	T=0	G=0	-=0	A=38	C=0	
Position 16568:	T=38	G=0	-=0	A=0	C=0	
Position 16569:	T=0	G=0	-=0	A=37	C=0	
Position 16570:	T=35	G=0	-=0	A=0	C=0	
Position 16571:	T=0	G=0	-=0	A=36	C=0	
Position 16572:	T=0	G=31	-=0	A=4	C=0	
Position 16573:	T=31	G=0	-=0	A=0	C=0	
Position 16574:	T=31	G=0	-=0	A=0	C=0	
Position 16575:	T=31	G=0	-=0	A=0	C=0	
Position 16576:	T=0	G=0	-=0	A=31	C=0	
Position 16577:	T=0	G=0	-=0	A=33	C=0	
Position 16578:	T=1	G=0	-=0	A=0	C=33	
Position 16579:	T=0	G=0	-=0	A=33	C=0	
Position 16580:	T=0	G=0	-=0	A=31	C=0	
Position 16581:	T=0	G=0	-=0	A=31	C=0	
Position 16582:	T=0	G=0	-=0	A=31	C=0	
Position 16583:	T=0	G=0	-=0	A=30	C=0	
Position 16584:	T=1	G=0	-=0	A=0	C=26	
Position 16585:	T=0	G=0	-=0	A=24	C=0	
Position 16586:	T=23	G=0	-=0	A=0	C=0	
Position 16587:	T=22	G=0	-=0	A=0	C=0	
Position 16588:	T=0	G=0	-=0	A=20	C=0	
Position 16589:	T=0	G=17	-=0	A=1	C=0	
Position 16590:	T=0	G=0	-=0	A=18	C=0	
Position 16591:	T=17	G=0	-=0	A=0	C=0	
Position 16592:	T=17	G=0	-=0	A=0	C=0	
Position 16593:	T=0	G=17	-=0	A=0	C=0	
Position 16594:	T=17	G=0	-=0	A=0	C=0	
Position 16595:	T=0	G=17	-=0	A=0	C=0	
Position 16596:	T=0	G=0	-=0	A=16	C=0	
Position 16597:	T=0	G=0	-=0	A=16	C=0	
Position 16598:	T=16	G=0	-=0	A=0	C=0	
Position 16599:	T=0	G=0	-=0	A=0	C=16	
Position 16600:	T=16	G=0	-=0	A=0	C=0	
Position 16601:	T=0	G=0	-=0	A=16	C=0	
Position 16602:	T=0	G=0	-=0	A=16	C=0	
Position 16603:	T=15	G=0	-=0	A=0	C=0	
Position 16604:	T=0	G=0	-=0	A=13	C=0	
Position 16605:	T=0	G=0	-=0	A=12	C=1	
Position 16606:	T=10	G=0	-=0	A=0	C=0	
Position 16607:	T=0	G=0	-=0	A=8	C=0	
Position 16608:	T=0	G=0	-=0	A=7	C=0	
Position 16609:	T=0	G=0	-=0	A=7	C=0	
Position 16610:	T=0	G=0	-=0	A=7	C=0	
Position 16611:	T=0	G=5	-=0	A=2	C=0	
Position 16612:	T=0	G=0	-=0	A=0	C=4	
Position 16613:	T=0	G=0	-=0	A=0	C=3	
Position 16614:	T=0	G=0	-=0	A=0	C=46	
Position 16615:	T=0	G=0	-=0	A=44	C=0	
Position 16616:	T=0	G=0	-=0	A=44	C=0	
Position 16617:	T=0	G=41	-=0	A=2	C=0	
Position 16618:	T=41	G=0	-=0	A=0	C=0	
Position 16619:	T=0	G=0	-=0	A=0	C=41	
Position 16620:	T=35	G=0	-=0	A=0	C=0	
Position 16621:	T=34	G=0	-=0	A=0	C=0	
Position 16622:	T=32	G=0	-=0	A=0	C=0	
Position 16623:	T=32	G=0	-=0	A=0	C=0	
Position 16624:	T=30	G=0	-=0	A=0	C=0	
Position 16625:	T=0	G=0	-=0	A=29	C=0	
Position 16626:	T=26	G=0	-=0	A=0	C=0	
Position 16627:	T=24	G=0	-=0	A=0	C=0	
Position 16628:	T=23	G=0	-=0	A=0	C=0	
Position 16629:	T=0	G=0	-=0	A=23	C=0	
Position 16630:	T=0	G=0	-=0	A=0	C=20	
Position 16631:	T=0	G=0	-=0	A=0	C=19	
Position 16632:	T=0	G=16	-=0	A=1	C=0	
Position 16633:	T=0	G=0	-=0	A=16	C=0	
Position 16634:	T=0	G=0	-=0	A=15	C=0	
Position 16635:	T=0	G=0	-=0	A=14	C=0	
Position 16636:	T=0	G=0	-=0	A=12	C=0	
Position 16637:	T=0	G=0	-=0	A=10	C=0	
Position 16638:	T=0	G=7	-=0	A=2	C=0	
Position 16639:	T=7	G=0	-=0	A=0	C=0	
Position 16640:	T=0	G=0	-=0	A=5	C=0	
Position 16641:	T=0	G=0	-=0	A=0	C=4	
Position 16642:	T=0	G=1	-=0	A=2	C=0	
Position 16643:	T=0	G=0	-=0	A=2	C=0	
Position 16644:	T=0	G=0	-=0	A=1	C=0	
Position 16645:	T=0	G=0	-=0	A=1	C=0	
Position 16646:	T=0	G=0	-=0	A=1	C=0	
Position 16647:	T=0	G=0	-=0	A=1	C=0	
